   1.2780193008453877E-002   0.0000000000000000     
   3.8340579025361629E-002   0.0000000000000000     
   6.3900965042269386E-002   0.0000000000000000     
   8.9461351059177130E-002   0.0000000000000000     
  0.11502173707608489        0.0000000000000000     
  0.14058212309299264        0.0000000000000000     
  0.16614250910990039        0.0000000000000000     
  0.19170289512680816        0.0000000000000000     
  0.21726328114371590        0.0000000000000000     
  0.24282366716062365        0.0000000000000000     
  0.26838405317753145        0.0000000000000000     
  0.29394443919443919        0.0000000000000000     
  0.31950482521134693        0.0000000000000000     
  0.34506521122825468        0.0000000000000000     
  0.37062559724516247        0.0000000000000000     
  0.39618598326207022        0.0000000000000000     
  0.42174636927897796        0.0000000000000000     
  0.44730675529588571        0.0000000000000000     
  0.47286714131279345        0.0000000000000000     
  0.49842752732970125        0.0000000000000000     
  0.52398791334660899        0.0000000000000000     
  0.54954829936351668        0.0000000000000000     
  0.57510868538042448        0.0000000000000000     
  0.60066907139733228        0.0000000000000000     
  0.62622945741423997        0.0000000000000000     
  0.65178984343114776        0.0000000000000000     
  0.67735022944805545        0.0000000000000000     
  0.70291061546496325        0.0000000000000000     
  0.72847100148187105        0.0000000000000000     
  0.75403138749877874        0.0000000000000000     
  0.77959177351568654        0.0000000000000000     
  0.80515215953259422        0.0000000000000000     
  0.83071254554950202        3.1909421977599938E-006
  0.85627293156640982        3.4362161129609562E-004
  0.88183331758331751        5.7473955990958387E-003
  0.90739370360022531        4.4362635689956485E-002
  0.93295408961713300       0.17819182886104817     
  0.95851447563404080       0.45290595538010564     
  0.98407486165094860       0.83660806314199510     
   1.0096352476678563        1.2262546496367688     
   1.0351956336847641        1.5457668559128834     
   1.0607560197016719        1.7524450791138315     
   1.0863164057185795        1.8623821515736880     
   1.1118767917354873        1.8919123798641437     
   1.1374371777523951        1.8621008509323542     
   1.1629975637693029        1.7990668865636430     
   1.1885579497862107        1.7218991452077939     
   1.2141183358031182        1.6404570019840137     
   1.2396787218200260        1.5647660108597214     
   1.2652391078369338        1.4879263549762767     
   1.2907994938538416        1.4174484336669706     
   1.3163598798707494        1.3528388246671246     
   1.3419202658876570        1.2963736021595915     
   1.3674806519045648        1.2477530838239477     
   1.3930410379214726        1.2029661800011298     
   1.4186014239383804        1.1635901524014667     
   1.4441618099552882        1.1251509275533884     
   1.4697221959721958        1.0915566745900349     
   1.4952825819891036        1.0578221569967521     
   1.5208429680060114        1.0341838300012105     
   1.5464033540229192        1.0110149613674972     
   1.5719637400398270       0.98798743576940018     
   1.5975241260567346       0.97381403739078076     
   1.6230845120736423       0.95662474734808678     
   1.6486448980905501       0.94406684039227617     
   1.6742052841074579       0.93833162925716351     
   1.6997656701243657       0.92818714453584661     
   1.7253260561412733       0.91673311134321578     
   1.7508864421581811       0.91199934643621750     
   1.7764468281750889       0.90894619804707721     
   1.8020072141919967       0.90662396255102595     
   1.8275676002089045       0.90853086425931329     
   1.8531279862258121       0.90731833623302416     
   1.8786883722427199       0.90682735105447709     
   1.9042487582596277       0.90704277352463025     
   1.9298091442765355       0.91319461550939851     
   1.9553695302934433       0.92022945938344014     
   1.9809299163103509       0.92871528610126342     
   2.0064903023272587       0.94255595297352635     
   2.0320506883441665       0.95323989611398741     
   2.0576110743610743       0.96728487575179789     
   2.0831714603779821       0.98241925755001924     
   2.1087318463948899       0.99348979696989137     
   2.1342922324117977        1.0077118703503201     
   2.1598526184287050        1.0172625543621996     
   2.1854130044456128        1.0250215104614657     
   2.2109733904625206        1.0287705547380828     
   2.2365337764794284        1.0361471604247525     
   2.2620941624963362        1.0402775335183583     
   2.2876545485132440        1.0399089879027719     
   2.3132149345301518        1.0408217023605044     
   2.3387753205470596        1.0406411419285426     
   2.3643357065639674        1.0410015124536429     
   2.3898960925808752        1.0401374358369699     
   2.4154564785977826        1.0373667824292843     
   2.4410168646146904        1.0341763471722596     
   2.4665772506315982        1.0296442176814984     
   2.4921376366485060        1.0273855321179912     
   2.5176980226654138        1.0254822457811430     
   2.5432584086823216        1.0226354004220766     
   2.5688187946992294        1.0227169773033227     
   2.5943791807161372        1.0176535566276386     
   2.6199395667330450        1.0145778943573787     
   2.6454999527499528        1.0109404334325907     
   2.6710603387668601        1.0051357232365361     
   2.6966207247837679        1.0057616913927945     
   2.7221811108006757        1.0037681704364214     
   2.7477414968175835        1.0012406337965867     
   2.7733018828344913       0.99992099949145297     
   2.7988622688513991       0.99942480640178455     
   2.8244226548683069       0.99435765361632100     
   2.8499830408852147       0.99108346578855588     
   2.8755434269021225       0.99139992966714219     
   2.9011038129190303       0.98948959800875314     
   2.9266641989359377       0.99188403817539583     
   2.9522245849528455       0.99118959730780032     
   2.9777849709697533       0.98914065646459715     
   3.0033453569866611       0.99195177105994969     
   3.0289057430035689       0.99104504932233706     
   3.0544661290204767       0.99164530169944032     
   3.0800265150373844       0.99444912547534203     
   3.1055869010542922       0.99577540213450422     
   3.1311472870712000       0.99630286806887314     
   3.1567076730881078       0.99311358132231942     
   3.1822680591050152       0.99703917203116443     
   3.2078284451219230       0.99738943383080825     
   3.2333888311388308        1.0011297996648461     
   3.2589492171557386       0.99902349935188250     
   3.2845096031726464       0.99990216218138295     
   3.3100699891895542        1.0031849172535841     
   3.3356303752064620        1.0045482766802585     
   3.3611907612233698        1.0048861784601426     
   3.3867511472402776        1.0038672846795602     
   3.4123115332571849        1.0047956093862378     
   3.4378719192740927        1.0077294982052065     
   3.4634323052910005        1.0051554466948163     
   3.4889926913079083        1.0053731972408149     
   3.5145530773248161        1.0053366243465953     
   3.5401134633417239        1.0050602221477771     
   3.5656738493586317        1.0047357440413960     
   3.5912342353755395        1.0025432787083384     
   3.6167946213924473        1.0017200811872593     
   3.6423550074093551        1.0050479290677146     
   3.6679153934262625        1.0043712376846323     
   3.6934757794431703        1.0036579803707086     
   3.7190361654600781        1.0036088349131382     
   3.7445965514769859        1.0037868846075941     
   3.7701569374938937        1.0042606297874388     
   3.7957173235108015        1.0037063021423340     
   3.8212777095277093        1.0023380694772810     
   3.8468380955446171        1.0017694291047854     
   3.8723984815615249        1.0025136857673174     
   3.8979588675784327        1.0036874854994593     
   3.9235192535953400        1.0035305852682115     
   3.9490796396122478        1.0010760691240201     
   3.9746400256291556        1.0011747361753656     
   4.0002004116460634        1.0008407534270276     
   4.0257607976629712        1.0026410922711404     
   4.0513211836798790        1.0036263637005112     
   4.0768815696967868        1.0074107107674695     
   4.1024419557136946        1.0052802949539477     
   4.1280023417306024        1.0033939474827842     
   4.1535627277475102        1.0022838789545694     
   4.1791231137644180        1.0021990740546731     
   4.2046834997813258        1.0047296905642666     
   4.2302438857982336        1.0031284972535408     
   4.2558042718151414        1.0013783662181228     
   4.2813646578320492        1.0018235450604391     
   4.3069250438489561        1.0025502459318381     
   4.3324854298658639        1.0036415900323257     
   4.3580458158827717        1.0030182654116575     
   4.3836062018996795        1.0016415004264922     
   4.4091665879165873        1.0031730326856967     
   4.4347269739334951        1.0014454372819728     
   4.4602873599504029       0.99899001104188634     
   4.4858477459673107       0.99649992985370217     
   4.5114081319842185        1.0007022527482281     
   4.5369685180011263        1.0003561094272111     
   4.5625289040180341       0.99882631342521300     
   4.5880892900349419       0.99946682629820360     
   4.6136496760518497        1.0024173876225511     
   4.6392100620687575        1.0001747241789840     
   4.6647704480856653        1.0008160717705190     
   4.6903308341025731        1.0009903944518370     
   4.7158912201194809        1.0017873095453271     
   4.7414516061363887        1.0005674892083252     
   4.7670119921532965       0.99974943761156099     
   4.7925723781702043       0.99790084329761886     
   4.8181327641871112       0.99870053889246735     
   4.8436931502040190       0.99848866828539995     
   4.8692535362209268       0.99907055996058614     
   4.8948139222378346       0.99735781069839813     
   4.9203743082547424       0.99711581239476443     
   4.9459346942716502       0.99891344749497502     
   4.9714950802885580        1.0000501029344413     
   4.9970554663054658       0.99805812644354897     
   5.0226158523223736       0.99902606987288978     
   5.0481762383392814       0.99551673069993607     
   5.0737366243561892       0.99705510140260134     
   5.0992970103730970       0.99869916969119454     
   5.1248573963900048       0.99998856659330093     
   5.1504177824069126        1.0009625406705633     
   5.1759781684238204        1.0011310506300359     
   5.2015385544407282        1.0018442063204849     
   5.2270989404576360       0.99883828396579633     
   5.2526593264745438       0.99877243883301237     
   5.2782197124914516       0.99854451655216980     
   5.3037800985083585       0.99981565056401844     
   5.3293404845252663       0.99897610695081984     
   5.3549008705421741        1.0005538155892197     
   5.3804612565590819        1.0012691532721381     
   5.4060216425759897        1.0006474506415786     
   5.4315820285928975        1.0028924104019243     
   5.4571424146098053        1.0024282515276282     
   5.4827028006267131        1.0027603543113439     
   5.5082631866436209        1.0032409631979933     
   5.5338235726605287        1.0016056570868519     
   5.5593839586774365        1.0027251239087815     
   5.5849443446943443        1.0028490218349244     
   5.6105047307112521        1.0020131634889575     
   5.6360651167281599        1.0023376416274019     
   5.6616255027450677        1.0000695926850511     
   5.6871858887619755        1.0018587594059658     
   5.7127462747788833        1.0012422783246064     
   5.7383066607957911        1.0034218712798655     
   5.7638670468126989        1.0071609418956036     
   5.7894274328296067        1.0072659160267903     
   5.8149878188465136        1.0036930901988821     
   5.8405482048634214        1.0017826873690467     
   5.8661085908803292        1.0021614190743857     
   5.8916689768972370        1.0009693575109047     
   5.9172293629141448       0.99940502606590353     
   5.9427897489310526       0.99907720849977544     
   5.9683501349479604        1.0000726134074833     
   5.9939105209648682        1.0023539694627479     
   6.0194709069817760       0.99939147751492019     
   6.0450312929986838       0.99916090854794304     
   6.0705916790155916       0.99906065785731757     
   6.0961520650324994       0.99892994048590844     
   6.1217124510494072       0.99829412734541900     
   6.1472728370663150       0.99957169882482766     
   6.1728332230832228       0.99803756466643745     
   6.1983936091001306       0.99855470046955497     
   6.2239539951170384       0.99895472637006699     
   6.2495143811339462       0.99689053931629845     
   6.2750747671508540       0.99720791007457454     
   6.3006351531677618       0.99846762600203343     
   6.3261955391846687       0.99910540399360059     
   6.3517559252015765       0.99974848212421186     
   6.3773163112184843       0.99815808533403039     
   6.4028766972353921       0.99769692948027588     
   6.4284370832522999       0.99958199210379928     
   6.4539974692692077       0.99746736338340525     
   6.4795578552861155       0.99746357621540604     
   6.5051182413030233        1.0010338934869898     
   6.5306786273199311        1.0015836151369248     
   6.5562390133368389        1.0031131420081438     
   6.5817993993537467        1.0055462177095051     
   6.6073597853706545        1.0038182617178737     
   6.6329201713875623        1.0017339597229962     
   6.6584805574044701        1.0019193165645663     
   6.6840409434213779        1.0015508200817338     
   6.7096013294382857        1.0004692661015078     
   6.7351617154551935        1.0005018521750819     
   6.7607221014721013        1.0014167678580528     
   6.7862824874890091       0.99945150130906724     
   6.8118428735059160       0.99990625344353212     
   6.8374032595228238       0.99982376391452155     
   6.8629636455397316       0.99904356569097719     
   6.8885240315566394       0.99771657386479295     
   6.9140844175735472       0.99824424168352222     
   6.9396448035904550       0.99961562014059224     
   6.9652051896073628       0.99877000169652619     
   6.9907655756242706       0.99937865383786306     
   7.0163259616411784       0.99786644552196002     
   7.0418863476580862       0.99923132983100449     
   7.0674467336749940       0.99973231732776324     
   7.0930071196919018        1.0016718562410383     
   7.1185675057088096        1.0011331083305008     
   7.1441278917257174        1.0004679805369974     
   7.1696882777426252        1.0014594907902419     
   7.1952486637595330        1.0006310423097395     
   7.2208090497764408        1.0011931584345304     
   7.2463694357933486        1.0013822121103602     
   7.2719298218102564        1.0023572975434358     
   7.2974902078271642        1.0036844354567356     
   7.3230505938440711        1.0019559336291697     
   7.3486109798609789        1.0003610171861976     
   7.3741713658778867        1.0019264292777668     
   7.3997317518947945        1.0021068825161981     
   7.4252921379117023        1.0019112537960406     
   7.4508525239286101        1.0047961170515018     
   7.4764129099455179        1.0044561305831399     
   7.5019732959624257        1.0054555037210067     
   7.5275336819793335        1.0065660572897444     
   7.5530940679962413        1.0033064393285360     
   7.5786544540131491        1.0037032272633932     
   7.6042148400300569        1.0032129740639935     
   7.6297752260469647        1.0019734884705818     
   7.6553356120638725        1.0019632015160687     
   7.6808959980807803        1.0022373538492564     
   7.7064563840976881        1.0029300135281258     
   7.7320167701145959        1.0040719985736464     
   7.7575771561315037        1.0041140467433867     
   7.7831375421484115        1.0013940818409197     
   7.8086979281653193        1.0018740397700663     
   7.8342583141822262        1.0015638535188311     
   7.8598187001991340        1.0033665578594806     
   7.8853790862160418        1.0001437362608667     
   7.9109394722329496        1.0019196104784545     
   7.9364998582498574        1.0015715239747645     
   7.9620602442667652        1.0006996534940353     
   7.9876206302836730        1.0028170981595890     
   8.0131810163005799        1.0011714228628252     
   8.0387414023174877        1.0005152335456422     
   8.0643017883343955        1.0010061023088348     
   8.0898621743513033        1.0002887214254006     
   8.1154225603682111        1.0005410566776993     
   8.1409829463851189        1.0010809458430989     
   8.1665433324020267        1.0023445308259202     
   8.1921037184189345        1.0002360268354025     
   8.2176641044358423       0.99981121933438466     
   8.2432244904527501        1.0003248086499046     
   8.2687848764696579       0.99999019024764335     
   8.2943452624865657        1.0003581664801215     
   8.3199056485034735        1.0001822548204606     
   8.3454660345203813       0.99865654780211532     
   8.3710264205372891       0.99945049766306637     
   8.3965868065541969       0.99971114125311600     
   8.4221471925711047        1.0010381031627757     
   8.4477075785880125        1.0007573640683682     
   8.4732679646049203        1.0016958821588278     
   8.4988283506218281        1.0012021399527791     
   8.5243887366387359        1.0010341366356466     
   8.5499491226556437        1.0018372271782450     
   8.5755095086725497        1.0003209321043218     
   8.6010698946894575        1.0009145740628742     
   8.6266302807063653        1.0018258014747161     
   8.6521906667232731        1.0015273117442685     
   8.6777510527401809        1.0008554684831508     
   8.7033114387570887        1.0015907191558018     
   8.7288718247739965        1.0019126111947549     
   8.7544322107909043        1.0011213837746842     
   8.7799925968078121       0.99989458039766543     
   8.8055529828247199        1.0021756036631484     
   8.8311133688416277        1.0011920789175450     
   8.8566737548585355        1.0015290327994189     
   8.8822341408754433        1.0003560631911188     
   8.9077945268923511        1.0016237082653718     
   8.9333549129092589       0.99912043090090885     
   8.9589152989261667        1.0012427132074073     
   8.9844756849430745        1.0015824009227317     
   9.0100360709599823        1.0022864407607097     
   9.0355964569768901        1.0022774266618992     
   9.0611568429937979        1.0025384783367839     
   9.0867172290107057        1.0012192854926427     
   9.1122776150276135        1.0034483204456970     
   9.1378380010445213        1.0055430492982855     
   9.1633983870614291        1.0029409700551162     
   9.1889587730783369        1.0020968906294496     
   9.2145191590952447        1.0029832361186048     
   9.2400795451121525        1.0032785905273891     
   9.2656399311290603        1.0037465408386050     
   9.2912003171459681        1.0048681005821738     
   9.3167607031628759        1.0061826666782829     
   9.3423210891797837        1.0034130324830957     
   9.3678814751966915        1.0024103308135461     
   9.3934418612135993        1.0008955455893096     
   9.4190022472305071        1.0002889832897701     
   9.4445626332474149       0.99999696133870630     
   9.4701230192643227        1.0007704430609727     
   9.4956834052812304        1.0007667839240537     
   9.5212437912981382       0.99895824901414454     
   9.5468041773150460        1.0003369274949525     
   9.5723645633319538        1.0004421761810003     
   9.5979249493488599       0.99944794373517032     
   9.6234853353657677        1.0009988852602860     
   9.6490457213826755       0.99980652863981845     
   9.6746061073995833        1.0001120798562855     
   9.7001664934164911       0.99948608606050016     
   9.7257268794333989        1.0011029334706232     
   9.7512872654503067        1.0003414340854335     
   9.7768476514672145        1.0011350271419572     
   9.8024080374841223        1.0007560017465906     
   9.8279684235010301        1.0021299410978981     
   9.8535288095179379        1.0020273876270291     
   9.8790891955348457        1.0014050926477653     
   9.9046495815517535        1.0012168896439009     
   9.9302099675686613       0.99975849419923712     
   9.9557703535855691       0.99954619719303195     
   9.9813307396024769       0.99940562948083977     
   10.006891125619385        1.0004988569236106     
   10.032451511636292        1.0006865867829993     
   10.058011897653200       0.99938748626547691     
   10.083572283670108       0.99994747754831814     
   10.109132669687016        1.0001705764309428     
   10.134693055703924        1.0002554963895265     
   10.160253441720831        1.0020003225992939     
   10.185813827737739        1.0019612951172809     
   10.211374213754647       0.99959369423136446     
   10.236934599771555        1.0004314282538964     
   10.262494985788463        1.0006636774576525     
   10.288055371805370        1.0014474398528739     
   10.313615757822278        1.0010861700698368     
   10.339176143839186        1.0011761202964835     
   10.364736529856094       0.99971707560778311     
   10.390296915873002        1.0002931454924664     
   10.415857301889909        1.0003121037618690     
   10.441417687906817       0.99911011160291840     
   10.466978073923725       0.99862714023580401     
   10.492538459940633       0.99856134444266698     
   10.518098845957541       0.99744797542399388     
   10.543659231974448       0.99797616500480113     
   10.569219617991356       0.99803481106382097     
   10.594780004008262       0.99850024060639486     
   10.620340390025170       0.99801747480773328     
   10.645900776042078       0.99935666870411921     
   10.671461162058986        1.0004164593292686     
   10.697021548075893       0.99895375296677336     
   10.722581934092801       0.99916077109163060     
   10.748142320109709       0.99902621609058839     
   10.773702706126617       0.99979600238846300     
   10.799263092143525       0.99936431411793591     
   10.824823478160432        1.0009656785053977     
   10.850383864177340        1.0012764312261424     
   10.875944250194248        1.0026403278211427     
   10.901504636211156        1.0006906770533472     
   10.927065022228064        1.0007109721089924     
   10.952625408244971        1.0018328480249321     
   10.978185794261879        1.0001077967920995     
   11.003746180278787       0.99907201292242598     
   11.029306566295695        1.0002550187453079     
   11.054866952312603        1.0005309745145203     
   11.080427338329510        1.0018025229318015     
   11.105987724346418        1.0032620250148736     
   11.131548110363326        1.0025247427019801     
   11.157108496380234        1.0028863405380344     
   11.182668882397142        1.0001640357659076     
   11.208229268414049        1.0002890830886320     
   11.233789654430957       0.99970567316692593     
   11.259350040447865        1.0002639082311640     
   11.284910426464773        1.0003984498653715     
   11.310470812481681        1.0010144680645676     
   11.336031198498588        1.0006671159611962     
   11.361591584515496        1.0001972066330456     
   11.387151970532404        1.0003171884670949     
   11.412712356549312        1.0002296861524731     
   11.438272742566220        1.0001017878943428     
   11.463833128583127        1.0008972897067900     
   11.489393514600035        1.0016177309045784     
   11.514953900616943        1.0016010924053029     
   11.540514286633851        1.0028560986396740     
   11.566074672650759        1.0020298411707629     
   11.591635058667665        1.0006684614766159     
   11.617195444684572       0.99991956209301192     
   11.642755830701480       0.99995191387775895     
   11.668316216718388        1.0019366974534714     
   11.693876602735296        1.0027148061081985     
   11.719436988752204        1.0006452497535943     
   11.744997374769111       0.99862397172507855     
   11.770557760786019       0.99858221693036642     
   11.796118146802927       0.99954871116558242     
   11.821678532819835       0.99975918823941967     
   11.847238918836743       0.99916909391065345     
   11.872799304853650        1.0000506102980304     
   11.898359690870558       0.99962683931021412     
   11.923920076887466       0.99955612818055573     
   11.949480462904374       0.99941650853400366     
   11.975040848921282        1.0002623009452238     
   12.000601234938189        1.0008180022471038     
   12.026161620955097        1.0000578837812677     
   12.051722006972005        1.0000994018854339     
   12.077282392988913        1.0006791355517817     
   12.102842779005821        1.0000086677553979     
   12.128403165022728       0.99971585238544247     
   12.153963551039636        1.0002724519312571     
   12.179523937056544        1.0009718813835191     
   12.205084323073452        1.0017778423002723     
   12.230644709090360        1.0035156273228707     
   12.256205095107267        1.0038293224683918     
   12.281765481124175        1.0021899742739848     
   12.307325867141083        1.0011738538779442     
   12.332886253157991        1.0002109503160090     
   12.358446639174899        1.0019927752706490     
   12.384007025191806        1.0001412939778014     
   12.409567411208714       0.99984223702428876     
   12.435127797225622       0.99873437586210945     
   12.460688183242530       0.99827711920167106     
   12.486248569259438       0.99738143685951508     
   12.511808955276345       0.99984273907432353     
   12.537369341293253       0.99871050574988784     
   12.562929727310161       0.99772867944688293     
   12.588490113327069       0.99731137703599371     
   12.614050499343975       0.99800826340860493     
   12.639610885360883       0.99813105901172583     
   12.665171271377790        1.0001543845204310     
   12.690731657394698        1.0001712682744306     
   12.716292043411606       0.99991709459051359     
   12.741852429428514        1.0002637065714326     
   12.767412815445422        1.0004050489944742     
   12.792973201462329        1.0016527105879378     
   12.818533587479237        1.0009987106003100     
   12.844093973496145        1.0011670523604681     
   12.869654359513053        1.0013454358461789     
   12.895214745529961        1.0027170115663349     
   12.920775131546868        1.0034514898388298     
   12.946335517563776        1.0000031068713935     
   12.971895903580684        1.0006934473438180     
   12.997456289597592        1.0011285897035287     
   13.023016675614500        1.0016788581515639     
   13.048577061631407       0.99980669895889429     
   13.074137447648315       0.99972137956613116     
   13.099697833665223       0.99965460484598012     
   13.125258219682131        1.0001561990888577     
   13.150818605699039        1.0022935658985193     
   13.176378991715946        1.0027526880969553     
   13.201939377732854        1.0012065964812626     
   13.227499763749762        1.0008430128590591     
   13.253060149766670        1.0028413596347463     
   13.278620535783578        1.0030806956109910     
   13.304180921800485        1.0033914369064012     
   13.329741307817393        1.0021293939089442     
   13.355301693834301        1.0012492930487251     
   13.380862079851209        1.0011968508178832     
   13.406422465868117        1.0004812484813661     
   13.431982851885024        1.0002745636018118     
   13.457543237901932        1.0005317444121615     
   13.483103623918840        1.0015265700719542     
   13.508664009935748        1.0004189902965843     
   13.534224395952656        1.0012870780279888     
   13.559784781969563        1.0002689664737197     
   13.585345167986471       0.99855850226815168     
   13.610905554003377       0.99915585075152247     
   13.636465940020285       0.99964774022460634     
   13.662026326037193        1.0001434158232225     
   13.687586712054101        1.0002181571249837     
   13.713147098071008       0.99977824765093648     
   13.738707484087916       0.99949297701733553     
   13.764267870104824       0.99965478671891117     
   13.789828256121732       0.99966067841952966     
   13.815388642138640        1.0004829542750970     
   13.840949028155547        1.0011939868660369     
   13.866509414172455        1.0005868182554210     
   13.892069800189363        1.0014858539600442     
   13.917630186206271        1.0020680898036933     
   13.943190572223179        1.0017021979774416     
   13.968750958240086        1.0000738218784895     
   13.994311344256994        1.0004565589496708     
   14.019871730273902        1.0006153634946793     
   14.045432116290810        1.0004027410057466     
   14.070992502307718       0.99983898889666500     
   14.096552888324625       0.99928555510414319     
   14.122113274341533       0.99964523254056781     
   14.147673660358441        1.0000167257649362     
   14.173234046375349        1.0001747921882786     
   14.198794432392257        1.0002120619365105     
   14.224354818409164        1.0016393934930987     
   14.249915204426072        1.0021724335097526     
   14.275475590442980        1.0008559891696371     
   14.301035976459888       0.99907864110768640     
   14.326596362476796       0.99997271225569684     
   14.352156748493703       0.99956538544233975     
   14.377717134510611       0.99924929292455900     
   14.403277520527519        1.0002711770156210     
   14.428837906544427        1.0006877826685350     
   14.454398292561335        1.0009604228409923     
   14.479958678578242        1.0010938873303064     
   14.505519064595150        1.0010443230182382     
   14.531079450612058        1.0006746040138179     
   14.556639836628966        1.0006288635856539     
   14.582200222645874        1.0001030201409180     
   14.607760608662781        1.0011833238281254     
   14.633320994679687        1.0013849222597444     
   14.658881380696595        1.0022400581655373     
   14.684441766713503        1.0025116822343529     
   14.710002152730411        1.0059056044482295     
   14.735562538747319        1.0054106192846695     
   14.761122924764226        1.0034769625728521     
   14.786683310781134        1.0022991452825869     
   14.812243696798042        1.0014723906921110     
   14.837804082814950       0.99998641211571215     
   14.863364468831858        1.0005040399896421     
   14.888924854848765        1.0004284569963975     
   14.914485240865673        1.0019731446206257     
   14.940045626882581        1.0016774274242040     
   14.965606012899489        1.0017316530263862     
   14.991166398916397        1.0022850367253280     
   15.016726784933304        1.0015295809545397     
   15.042287170950212        1.0024779229420824     
   15.067847556967120        1.0018010528626355     
   15.093407942984028        1.0015100368345224     
   15.118968329000936        1.0013518503235541     
   15.144528715017843        1.0000519481798227     
   15.170089101034751       0.99922768860609723     
   15.195649487051659       0.99976266104468769     
   15.221209873068567       0.99898310297249127     
   15.246770259085475       0.99823449734360903     
   15.272330645102382       0.99812659929836511     
   15.297891031119290       0.99811782907325064     
   15.323451417136198       0.99834504218100562     
   15.349011803153106       0.99765550417754123     
   15.374572189170014       0.99790117846596604     
   15.400132575186921       0.99830972860069866     
   15.425692961203829       0.99889099902414069     
   15.451253347220737       0.99881088491555148     
   15.476813733237645       0.99891463976548756     
   15.502374119254553        1.0002861165920176     
   15.527934505271460        1.0004352413907045     
   15.553494891288368        1.0020057593692926     
   15.579055277305276        1.0012167765773383     
   15.604615663322184        1.0028989290125163     
   15.630176049339090        1.0002304583381627     
   15.655736435355998        1.0005433697646899     
   15.681296821372905        1.0009482327297832     
   15.706857207389813        1.0018540203546249     
   15.732417593406721       0.99979076600576910     
   15.757977979423629        1.0003025383180730     
   15.783538365440537       0.99998166454227488     
   15.809098751457444        1.0000063959395422     
   15.834659137474352        1.0007453523954974     
   15.860219523491260        1.0011371330095249     
   15.885779909508168       0.99988254631401241     
   15.911340295525076       0.99966021707848374     
   15.936900681541983        1.0005490079506039     
   15.962461067558891        1.0000398668653914     
   15.988021453575799        1.0007673707939890     
   16.013581839592707        1.0015528058294170     
   16.039142225609616        1.0004133410105731     
   16.064702611626522        1.0008280538435124     
   16.090262997643432        1.0003281147451231     
   16.115823383660338       0.99991101538525617     
   16.141383769677244        1.0006861683853414     
   16.166944155694154        1.0005952853157021     
   16.192504541711060        1.0017327863631476     
   16.218064927727969        1.0016387423578514     
   16.243625313744875        1.0013220802710889     
   16.269185699761785        1.0009609554281726     
   16.294746085778691        1.0014084846315903     
   16.320306471795600        1.0025591930476265     
   16.345866857812506        1.0027503298373013     
   16.371427243829416        1.0012857895998171     
   16.396987629846322        1.0011147396197879     
   16.422548015863232        1.0022881178171332     
   16.448108401880138        1.0009876086460445     
   16.473668787897047        1.0013201743075144     
   16.499229173913953        1.0012426708079727     
   16.524789559930863        1.0012383940133782     
   16.550349945947769        1.0009975694979207     
   16.575910331964678        1.0009074890409517     
   16.601470717981584       0.99959381593221108     
   16.627031103998494       0.99967802997851340     
   16.652591490015400       0.99981562908441424     
   16.678151876032310       0.99982979010725548     
   16.703712262049216        1.0008747749935172     
   16.729272648066125        1.0008360950940121     
   16.754833034083031        1.0011614125844099     
   16.780393420099941        1.0011503741429406     
   16.805953806116847        1.0023444049403869     
   16.831514192133756        1.0050940945019271     
   16.857074578150662        1.0036293529169900     
   16.882634964167572        1.0014014208704323     
   16.908195350184478        1.0012181225909769     
   16.933755736201388        1.0002126203121622     
   16.959316122218294        1.0004669641620092     
   16.984876508235203        1.0012311892845378     
   17.010436894252109       0.99992305689336092     
   17.035997280269019       0.99992026596127870     
   17.061557666285925        1.0004747748731462     
   17.087118052302834        1.0008937460601490     
   17.112678438319740        1.0013666100909127     
   17.138238824336646        1.0016408605564737     
   17.163799210353556        1.0021507399207947     
   17.189359596370462        1.0018476546179358     
   17.214919982387372        1.0031670341552488     
   17.240480368404278        1.0012700104113537     
   17.266040754421187        1.0016292686180295     
   17.291601140438093        1.0021235927159309     
   17.317161526455003        1.0015565937570678     
   17.342721912471909        1.0008232890059710     
   17.368282298488818        1.0001496805444694     
   17.393842684505724        1.0001499667219036     
   17.419403070522634       0.99953912693014257     
   17.444963456539540       0.99888525200470002     
   17.470523842556450       0.99951053095048159     
   17.496084228573356       0.99936115258040537     
   17.521644614590265       0.99969828758500767     
   17.547205000607171       0.99842756976342828     
   17.572765386624081       0.99801312191717484     
   17.598325772640987       0.99910342121505402     
   17.623886158657896       0.99928450620970899     
   17.649446544674802        1.0003744621207324     
   17.675006930691712        1.0010088001406958     
   17.700567316708618       0.99984798510270889     
   17.726127702725528       0.99893501479595381     
   17.751688088742434       0.99984777216749232     
   17.777248474759343       0.99865247937475798     
   17.802808860776249       0.99989059121565027     
   17.828369246793159       0.99921325243331505     
   17.853929632810065        1.0003027044877921     
   17.879490018826974        1.0003828227942557     
   17.905050404843880       0.99990147322434519     
   17.930610790860790        1.0007738823484746     
   17.956171176877696        1.0010096165006290     
   17.981731562894606        1.0018736952416705     
   18.007291948911512        1.0009660691971058     
   18.032852334928421        1.0001912545383917     
   18.058412720945327        1.0003834698569716     
   18.083973106962237        1.0010947692707068     
   18.109533492979143       0.99947394111023291     
   18.135093878996049        1.0010584510108356     
   18.160654265012958        1.0010448933610605     
   18.186214651029864        1.0018393011011246     
   18.211775037046774        1.0017705403271928     
   18.237335423063680        1.0014861308829435     
   18.262895809080590        1.0028590497468728     
   18.288456195097496        1.0017058595098700     
   18.314016581114405        1.0009649211452192     
   18.339576967131311        1.0021203559530301     
   18.365137353148221        1.0018544705100059     
   18.390697739165127        1.0015638121357526     
   18.416258125182036        1.0007100207870503     
   18.441818511198942        1.0011089567891169     
   18.467378897215852        1.0008422112697224     
   18.492939283232758        1.0007572400293296     
   18.518499669249668        1.0007575290810726     
   18.544060055266574       0.99999306878382066     
   18.569620441283483        1.0012901224864055     
   18.595180827300389        1.0011813393430411     
   18.620741213317299        1.0015604207428728     
   18.646301599334205        1.0003235267866897     
   18.671861985351114        1.0013262560154947     
   18.697422371368020        1.0016508457515632     
   18.722982757384930        1.0001602317769669     
   18.748543143401836        1.0007629227727581     
   18.774103529418745        1.0009467499247569     
   18.799663915435652        1.0013573694728801     
   18.825224301452561        1.0003976499825635     
   18.850784687469467        1.0004147331827262     
   18.876345073486377       0.99947166810922849     
   18.901905459503283       0.99989846907902880     
   18.927465845520192       0.99992582050231771     
   18.953026231537098        1.0001975720919782     
   18.978586617554008       0.99979761282841950     
   19.004147003570914        1.0000547180653301     
   19.029707389587823        1.0007400239710125     
   19.055267775604730        1.0025106267507962     
   19.080828161621639        1.0017062812283903     
   19.106388547638545        1.0008653802848027     
   19.131948933655455        1.0001518380293057     
   19.157509319672361        1.0009275003224261     
   19.183069705689267        1.0003938934573842     
   19.208630091706176       0.99907470316544589     
   19.234190477723082       0.99924245731149131     
   19.259750863739992       0.99997873638219692     
   19.285311249756898       0.99843456396908536     
   19.310871635773807       0.99934305763121489     
   19.336432021790714       0.99866690189501373     
   19.361992407807623       0.99969015476233714     
   19.387552793824529        1.0009155230089135     
   19.413113179841439        1.0018940689182689     
   19.438673565858345        1.0007906107343143     
   19.464233951875254        1.0000862156745878     
   19.489794337892160        1.0004613906270694     
   19.515354723909070        1.0000935476885728     
   19.540915109925976       0.99977400945609973     
   19.566475495942885       0.99964673134059823     
   19.592035881959792        1.0004767453537147     
   19.617596267976701        1.0006692559661527     
   19.643156653993607        1.0010617945972027     
   19.668717040010517        1.0006146384141561     
   19.694277426027423        1.0004305652312653     
   19.719837812044332        1.0015133472731552     
   19.745398198061238        1.0019492100454290     
   19.770958584078148        1.0008325848137789     
   19.796518970095054       0.99984738714452637     
   19.822079356111963        1.0006330080792498     
   19.847639742128869        1.0014665551706137     
   19.873200128145779        1.0003693669893834     
   19.898760514162685        1.0004414026970874     
   19.924320900179595       0.99968520510250158     
   19.949881286196501        1.0002697509246146     
   19.975441672213410        1.0004880064779691     
   20.001002058230316        1.0002804117435540     
   20.026562444247226        1.0006695053414092     
   20.052122830264132        1.0000797733574460     
   20.077683216281041        1.0015590540986328     
   20.103243602297947        1.0014000723544014     
   20.128803988314857        1.0013730523617101     
   20.154364374331763        1.0020337013973644     
   20.179924760348669        1.0010436326755068     
   20.205485146365579        1.0015139823071064     
   20.231045532382485       0.99978272371948684     
   20.256605918399394        1.0010053922285798     
   20.282166304416300        1.0007154643110787     
   20.307726690433210        1.0010748669017044     
   20.333287076450116        1.0015170604461643     
   20.358847462467025        1.0015927977937455     
   20.384407848483932        1.0023979906487035     
   20.409968234500841        1.0038661295224436     
   20.435528620517747        1.0022120334642255     
   20.461089006534657        1.0009496868269028     
   20.486649392551563        1.0014526446830196     
   20.512209778568472        1.0004054199919230     
   20.537770164585378       0.99967817858947383     
   20.563330550602288        1.0000595399818317     
   20.588890936619194        1.0013257330969432     
   20.614451322636103        1.0009192093182115     
   20.640011708653009        1.0007731169980518     
   20.665572094669919        1.0010422085546757     
   20.691132480686825        1.0003102187266937     
   20.716692866703735        1.0001752708858005     
   20.742253252720641        1.0006300460538382     
   20.767813638737550        1.0007520990620102     
   20.793374024754456        1.0018724090175288     
   20.818934410771366        1.0030351681758658     
   20.844494796788272        1.0004986792454948     
   20.870055182805181       0.99995614739191097     
   20.895615568822087       0.99996727833881782     
   20.921175954838997       0.99911427416046217     
   20.946736340855903        1.0001316980517929     
   20.972296726872813       0.99914596395487987     
   20.997857112889719       0.99997126078478560     
   21.023417498906628       0.99885736763138733     
   21.048977884923534        1.0006697085857479     
   21.074538270940444        1.0003235448045462     
   21.100098656957350        1.0006366341904704     
   21.125659042974259       0.99934325410733738     
   21.151219428991165       0.99904381167153955     
   21.176779815008071        1.0000889467089027     
   21.202340201024981       0.99975857191553863     
   21.227900587041887        1.0006256344727829     
   21.253460973058797        1.0006095814138722     
   21.279021359075703        1.0001782461499440     
   21.304581745092612        1.0006737689538314     
   21.330142131109518       0.99957753706113639     
   21.355702517126428        1.0005607724593957     
   21.381262903143334        1.0007585029186961     
   21.406823289160243        1.0008833220354172     
   21.432383675177149        1.0000796255563786     
   21.457944061194059       0.99972095523221483     
   21.483504447210965        1.0004080912715434     
   21.509064833227875        1.0003353046005687     
   21.534625219244781       0.99880933490425383     
   21.560185605261690       0.99938101320270400     
   21.585745991278596       0.99968498179178833     
   21.611306377295506       0.99996468140813621     
   21.636866763312412       0.99994626330675451     
   21.662427149329321        1.0005350713171937     
   21.687987535346227        1.0017344585030932     
   21.713547921363137        1.0003966738524332     
   21.739108307380043        1.0002512660331444     
   21.764668693396953        1.0014023068795828     
   21.790229079413859        1.0012586151901017     
   21.815789465430768        1.0020441758253895     
   21.841349851447674        1.0010278255206200     
   21.866910237464584        1.0013767528339865     
   21.892470623481490        1.0013141596306561     
   21.918031009498399        1.0021067546838156     
   21.943591395515305        1.0017297429432659     
   21.969151781532215        1.0033375893255378     
   21.994712167549121        1.0034878917170083     
   22.020272553566031        1.0023283736155890     
   22.045832939582937        1.0019019925418995     
   22.071393325599846        1.0012984919841144     
   22.096953711616752        1.0014077517921662     
   22.122514097633662        1.0013564377803115     
   22.148074483650568        1.0014888364646475     
   22.173634869667474        1.0005059301018635     
   22.199195255684383        1.0009097005238767     
   22.224755641701289        1.0013115880408838     
   22.250316027718199        1.0011297516348441     
   22.275876413735105        1.0014370519586462     
   22.301436799752015        1.0004732688640545     
   22.326997185768921       0.99985955450101893     
   22.352557571785830       0.99851851753656096     
   22.378117957802736       0.99846789150025783     
   22.403678343819646       0.99781041026047634     
   22.429238729836552       0.99872177108775706     
   22.454799115853461       0.99851573472334865     
   22.480359501870367       0.99935005304693980     
   22.505919887887277       0.99934152438173174     
   22.531480273904183       0.99946219121244828     
   22.557040659921093       0.99933239843786192     
   22.582601045937999       0.99979344048716445     
   22.608161431954908       0.99919187905375695     
   22.633721817971814       0.99832898663673086     
   22.659282203988724       0.99930994170334675     
   22.684842590005630       0.99932676540571996     
   22.710402976022539       0.99890491789511848     
   22.735963362039445       0.99893871469996065     
   22.761523748056355        1.0004795152704173     
   22.787084134073261        1.0005776601488516     
   22.812644520090171        1.0009214574699703     
   22.838204906107077        1.0005671563378120     
   22.863765292123986        1.0010392345597885     
   22.889325678140892        1.0020383406739350     
   22.914886064157802        1.0021997889963774     
   22.940446450174708        1.0010272059214298     
   22.966006836191617        1.0013460463044002     
   22.991567222208523        1.0006595187430873     
   23.017127608225433        1.0009615907779716     
   23.042687994242339        1.0006140704061695     
   23.068248380259249        1.0000655394743720     
   23.093808766276155        1.0003042505541788     
   23.119369152293064        1.0000607673411581     
   23.144929538309970       0.99965324435822933     
   23.170489924326876       0.99979952646575565     
   23.196050310343786       0.99940267439578168     
   23.221610696360692       0.99992092637210783     
   23.247171082377601       0.99999049108293947     
   23.272731468394507       0.99914927537351228     
   23.298291854411417       0.99922215083680654     
   23.323852240428323       0.99849511155051518     
   23.349412626445233       0.99906317454030591     
   23.374973012462139        1.0002453114239014     
   23.400533398479048       0.99923237831679168     
   23.426093784495954       0.99862776527680297     
   23.451654170512864       0.99831224622943937     
   23.477214556529770       0.99906766525903845     
   23.502774942546679       0.99935563996593235     
   23.528335328563585       0.99873121321334746     
   23.553895714580495       0.99828077807942839     
   23.579456100597401       0.99937380712107293     
   23.605016486614311       0.99933162407063214     
   23.630576872631217       0.99971747921580578     
   23.656137258648126       0.99943163553248116     
   23.681697644665032        1.0013444307863750     
   23.707258030681942        1.0022851450104002     
   23.732818416698848        1.0016554599188314     
   23.758378802715757        1.0013512446502100     
   23.783939188732663        1.0013859385611354     
   23.809499574749573        1.0028727706771867     
   23.835059960766479        1.0005443842946942     
   23.860620346783389        1.0016718784597731     
   23.886180732800295       0.99996300510990632     
   23.911741118817204        1.0007570296561126     
   23.937301504834110       0.99953150067029628     
   23.962861890851020        1.0002153315292932     
   23.988422276867926        1.0009989244421094     
   24.013982662884835        1.0003757732985419     
   24.039543048901741        1.0004361659955454     
   24.065103434918651       0.99967680902241229     
   24.090663820935557       0.99934896035364229     
   24.116224206952467       0.99899861439946303     
   24.141784592969373       0.99877648752245218     
   24.167344978986282       0.99942988439107860     
   24.192905365003188       0.99973742043825320     
   24.218465751020094       0.99898853485336303     
   24.244026137037004       0.99871771660568898     
   24.269586523053910       0.99899892713008609     
   24.295146909070819       0.99920437164268694     
   24.320707295087725       0.99975761286716147     
   24.346267681104635       0.99974048194350340     
   24.371828067121541       0.99953044120260504     
   24.397388453138451       0.99871664259980197     
   24.422948839155357       0.99929922791393488     
   24.448509225172266       0.99905387748933505     
   24.474069611189172        1.0007733269091772     
   24.499629997206082        1.0009862414452584     
   24.525190383222988        1.0015918099844363     
   24.550750769239897        1.0008719679268683     
   24.576311155256803       0.99981484071828541     
   24.601871541273713        1.0002781604352724     
   24.627431927290619       0.99925774867296280     
   24.652992313307529       0.99818816453345349     
   24.678552699324435       0.99942842062079162     
   24.704113085341344       0.99944997000825320     
   24.729673471358250       0.99971586639123522     
   24.755233857375160       0.99896161128213379     
   24.780794243392066       0.99931111195778455     
   24.806354629408975        1.0008104317212556     
   24.831915015425881        1.0018970730399326     
   24.857475401442791        1.0001364798531909     
   24.883035787459697       0.99964218755702561     
   24.908596173476607       0.99941974686814472     
   24.934156559493513       0.99993257848731953     
   24.959716945510422        1.0000716992118173     
   24.985277331527328       0.99957026580134190     
   25.010837717544238       0.99993892841815102     
   25.036398103561144       0.99899831579185006     
   25.061958489578053        1.0005369222276681     
   25.087518875594959        1.0003411488164466     
   25.113079261611869        1.0010459281646953     
   25.138639647628775       0.99911524642310046     
   25.164200033645685        1.0001180521380777     
   25.189760419662591       0.99986541059963085     
   25.215320805679497       0.99958489756122637     
   25.240881191696406        1.0000520531981738     
   25.266441577713312       0.99977065995341707     
   25.292001963730222       0.99916850000951318     
   25.317562349747128       0.99947782011868935     
   25.343122735764037       0.99916783877455217     
   25.368683121780943        1.0001057707459464     
   25.394243507797853       0.99947500896630681     
   25.419803893814759        1.0000965527311574     
   25.445364279831669       0.99997679280717244     
   25.470924665848575       0.99865797210899865     
   25.496485051865484       0.99904922164851451     
   25.522045437882390       0.99903628978322101     
   25.547605823899300        1.0000337743313230     
