   7.8262379212492642E-003   0.0000000000000000     
   2.3478713763747792E-002   0.0000000000000000     
   3.9131189606246321E-002   0.0000000000000000     
   5.4783665448744849E-002   0.0000000000000000     
   7.0436141291243370E-002   0.0000000000000000     
   8.6088617133741913E-002   0.0000000000000000     
  0.10174109297624043        0.0000000000000000     
  0.11739356881873897        0.0000000000000000     
  0.13304604466123748        0.0000000000000000     
  0.14869852050373600        0.0000000000000000     
  0.16435099634623454        0.0000000000000000     
  0.18000347218873308        0.0000000000000000     
  0.19565594803123160        0.0000000000000000     
  0.21130842387373011        0.0000000000000000     
  0.22696089971622865        0.0000000000000000     
  0.24261337555872720        0.0000000000000000     
  0.25826585140122571        0.0000000000000000     
  0.27391832724372422        0.0000000000000000     
  0.28957080308622274        0.0000000000000000     
  0.30522327892872131        0.0000000000000000     
  0.32087575477121982        0.0000000000000000     
  0.33652823061371834        0.0000000000000000     
  0.35218070645621691        0.0000000000000000     
  0.36783318229871542        0.0000000000000000     
  0.38348565814121394        0.0000000000000000     
  0.39913813398371245        0.0000000000000000     
  0.41479060982621097        0.0000000000000000     
  0.43044308566870954        0.0000000000000000     
  0.44609556151120805        0.0000000000000000     
  0.46174803735370656        0.0000000000000000     
  0.47740051319620513        0.0000000000000000     
  0.49305298903870365        0.0000000000000000     
  0.50870546488120216        0.0000000000000000     
  0.52435794072370068        0.0000000000000000     
  0.54001041656619919        0.0000000000000000     
  0.55566289240869771        0.0000000000000000     
  0.57131536825119622        0.0000000000000000     
  0.58696784409369485        0.0000000000000000     
  0.60262031993619336        0.0000000000000000     
  0.61827279577869187        0.0000000000000000     
  0.63392527162119039        0.0000000000000000     
  0.64957774746368890        0.0000000000000000     
  0.66523022330618742        0.0000000000000000     
  0.68088269914868593        0.0000000000000000     
  0.69653517499118456        0.0000000000000000     
  0.71218765083368307        0.0000000000000000     
  0.72784012667618159        0.0000000000000000     
  0.74349260251868010        0.0000000000000000     
  0.75914507836117862        0.0000000000000000     
  0.77479755420367713        0.0000000000000000     
  0.79045003004617564        0.0000000000000000     
  0.80610250588867416        0.0000000000000000     
  0.82175498173117267        9.8767258502095290E-006
  0.83740745757367130        9.3044295859917835E-005
  0.85305993341616981        9.0385633353981748E-004
  0.86871240925866833        5.8093833696786527E-003
  0.88436488510116684        2.6761556821390663E-002
  0.90001736094366536        8.8571815002928267E-002
  0.91566983678616387       0.22819668578147609     
  0.93132231262866239       0.47497348908819786     
  0.94697478847116101       0.83168308685358172     
  0.96262726431365953        1.2730480518836338     
  0.97827974015615804        1.7377079855335913     
  0.99393221599865655        2.1622017798596036     
   1.0095846918411551        2.5192716222386595     
   1.0252371676836536        2.7727479091983396     
   1.0408896435261521        2.9165981832222383     
   1.0565421193686506        2.9631599799151043     
   1.0721945952111491        2.9309827749999209     
   1.0878470710536476        2.8474310719380953     
   1.1034995468961462        2.7229933533079591     
   1.1191520227386447        2.5708202927604145     
   1.1348044985811432        2.4086267114419546     
   1.1504569744236419        2.2440344419926825     
   1.1661094502661404        2.0845679040143312     
   1.1817619261086389        1.9319203461000023     
   1.1974144019511375        1.7859233181865608     
   1.2130668777936360        1.6552166536529462     
   1.2287193536361345        1.5296764113212649     
   1.2443718294786330        1.4168144596793828     
   1.2600243053211315        1.3108158660052052     
   1.2756767811636300        1.2199929304695796     
   1.2913292570061286        1.1410082151149565     
   1.3069817328486271        1.0632533720296513     
   1.3226342086911256       0.99743207588858729     
   1.3382866845336241       0.93261191771673946     
   1.3539391603761226       0.88115129745383292     
   1.3695916362186211       0.83166219390524709     
   1.3852441120611199       0.78790140811702047     
   1.4008965879036184       0.74920301212887985     
   1.4165490637461169       0.71241178246611059     
   1.4322015395886154       0.68011166587250560     
   1.4478540154311139       0.64958286293180156     
   1.4635064912736124       0.62211061279872293     
   1.4791589671161109       0.60233871045893050     
   1.4948114429586095       0.58467274699728056     
   1.5104639188011080       0.56769316904970946     
   1.5261163946436065       0.55163732337995652     
   1.5417688704861050       0.54068531325717439     
   1.5574213463286035       0.53023589854797393     
   1.5730738221711020       0.52478759270393938     
   1.5887262980136005       0.51810204561742645     
   1.6043787738560991       0.51098238494473913     
   1.6200312496985976       0.51117753284817624     
   1.6356837255410961       0.51356313848528035     
   1.6513362013835948       0.51538155079298542     
   1.6669886772260933       0.52348844925384053     
   1.6826411530685919       0.53152073326978377     
   1.6982936289110904       0.54430349416851076     
   1.7139461047535889       0.55734242204879403     
   1.7295985805960874       0.57607018008572275     
   1.7452510564385859       0.59557254795144765     
   1.7609035322810844       0.62002502928373382     
   1.7765560081235829       0.64636013326615394     
   1.7922084839660815       0.67529477769587787     
   1.8078609598085800       0.70573964985838311     
   1.8235134356510785       0.73880507828643094     
   1.8391659114935770       0.77456184092167313     
   1.8548183873360755       0.81390447093667462     
   1.8704708631785740       0.85701891632704563     
   1.8861233390210728       0.90171478423033657     
   1.9017758148635713       0.94724458548341894     
   1.9174282907060698       0.99545883129692370     
   1.9330807665485683        1.0449227265111156     
   1.9487332423910668        1.0971871492084362     
   1.9643857182335653        1.1480832046700795     
   1.9800381940760639        1.1972498367965907     
   1.9956906699185624        1.2472280600999290     
   2.0113431457610611        1.2939410914044165     
   2.0269956216035596        1.3349155761386748     
   2.0426480974460581        1.3692098234610131     
   2.0583005732885566        1.3984123402067712     
   2.0739530491310552        1.4198465772446964     
   2.0896055249735537        1.4353456157797546     
   2.1052580008160522        1.4416207104828649     
   2.1209104766585507        1.4424778428000220     
   2.1365629525010492        1.4382548962926098     
   2.1522154283435477        1.4278205042550509     
   2.1678679041860462        1.4133076965803393     
   2.1835203800285448        1.3938288279035926     
   2.1991728558710433        1.3693865985522580     
   2.2148253317135418        1.3442293333316480     
   2.2304778075560403        1.3157579762097888     
   2.2461302833985388        1.2861412178204428     
   2.2617827592410373        1.2531557633754877     
   2.2774352350835363        1.2213272048565711     
   2.2930877109260348        1.1894914436705368     
   2.3087401867685333        1.1570074091818578     
   2.3243926626110318        1.1251214916083681     
   2.3400451384535303        1.0909824437310369     
   2.3556976142960289        1.0612668256264284     
   2.3713500901385274        1.0339751647535245     
   2.3870025659810259        1.0051883268534640     
   2.4026550418235244       0.97862772399256104     
   2.4183075176660229       0.95244450939570269     
   2.4339599935085214       0.93075561809896723     
   2.4496124693510199       0.90748051322485268     
   2.4652649451935185       0.88821000501897718     
   2.4809174210360170       0.87039899060897863     
   2.4965698968785155       0.85305058245291143     
   2.5122223727210140       0.83550611591580481     
   2.5278748485635125       0.82031146548912515     
   2.5435273244060110       0.80798485577917778     
   2.5591798002485096       0.79784445132049175     
   2.5748322760910081       0.78691573367233569     
   2.5904847519335066       0.77761420060436193     
   2.6061372277760051       0.77309519919537528     
   2.6217897036185036       0.77053648203230451     
   2.6374421794610021       0.76709663376533965     
   2.6530946553035006       0.76598195651278000     
   2.6687471311459992       0.76821231590938932     
   2.6843996069884977       0.77270242183778637     
   2.7000520828309962       0.77832060847925477     
   2.7157045586734947       0.78532351995459382     
   2.7313570345159932       0.79393695675951792     
   2.7470095103584917       0.80307742304511798     
   2.7626619862009907       0.81535357294746313     
   2.7783144620434892       0.82893276210760636     
   2.7939669378859877       0.84415155775603923     
   2.8096194137284862       0.86110792814003900     
   2.8252718895709847       0.87744952834404777     
   2.8409243654134833       0.89622683727800523     
   2.8565768412559818       0.91620592268543610     
   2.8722293170984803       0.93658213912989474     
   2.8878817929409788       0.95688137024210340     
   2.9035342687834773       0.97675936201638969     
   2.9191867446259758       0.99905102334604901     
   2.9348392204684743        1.0181480522767268     
   2.9504916963109729        1.0378633025830242     
   2.9661441721534714        1.0571466473496045     
   2.9817966479959699        1.0731430485963116     
   2.9974491238384684        1.0903446573741058     
   3.0131015996809669        1.1048096557202332     
   3.0287540755234654        1.1192639551478147     
   3.0444065513659639        1.1317503770475357     
   3.0600590272084625        1.1428354176641775     
   3.0757115030509610        1.1520105970991763     
   3.0913639788934595        1.1590586578694502     
   3.1070164547359580        1.1656281971976394     
   3.1226689305784565        1.1689526104140449     
   3.1383214064209550        1.1692909676745367     
   3.1539738822634535        1.1696815507047007     
   3.1696263581059521        1.1661930147057291     
   3.1852788339484506        1.1628325323005895     
   3.2009313097909491        1.1591189984866681     
   3.2165837856334476        1.1523183258728196     
   3.2322362614759461        1.1446921029790205     
   3.2478887373184446        1.1365806249576649     
   3.2635412131609431        1.1286275319085779     
   3.2791936890034421        1.1164006674543234     
   3.2948461648459406        1.1053546180918155     
   3.3104986406884391        1.0922349598798577     
   3.3261511165309376        1.0800410962940190     
   3.3418035923734362        1.0686837572338661     
   3.3574560682159347        1.0573162798472877     
   3.3731085440584332        1.0443069455854004     
   3.3887610199009317        1.0327738666712285     
   3.4044134957434302        1.0203279015264459     
   3.4200659715859287        1.0070542017243376     
   3.4357184474284272       0.99622312981881733     
   3.4513709232709258       0.98474296000563122     
   3.4670233991134243       0.97361646577471150     
   3.4826758749559228       0.96220079758680366     
   3.4983283507984213       0.95409867723902975     
   3.5139808266409198       0.94350496687690411     
   3.5296333024834183       0.93822176775457000     
   3.5452857783259168       0.92782420498329043     
   3.5609382541684154       0.91913768044707356     
   3.5765907300109139       0.91220417700602485     
   3.5922432058534124       0.90500619716006381     
   3.6078956816959109       0.90258669142903480     
   3.6235481575384094       0.89789805340740658     
   3.6392006333809079       0.89647108968253930     
   3.6548531092234064       0.89494842343705727     
   3.6705055850659050       0.89249234696827784     
   3.6861580609084035       0.89241439510434151     
   3.7018105367509020       0.89416258449083275     
   3.7174630125934005       0.89600390612878811     
   3.7331154884358990       0.89905164350231814     
   3.7487679642783975       0.90314476094699248     
   3.7644204401208965       0.90850608937636890     
   3.7800729159633950       0.91362763016763004     
   3.7957253918058935       0.91943565053550724     
   3.8113778676483920       0.92727561549759352     
   3.8270303434908906       0.93390368949238811     
   3.8426828193333891       0.94242641881773559     
   3.8583352951758876       0.95041258666619488     
   3.8739877710183861       0.95990593613193331     
   3.8896402468608846       0.96957494554297152     
   3.9052927227033831       0.97815225260890171     
   3.9209451985458816       0.98842510873180989     
   3.9365976743883802       0.99696028100621925     
   3.9522501502308787        1.0064279397900260     
   3.9679026260733772        1.0149679396458655     
   3.9835551019158757        1.0227281315190271     
   3.9992075777583742        1.0304689793203849     
   4.0148600536008727        1.0394509448595413     
   4.0305125294433717        1.0467840029319815     
   4.0461650052858698        1.0523557020040775     
   4.0618174811283687        1.0567271125297184     
   4.0774699569708668        1.0628452743720065     
   4.0931224328133657        1.0662774047255832     
   4.1087749086558638        1.0674500602653414     
   4.1244273844983628        1.0700763202762047     
   4.1400798603408608        1.0736197973577855     
   4.1557323361833598        1.0748566203284464     
   4.1713848120258579        1.0756012394637426     
   4.1870372878683568        1.0761825037347716     
   4.2026897637108549        1.0742175884037066     
   4.2183422395533539        1.0726474448153052     
   4.2339947153958519        1.0694886617567525     
   4.2496471912383509        1.0661140328312069     
   4.2652996670808490        1.0633548181526280     
   4.2809521429233479        1.0606188139835333     
   4.2966046187658460        1.0571392139944693     
   4.3122570946083449        1.0526960006932335     
   4.3279095704508430        1.0467182776122543     
   4.3435620462933420        1.0418427425575061     
   4.3592145221358400        1.0356683835679819     
   4.3748669979783390        1.0296350474234361     
   4.3905194738208371        1.0249941968065135     
   4.4061719496633360        1.0178222292307748     
   4.4218244255058341        1.0122887421783333     
   4.4374769013483331        1.0078046445455981     
   4.4531293771908311        1.0029164695056925     
   4.4687818530333301       0.99705599349592700     
   4.4844343288758282       0.99264921379488713     
   4.5000868047183271       0.98557025092181583     
   4.5157392805608252       0.98164362272997230     
   4.5313917564033241       0.97645989126893074     
   4.5470442322458231       0.97250312408198458     
   4.5626967080883212       0.96960095507359256     
   4.5783491839308201       0.96646512732572487     
   4.5940016597733182       0.96278638229702773     
   4.6096541356158172       0.96053308632254564     
   4.6253066114583152       0.95727167190432150     
   4.6409590873008142       0.95444463103246890     
   4.6566115631433123       0.95283226028915047     
   4.6722640389858112       0.95182061613434132     
   4.6879165148283093       0.95046461734906673     
   4.7035689906708082       0.95177050578338707     
   4.7192214665133063       0.95340309804531220     
   4.7348739423558053       0.95466149809819068     
   4.7505264181983033       0.95666881036516105     
   4.7661788940408023       0.95699172818587797     
   4.7818313698833004       0.95878274162285271     
   4.7974838457257993       0.96090515954026201     
   4.8131363215682974       0.96286133428134657     
   4.8287887974107964       0.96682649851278424     
   4.8444412732532944       0.96797319203969345     
   4.8600937490957934       0.97193643191801393     
   4.8757462249382915       0.97611692675060935     
   4.8913987007807904       0.98020064438073395     
   4.9070511766232885       0.98488352050920025     
   4.9227036524657874       0.98899385226522363     
   4.9383561283082855       0.99271721275078117     
   4.9540086041507845       0.99603138449260775     
   4.9696610799932825        1.0015447964402602     
   4.9853135558357815        1.0059233634312703     
   5.0009660316782796        1.0103335964289091     
   5.0166185075207785        1.0136488362562399     
   5.0322709833632775        1.0159731678754369     
   5.0479234592057756        1.0199619906147592     
   5.0635759350482745        1.0214189453149447     
   5.0792284108907726        1.0232945262464681     
   5.0948808867332716        1.0266066383224346     
   5.1105333625757696        1.0287607174425153     
   5.1261858384182686        1.0314304613856515     
   5.1418383142607667        1.0323994056824051     
   5.1574907901032656        1.0336227556250897     
   5.1731432659457637        1.0345694758459061     
   5.1887957417882626        1.0344621659676676     
   5.2044482176307607        1.0348180442287767     
   5.2201006934732597        1.0336536748127347     
   5.2357531693157577        1.0327607243321248     
   5.2514056451582567        1.0316230288537254     
   5.2670581210007548        1.0300418310812522     
   5.2827105968432537        1.0298217101212110     
   5.2983630726857518        1.0291295509243081     
   5.3140155485282508        1.0274893325121046     
   5.3296680243707488        1.0264940784555958     
   5.3453205002132478        1.0222055085482604     
   5.3609729760557459        1.0215097575520975     
   5.3766254518982448        1.0187665882281380     
   5.3922779277407429        1.0173051851646990     
   5.4079304035832418        1.0146119765394144     
   5.4235828794257399        1.0113435053472051     
   5.4392353552682389        1.0082197844128933     
   5.4548878311107369        1.0056695665979156     
   5.4705403069532359        1.0036321447027992     
   5.4861927827957340        1.0000112644301751     
   5.5018452586382329       0.99824080812522287     
   5.5174977344807319       0.99671722823970788     
   5.5331502103232300       0.99337311825569097     
   5.5488026861657289       0.99265909176060863     
   5.5644551620082270       0.99063489431886120     
   5.5801076378507259       0.98874277605741068     
   5.5957601136932240       0.98709244133943752     
   5.6114125895357230       0.98442467124907385     
   5.6270650653782210       0.98371315810554127     
   5.6427175412207200       0.98171222069668373     
   5.6583700170632181       0.98102333548143639     
   5.6740224929057170       0.98208422455030908     
   5.6896749687482151       0.97945808360155939     
   5.7053274445907141       0.97997857493865215     
   5.7209799204332121       0.97831854198811685     
   5.7366323962757111       0.97850851951204909     
   5.7522848721182092       0.97871298371392623     
   5.7679373479607081       0.97944316839049050     
   5.7835898238032062       0.98013656300731367     
   5.7992422996457051       0.97997361724056042     
   5.8148947754882032       0.98071516942299075     
   5.8305472513307022       0.98163620858562850     
   5.8461997271732002       0.98346248188140484     
   5.8618522030156992       0.98447871033735190     
   5.8775046788581973       0.98592064323573814     
   5.8931571547006962       0.98892165637019658     
   5.9088096305431943       0.99045159479480371     
   5.9244621063856933       0.99166794895321575     
   5.9401145822281913       0.99355669324426821     
   5.9557670580706903       0.99584460875516667     
   5.9714195339131884       0.99865006743653095     
   5.9870720097556873        1.0002321782023786     
   6.0027244855981854        1.0024701867118859     
   6.0183769614406843        1.0047051849817368     
   6.0340294372831833        1.0065204908411709     
   6.0496819131256814        1.0078063992722499     
   6.0653343889681803        1.0067243941169315     
   6.0809868648106784        1.0083104040927331     
   6.0966393406531774        1.0112488240955986     
   6.1122918164956754        1.0129630481077758     
   6.1279442923381744        1.0146746074488637     
   6.1435967681806725        1.0136570554602784     
   6.1592492440231714        1.0152498342767380     
   6.1749017198656695        1.0161878567273068     
   6.1905541957081685        1.0164385927619697     
   6.2062066715506665        1.0156517924936082     
   6.2218591473931655        1.0163696169673495     
   6.2375116232356635        1.0177032098979271     
   6.2531640990781625        1.0160479733796521     
   6.2688165749206606        1.0154069860805557     
   6.2844690507631595        1.0146444350440966     
   6.3001215266056576        1.0146426597040632     
   6.3157740024481566        1.0137449382783155     
   6.3314264782906546        1.0139125550584709     
   6.3470789541331536        1.0120272269807291     
   6.3627314299756517        1.0122977408583225     
   6.3783839058181506        1.0116957998404548     
   6.3940363816606487        1.0099978055713688     
   6.4096888575031477        1.0102419165861809     
   6.4253413333456457        1.0091913601132052     
   6.4409938091881447        1.0089319553927871     
   6.4566462850306428        1.0074517162085705     
   6.4722987608731417        1.0054291347312632     
   6.4879512367156398        1.0037223002695761     
   6.5036037125581387        1.0036367969756566     
   6.5192561884006368        1.0012126631869007     
   6.5349086642431358        1.0002723892443162     
   6.5505611400856347       0.99737276882162307     
   6.5662136159281328       0.99645775019833072     
   6.5818660917706318       0.99547876862650120     
   6.5975185676131298       0.99508360910913074     
   6.6131710434556288       0.99429415242271879     
   6.6288235192981269       0.99348124258254078     
   6.6444759951406258       0.99111352462683944     
   6.6601284709831239       0.99187200404693432     
   6.6757809468256228       0.99017373558086730     
   6.6914334226681209       0.98999351163019422     
   6.7070858985106199       0.98976403069997820     
   6.7227383743531179       0.98973795901916028     
   6.7383908501956169       0.98979776734900371     
   6.7540433260381150       0.98968810088361081     
   6.7696958018806139       0.99064549092000909     
   6.7853482777231120       0.99149105026648943     
   6.8010007535656110       0.99166060006491041     
   6.8166532294081090       0.99204916522264341     
   6.8323057052506080       0.99321997876612667     
   6.8479581810931061       0.99124677457160804     
   6.8636106569356050       0.99227194087472792     
   6.8792631327781031       0.99297200463745117     
   6.8949156086206020       0.99494584629593208     
   6.9105680844631001       0.99561859552683951     
   6.9262205603055991       0.99528452741303641     
   6.9418730361480971       0.99476162448612349     
   6.9575255119905961       0.99749456114673862     
   6.9731779878330942       0.99946985185195270     
   6.9888304636755931       0.99948574638657228     
   7.0044829395180912        1.0000976164949802     
   7.0201354153605902        1.0000530773904108     
   7.0357878912030891        1.0021790563258943     
   7.0514403670455872        1.0029311946929329     
   7.0670928428880861        1.0050436785697490     
   7.0827453187305842        1.0052546849255886     
   7.0983977945730832        1.0056730866693184     
   7.1140502704155812        1.0064713843451945     
   7.1297027462580802        1.0065815603987140     
   7.1453552221005783        1.0074797799568707     
   7.1610076979430772        1.0074542096770644     
   7.1766601737855753        1.0080019026148292     
   7.1923126496280743        1.0090705921797960     
   7.2079651254705723        1.0093766096473922     
   7.2236176013130713        1.0094237784105664     
   7.2392700771555694        1.0090323767360834     
   7.2549225529980683        1.0091304271825183     
   7.2705750288405664        1.0082780717731163     
   7.2862275046830653        1.0092074119070324     
   7.3018799805255634        1.0079597292548423     
   7.3175324563680624        1.0084585295713620     
   7.3331849322105604        1.0077988330534011     
   7.3488374080530594        1.0075172307715226     
   7.3644898838955575        1.0069379417349331     
   7.3801423597380564        1.0068298197340479     
   7.3957948355805545        1.0064743593149836     
   7.4114473114230535        1.0061037548486018     
   7.4270997872655515        1.0050949941230938     
   7.4427522631080505        1.0048830446482444     
   7.4584047389505486        1.0038116525237886     
   7.4740572147930475        1.0038832293035944     
   7.4897096906355456        1.0027351802114288     
   7.5053621664780445        1.0025145644439921     
   7.5210146423205435        1.0015278122623672     
   7.5366671181630416        1.0009761347491517     
   7.5523195940055405        1.0003691416887524     
   7.5679720698480386       0.99945558024289238     
   7.5836245456905376       0.99876754231967269     
   7.5992770215330356       0.99760108485112253     
   7.6149294973755346       0.99635159798673190     
   7.6305819732180327       0.99555907463750049     
   7.6462344490605316       0.99628791043980292     
   7.6618869249030297       0.99547290833353630     
   7.6775394007455287       0.99557819426874206     
   7.6931918765880267       0.99642049052948867     
   7.7088443524305257       0.99519978318480984     
   7.7244968282730238       0.99352885302077776     
   7.7401493041155227       0.99462016758935301     
   7.7558017799580208       0.99422003701289718     
   7.7714542558005197       0.99479591244869092     
   7.7871067316430178       0.99542033546392406     
   7.8027592074855168       0.99661830315255151     
   7.8184116833280148       0.99658693812741317     
   7.8340641591705138       0.99639159283826961     
   7.8497166350130119       0.99744232121372933     
   7.8653691108555108       0.99825937375287255     
   7.8810215866980089       0.99935824252825789     
   7.8966740625405079       0.99979146467992164     
   7.9123265383830059       0.99917627431956790     
   7.9279790142255049       0.99931719604844249     
   7.9436314900680030       0.99852513138513976     
   7.9592839659105019       0.99906997703346045     
   7.9749364417530000       0.99896317532302681     
   7.9905889175954989        1.0007622939503735     
   8.0062413934379961        1.0003916645796673     
   8.0218938692804951        1.0009148557927785     
   8.0375463451229940        1.0017538917298026     
   8.0531988209654930        1.0025560046139395     
   8.0688512968079902        1.0047606140086518     
   8.0845037726504891        1.0031628479227936     
   8.1001562484929881        1.0035766329207072     
   8.1158087243354871        1.0033299861210605     
   8.1314612001779842        1.0039239151392216     
   8.1471136760204832        1.0044653529477074     
   8.1627661518629822        1.0043926224372268     
   8.1784186277054811        1.0036350185407104     
   8.1940711035479783        1.0032014299644527     
   8.2097235793904773        1.0037027464602428     
   8.2253760552329762        1.0057858612033435     
   8.2410285310754752        1.0035956398371917     
   8.2566810069179724        1.0044497907070413     
   8.2723334827604713        1.0039881512202300     
   8.2879859586029703        1.0041075967327675     
   8.3036384344454692        1.0038745206331572     
   8.3192909102879664        1.0041125577976995     
   8.3349433861304654        1.0040735421067633     
   8.3505958619729643        1.0043491913208904     
   8.3662483378154633        1.0044998280176192     
   8.3819008136579605        1.0027905600557898     
   8.3975532895004594        1.0032822025430352     
   8.4132057653429584        1.0028441638797898     
   8.4288582411854573        1.0029573822655857     
   8.4445107170279545        1.0038156311667941     
   8.4601631928704535        1.0037063667450301     
   8.4758156687129524        1.0030886493088829     
   8.4914681445554514        1.0036782971673890     
   8.5071206203979486        1.0036063333913607     
   8.5227730962404475        1.0031649505452898     
   8.5384255720829465        1.0027825995293989     
   8.5540780479254455        1.0011327008676671     
   8.5697305237679444        1.0001298152109275     
   8.5853829996104416        1.0002118852884736     
   8.6010354754529406       0.99949703895432118     
   8.6166879512954395       0.99973311685448452     
   8.6323404271379385       0.99965374296769227     
   8.6479929029804357        1.0002577057400948     
   8.6636453788229346       0.99920225722590950     
   8.6792978546654336       0.99904403621508775     
   8.6949503305079325       0.99871761819306970     
   8.7106028063504297       0.99909343446358567     
   8.7262552821929287       0.99964183032786391     
   8.7419077580354276       0.99891148555711584     
   8.7575602338779266       0.99951941316804094     
   8.7732127097204238       0.99945668196462456     
   8.7888651855629227        1.0007193528914791     
   8.8045176614054217       0.99862300315393893     
   8.8201701372479206       0.99814608595864585     
   8.8358226130904178       0.99686105442347550     
   8.8514750889329168       0.99812195138487225     
   8.8671275647754157       0.99757119134953087     
   8.8827800406179147       0.99800570262509969     
   8.8984325164604119       0.99822507176314057     
   8.9140849923029108       0.99796438482760585     
   8.9297374681454098       0.99865514060603067     
   8.9453899439879088       0.99964942423421999     
   8.9610424198304059       0.99965734058020428     
   8.9766948956729049        1.0009644880634239     
   8.9923473715154039        1.0006978718181767     
   9.0079998473579028        1.0018849618325936     
   9.0236523232004000        1.0008106948345761     
   9.0393047990428990        1.0023120476530913     
   9.0549572748853979        1.0008920831865200     
   9.0706097507278969        1.0007354454823958     
   9.0862622265703958        1.0023468985514141     
   9.1019147024128930        1.0020590001155767     
   9.1175671782553920        1.0026699227024503     
   9.1332196540978909        1.0017980802896944     
   9.1488721299403899        1.0016933957833756     
   9.1645246057828871        1.0017870925815284     
   9.1801770816253860        1.0019734778080622     
   9.1958295574678850        1.0015228731866979     
   9.2114820333103840        1.0025346658649363     
   9.2271345091528811        1.0024188885580720     
   9.2427869849953801        1.0024652525414532     
   9.2584394608378791        1.0021604561156459     
   9.2740919366803780        1.0020569235274155     
   9.2897444125228752        1.0022247548550050     
   9.3053968883653742        1.0020776775324749     
   9.3210493642078731        1.0028600039703293     
   9.3367018400503721        1.0018581960316835     
   9.3523543158928693        1.0019164105852016     
   9.3680067917353682        1.0011631528770655     
   9.3836592675778672        1.0033260257729570     
   9.3993117434203661        1.0030340351912810     
   9.4149642192628633        1.0025071563154251     
   9.4306166951053623        1.0027791396646000     
   9.4462691709478612        1.0031545287229844     
   9.4619216467903602        1.0028475983517862     
   9.4775741226328574        1.0036338878130480     
   9.4932265984753563        1.0028873921382564     
   9.5088790743178553        1.0031167358786064     
   9.5245315501603542        1.0028299506350522     
   9.5401840260028532        1.0038532303985632     
   9.5558365018453504        1.0028272438818864     
   9.5714889776878493        1.0026157724271048     
   9.5871414535303483        1.0024833844753931     
   9.6027939293728473        1.0022028425459617     
   9.6184464052153444        1.0025236768327985     
   9.6340988810578434        1.0018594867529278     
   9.6497513569003424        1.0013639859599548     
   9.6654038327428413        1.0006369833030875     
   9.6810563085853385        1.0007121307182028     
   9.6967087844278375        1.0001408632930615     
   9.7123612602703364       0.99908140513919419     
   9.7280137361128354        1.0000934616889097     
   9.7436662119553326       0.99955126370269598     
   9.7593186877978315       0.99935892980898844     
   9.7749711636403305       0.99973912886636795     
   9.7906236394828294       0.99944448165995425     
   9.8062761153253266       0.99921864307166675     
   9.8219285911678256       0.99903963403795581     
   9.8375810670103245       0.99992828176139059     
   9.8532335428528235       0.99882977856260535     
   9.8688860186953207       0.99893415942071728     
   9.8845384945378196       0.99981119839175525     
   9.9001909703803186       0.99918669244040847     
   9.9158434462228175       0.99905395638837191     
   9.9314959220653147       0.99898701658636824     
   9.9471483979078137       0.99906356602948676     
   9.9628008737503126       0.99918696201722168     
   9.9784533495928116        1.0005677777271975     
   9.9941058254353088        1.0004940137580136     
   10.009758301277808        1.0004295618181311     
   10.025410777120307       0.99993494494792268     
   10.041063252962806        1.0003720683418338     
   10.056715728805305        1.0005174553003591     
   10.072368204647802        1.0014904237801694     
   10.088020680490301        1.0013866295777680     
   10.103673156332800        1.0013877462164587     
   10.119325632175299        1.0018346411825567     
   10.134978108017796        1.0015573396089448     
   10.150630583860295        1.0016966752271401     
   10.166283059702794        1.0023169866380479     
   10.181935535545293        1.0019570028583014     
   10.197588011387790        1.0020468519479204     
   10.213240487230289        1.0015771304934173     
   10.228892963072788        1.0012226291972948     
   10.244545438915287        1.0024418288870944     
   10.260197914757784        1.0023789846095874     
   10.275850390600283        1.0026423765715469     
   10.291502866442782        1.0029125382459092     
   10.307155342285281        1.0034502383493724     
   10.322807818127778        1.0023513914533124     
   10.338460293970277        1.0022470809415569     
   10.354112769812776        1.0022326034319429     
   10.369765245655275        1.0018515604726799     
   10.385417721497772        1.0017787972903920     
   10.401070197340271        1.0018036380721902     
   10.416722673182770        1.0013384711074358     
   10.432375149025269        1.0002773618370107     
   10.448027624867766        1.0005344347362810     
   10.463680100710265        1.0020665426166251     
   10.479332576552764        1.0022566661038952     
   10.494985052395263        1.0028618183127600     
   10.510637528237760        1.0015260351722342     
   10.526290004080259        1.0014743143808627     
   10.541942479922758        1.0026512007005099     
   10.557594955765257        1.0025109415759994     
   10.573247431607756        1.0022799043302768     
   10.588899907450253        1.0021560917429184     
   10.604552383292752        1.0027318731095882     
   10.620204859135251        1.0023592326901809     
   10.635857334977750        1.0017288447312567     
   10.651509810820247        1.0020983522765858     
   10.667162286662746        1.0010279835699933     
   10.682814762505245        1.0017742702907220     
   10.698467238347744        1.0008947392669549     
   10.714119714190241        1.0006419813949561     
   10.729772190032740        1.0003342882159261     
   10.745424665875239        1.0005007758064361     
   10.761077141717738        1.0005711436308447     
   10.776729617560235        1.0005034847607048     
   10.792382093402734        1.0005474737269517     
   10.808034569245233        1.0008122635493288     
   10.823687045087732        1.0014485179744472     
   10.839339520930229        1.0006741856996757     
   10.854991996772728        1.0012760551758075     
   10.870644472615227        1.0005633334891744     
   10.886296948457726       0.99976751983063383     
   10.901949424300224        1.0003968354551882     
   10.917601900142722        1.0005726509949466     
   10.933254375985221       0.99910485630791268     
   10.948906851827720        1.0004268550595776     
   10.964559327670218        1.0001595159054362     
   10.980211803512717        1.0009969640059710     
   10.995864279355215       0.99990775349938177     
   11.011516755197714        1.0004785708618116     
   11.027169231040213        1.0000202798178728     
   11.042821706882711        1.0010791098940959     
   11.058474182725210        1.0001295268632433     
   11.074126658567709        1.0011344925546739     
   11.089779134410207        1.0005737915540340     
   11.105431610252705        1.0011255417511247     
   11.121084086095204        1.0011784481022370     
   11.136736561937703        1.0015171796347098     
   11.152389037780202        1.0013056480397002     
   11.168041513622699        1.0015163632154689     
   11.183693989465198        1.0010753711161164     
   11.199346465307697        1.0014062654924134     
   11.214998941150196        1.0009038412119342     
   11.230651416992693        1.0010556930855279     
   11.246303892835192        1.0010700027961390     
   11.261956368677691        1.0012249491531597     
   11.277608844520190        1.0008009881052815     
   11.293261320362687        1.0017393834773771     
   11.308913796205186        1.0014630096263626     
   11.324566272047685        1.0004589519876621     
   11.340218747890184        1.0005428176495663     
   11.355871223732681        1.0009933884788553     
   11.371523699575180        1.0007708092712904     
   11.387176175417679        1.0003997339516435     
   11.402828651260178        1.0016051202145855     
   11.418481127102675        1.0012084719456040     
   11.434133602945174        1.0006012394397052     
   11.449786078787673        1.0002509970763360     
   11.465438554630172        1.0010142281025145     
   11.481091030472669        1.0017943236020654     
   11.496743506315168        1.0026212886178780     
   11.512395982157667        1.0029083712889819     
   11.528048458000166        1.0019303528871797     
   11.543700933842665        1.0008527576040569     
   11.559353409685162        1.0015275249781639     
   11.575005885527661        1.0020457854756784     
   11.590658361370160        1.0022537000962670     
   11.606310837212659        1.0012702924107000     
   11.621963313055156        1.0018668367765118     
   11.637615788897655        1.0020272868591553     
   11.653268264740154        1.0018043821352596     
   11.668920740582653        1.0021680017399446     
   11.684573216425150        1.0025914951865265     
   11.700225692267649        1.0022294387060171     
   11.715878168110148        1.0016886486544028     
   11.731530643952647        1.0024016560138396     
   11.747183119795144        1.0028263119170746     
   11.762835595637643        1.0022062955367474     
   11.778488071480142        1.0022775521962082     
   11.794140547322641        1.0024858387046218     
   11.809793023165138        1.0022529101099811     
   11.825445499007637        1.0019703582190982     
   11.841097974850136        1.0023530095679234     
   11.856750450692635        1.0024797332999342     
   11.872402926535132        1.0025882119642182     
   11.888055402377631        1.0033989269219270     
   11.903707878220130        1.0022379893876061     
   11.919360354062629        1.0017806415995074     
   11.935012829905126        1.0015422412153188     
   11.950665305747625        1.0010319918777930     
   11.966317781590124        1.0011815300944082     
   11.981970257432623        1.0016243860259326     
   11.997622733275120        1.0014246404401059     
   12.013275209117619        1.0013963438475502     
   12.028927684960118        1.0012319608803772     
   12.044580160802617        1.0013764940060430     
   12.060232636645116        1.0005525085058358     
   12.075885112487613       0.99956895088441189     
   12.091537588330112       0.99954874374549862     
   12.107190064172611       0.99824497202317708     
   12.122842540015110       0.99887366567387614     
   12.138495015857607       0.99922552688581745     
   12.154147491700106       0.99869207921500669     
   12.169799967542605       0.99938019542856893     
   12.185452443385104       0.99904214277746262     
   12.201104919227602       0.99904181782192769     
   12.216757395070101       0.99911948883011958     
   12.232409870912599       0.99938897902224844     
   12.248062346755098       0.99965923826408143     
   12.263714822597596       0.99975475160860194     
   12.279367298440095       0.99955602361614448     
   12.295019774282594        1.0002756392725054     
   12.310672250125092       0.99982648953676789     
   12.326324725967590        1.0002644886523011     
   12.341977201810089        1.0006445590086337     
   12.357629677652588        1.0003894794206709     
   12.373282153495087        1.0003728924966213     
   12.388934629337584        1.0001490672665811     
   12.404587105180083        1.0005524898238176     
   12.420239581022582        1.0010772250673798     
   12.435892056865081        1.0007384925953073     
   12.451544532707578        1.0005045129142842     
   12.467197008550077        1.0013581744041331     
   12.482849484392576        1.0008524843029909     
   12.498501960235075        1.0019529328921886     
   12.514154436077572        1.0018298986790972     
   12.529806911920071        1.0021865107716987     
   12.545459387762570        1.0029058172772347     
   12.561111863605069        1.0025706382935511     
   12.576764339447568        1.0030504504957689     
   12.592416815290065        1.0030940090041132     
   12.608069291132564        1.0027460688084264     
   12.623721766975063        1.0028976528288411     
   12.639374242817562        1.0025319386519265     
   12.655026718660059        1.0029548301021465     
   12.670679194502558        1.0023831781589010     
   12.686331670345057        1.0024505248774693     
   12.701984146187556        1.0028226244233283     
   12.717636622030053        1.0028899026968574     
   12.733289097872552        1.0027698737684885     
   12.748941573715051        1.0041763756465609     
   12.764594049557550        1.0038485424946595     
   12.780246525400047        1.0028577455811742     
   12.795899001242546        1.0034734797707769     
   12.811551477085045        1.0029949043047526     
   12.827203952927544        1.0023364074312984     
   12.842856428770041        1.0025441715572212     
   12.858508904612540        1.0024516114236899     
   12.874161380455039        1.0021444260516139     
   12.889813856297538        1.0020311675696574     
   12.905466332140035        1.0023304907057247     
   12.921118807982534        1.0016417809828353     
   12.936771283825033        1.0019732236477408     
   12.952423759667532        1.0014106809963421     
   12.968076235510029        1.0011792013409606     
   12.983728711352528        1.0003034171213010     
   12.999381187195027        1.0000996765228987     
   13.015033663037526        1.0009864886754434     
   13.030686138880023        1.0007937530274225     
   13.046338614722522        1.0011376136529084     
   13.061991090565021        1.0011297038816256     
   13.077643566407520        1.0002807486629388     
   13.093296042250019        1.0002988012520140     
   13.108948518092516       0.99972763897297590     
   13.124600993935015       0.99920360061117364     
   13.140253469777514       0.99901583112612413     
   13.155905945620013       0.99883282694234810     
   13.171558421462510       0.99838307554644778     
   13.187210897305009       0.99839574334581960     
   13.202863373147508       0.99825580413654891     
   13.218515848990007       0.99877048118461953     
   13.234168324832504       0.99952606366457586     
   13.249820800675003       0.99952519275645224     
   13.265473276517502       0.99996912618544265     
   13.281125752360001       0.99880955664527338     
   13.296778228202498       0.99898337193450837     
   13.312430704044997       0.99824494940181119     
   13.328083179887496       0.99862009758316739     
   13.343735655729995       0.99892879693600511     
   13.359388131572492       0.99879570507106863     
   13.375040607414991       0.99945179134877760     
   13.390693083257490       0.99965709421853022     
   13.406345559099989        1.0002442905461577     
   13.421998034942487        1.0015030246988179     
   13.437650510784986        1.0019948959299256     
   13.453302986627484        1.0024528036106568     
   13.468955462469983        1.0027277855528209     
   13.484607938312481        1.0024477885621763     
   13.500260414154980        1.0029587678540597     
   13.515912889997479        1.0021357032024096     
   13.531565365839977        1.0018731974961501     
   13.547217841682476        1.0018291341136629     
   13.562870317524974        1.0022489454106189     
   13.578522793367473        1.0022154291064032     
   13.594175269209972        1.0029867981458487     
   13.609827745052471        1.0030061820250895     
   13.625480220894968        1.0034080587045440     
   13.641132696737467        1.0029168948824032     
   13.656785172579966        1.0033439830975328     
   13.672437648422465        1.0031909566043691     
   13.688090124264962        1.0036932442336421     
   13.703742600107461        1.0032994718456871     
   13.719395075949960        1.0033229585866772     
   13.735047551792459        1.0027767495228772     
   13.750700027634956        1.0024462781166785     
   13.766352503477455        1.0024902286060060     
   13.782004979319954        1.0022781425067113     
   13.797657455162453        1.0025117129515790     
   13.813309931004950        1.0029862442022086     
   13.828962406847449        1.0026930895717019     
   13.844614882689948        1.0024626218636798     
   13.860267358532447        1.0020204617213815     
   13.875919834374944        1.0019433508899773     
   13.891572310217443        1.0021419494411605     
   13.907224786059942        1.0023646121266592     
   13.922877261902441        1.0017143411522895     
   13.938529737744938        1.0016482851936555     
   13.954182213587437        1.0014497645165583     
   13.969834689429936        1.0013548714396650     
   13.985487165272435        1.0005059891721477     
   14.001139641114932        1.0011236366754801     
   14.016792116957431        1.0006355643563731     
   14.032444592799930        1.0005206023809894     
   14.048097068642429       0.99909302386338061     
   14.063749544484928        1.0006188950356285     
   14.079402020327425        1.0001632997384720     
   14.095054496169924        1.0007668476287952     
   14.110706972012423        1.0001656571923421     
   14.126359447854922        1.0007439638388433     
   14.142011923697419        1.0003890745212023     
   14.157664399539918       0.99961957416122238     
   14.173316875382417       0.99938616372972533     
   14.188969351224916       0.99906678018308437     
   14.204621827067413       0.99937673370587221     
   14.220274302909912        1.0005310601603474     
   14.235926778752411        1.0004015507479236     
   14.251579254594910        1.0005554803181387     
   14.267231730437407        1.0000233521380260     
   14.282884206279906        1.0007456087730779     
   14.298536682122405       0.99966792532892179     
   14.314189157964904       0.99952589265702851     
   14.329841633807401       0.99987398251102610     
   14.345494109649900       0.99927659019044224     
   14.361146585492399       0.99934783304532382     
   14.376799061334898       0.99891354639860708     
   14.392451537177395       0.99955132158989557     
   14.408104013019894       0.99951500463997534     
   14.423756488862393        1.0004704691007709     
   14.439408964704892        1.0005829753206392     
   14.455061440547389        1.0000713197158937     
   14.470713916389888       0.99945857973043528     
   14.486366392232387        1.0003182037407277     
   14.502018868074886        1.0006072422027912     
   14.517671343917383        1.0012844276931243     
   14.533323819759882        1.0020286214494909     
   14.548976295602381        1.0020963184963085     
   14.564628771444880        1.0025656526963702     
   14.580281247287379        1.0031437524083235     
   14.595933723129876        1.0033529438266531     
   14.611586198972375        1.0030265504980607     
   14.627238674814874        1.0027015215571919     
   14.642891150657373        1.0030253614847000     
   14.658543626499871        1.0021263005862722     
   14.674196102342369        1.0025576958319289     
   14.689848578184868        1.0025903664877394     
   14.705501054027367        1.0026224156752399     
   14.721153529869865        1.0021993269595539     
   14.736806005712364        1.0027434773242230     
   14.752458481554863        1.0029738706903288     
   14.768110957397361        1.0023790769187992     
   14.783763433239859        1.0024049215782005     
   14.799415909082358        1.0010242417819468     
   14.815068384924857        1.0013916702768999     
   14.830720860767356        1.0020641316471410     
   14.846373336609853        1.0023017653884123     
   14.862025812452352        1.0024399440896059     
   14.877678288294851        1.0024461406314469     
   14.893330764137350        1.0028964654069084     
   14.908983239979847        1.0030967333724650     
   14.924635715822346        1.0022937854329457     
   14.940288191664845        1.0027846843783179     
   14.955940667507344        1.0021703161437767     
   14.971593143349841        1.0020977160841271     
   14.987245619192340        1.0014762506512791     
   15.002898095034839        1.0019275444253186     
   15.018550570877338        1.0016682246529471     
   15.034203046719837        1.0012475971376993     
   15.049855522562334        1.0014864264913699     
   15.065507998404833        1.0010864716788235     
   15.081160474247332        1.0010099269928823     
   15.096812950089831        1.0012703020536906     
   15.112465425932328        1.0005851330363655     
   15.128117901774827        1.0008029179447597     
   15.143770377617326        1.0011495229147813     
   15.159422853459825        1.0015267861575921     
   15.175075329302322        1.0012861718795165     
   15.190727805144821        1.0010091874716600     
   15.206380280987320        1.0019570653809218     
   15.222032756829819        1.0005816942176429     
   15.237685232672316       0.99980922444909226     
   15.253337708514815       0.99920222579043672     
   15.268990184357314       0.99943855488635258     
   15.284642660199813       0.99949640648135096     
   15.300295136042310       0.99986785584546700     
   15.315947611884809       0.99879175453326896     
   15.331600087727308       0.99991700254749383     
   15.347252563569807       0.99931350262237439     
   15.362905039412304       0.99914084738040887     
   15.378557515254803       0.99913405038259762     
   15.394209991097302       0.99933372944051391     
   15.409862466939801       0.99888095836663715     
   15.425514942782298       0.99998716341953997     
   15.441167418624797       0.99982121812581670     
   15.456819894467296        1.0005047873085551     
   15.472472370309795        1.0007641776418070     
   15.488124846152292       0.99978979048327921     
   15.503777321994791        1.0001372224445921     
   15.519429797837290        1.0003630421392298     
   15.535082273679789        1.0012514958229735     
   15.550734749522288        1.0001139441538982     
   15.566387225364785        1.0015956698891639     
   15.582039701207284        1.0011613599807312     
   15.597692177049783        1.0014210270501851     
   15.613344652892282        1.0015488650128710     
   15.628997128734779        1.0021300097086194     
   15.644649604577278        1.0023898996453198     
