   9.0369611411506394E-003   0.0000000000000000     
   2.7110883423451918E-002   0.0000000000000000     
   4.5184805705753200E-002   0.0000000000000000     
   6.3258727988054472E-002   0.0000000000000000     
   8.1332650270355758E-002   0.0000000000000000     
   9.9406572552657044E-002   0.0000000000000000     
  0.11748049483495832        0.0000000000000000     
  0.13555441711725957        0.0000000000000000     
  0.15362833939956086        0.0000000000000000     
  0.17170226168186214        0.0000000000000000     
  0.18977618396416343        0.0000000000000000     
  0.20785010624646469        0.0000000000000000     
  0.22592402852876597        0.0000000000000000     
  0.24399795081106726        0.0000000000000000     
  0.26207187309336855        0.0000000000000000     
  0.28014579537566986        0.0000000000000000     
  0.29821971765797112        0.0000000000000000     
  0.31629363994027238        0.0000000000000000     
  0.33436756222257369        0.0000000000000000     
  0.35244148450487495        0.0000000000000000     
  0.37051540678717626        0.0000000000000000     
  0.38858932906947752        0.0000000000000000     
  0.40666325135177878        0.0000000000000000     
  0.42473717363408009        0.0000000000000000     
  0.44281109591638135        0.0000000000000000     
  0.46088501819868261        0.0000000000000000     
  0.47895894048098392        0.0000000000000000     
  0.49703286276328518        0.0000000000000000     
  0.51510678504558638        0.0000000000000000     
  0.53318070732788769        0.0000000000000000     
  0.55125462961018901        0.0000000000000000     
  0.56932855189249021        0.0000000000000000     
  0.58740247417479152        0.0000000000000000     
  0.60547639645709284        0.0000000000000000     
  0.62355031873939404        0.0000000000000000     
  0.64162424102169535        0.0000000000000000     
  0.65969816330399667        0.0000000000000000     
  0.67777208558629787        0.0000000000000000     
  0.69584600786859918        0.0000000000000000     
  0.71391993015090049        0.0000000000000000     
  0.73199385243320181        0.0000000000000000     
  0.75006777471550301        0.0000000000000000     
  0.76814169699780432        0.0000000000000000     
  0.78621561928010564        0.0000000000000000     
  0.80428954156240684        0.0000000000000000     
  0.82236346384470815        0.0000000000000000     
  0.84043738612700947        0.0000000000000000     
  0.85851130840931067        4.3665524811452921E-006
  0.87658523069161198        1.8816690073388955E-004
  0.89465915297391330        2.0364012934795759E-003
  0.91273307525621450        1.5292985401353692E-002
  0.93080699753851581        6.6498460900785331E-002
  0.94888091982081713       0.20225756730576139     
  0.96695484210311833       0.45804737640422533     
  0.98502876438541964       0.83069154190906991     
   1.0031026866677211        1.2706610679582264     
   1.0211766089500223        1.6995479144239112     
   1.0392505312323237        2.0655111744816135     
   1.0573244535146249        2.3266382758377082     
   1.0753983757969261        2.4834271871316123     
   1.0934722980792275        2.5399049415773751     
   1.1115462203615287        2.5240936493220021     
   1.1296201426438299        2.4573121665222240     
   1.1476940649261314        2.3543201181621045     
   1.1657679872084326        2.2365684903890131     
   1.1838419094907338        2.1145006223911049     
   1.2019158317730352        1.9845747104350790     
   1.2199897540553364        1.8551184200608448     
   1.2380636763376376        1.7389267763872116     
   1.2561375986199390        1.6262100878507328     
   1.2742115209022402        1.5258083045437469     
   1.2922854431845414        1.4363997294651125     
   1.3103593654668428        1.3473162555572413     
   1.3284332877491440        1.2716736039612098     
   1.3465072100314452        1.2027193323985614     
   1.3645811323137467        1.1433675252865763     
   1.3826550545960479        1.0901033341683033     
   1.4007289768783491        1.0413128282301842     
   1.4188028991606505       0.99247204469332673     
   1.4368768214429517       0.95145146332181962     
   1.4549507437252531       0.91222298798260626     
   1.4730246660075543       0.88032330006276338     
   1.4910985882898555       0.85121699771228532     
   1.5091725105721570       0.82476646026830125     
   1.5272464328544582       0.80363511064946513     
   1.5453203551367594       0.78258445205205063     
   1.5633942774190608       0.76043555629472348     
   1.5814681997013620       0.74631187486710282     
   1.5995421219836632       0.73277337467020753     
   1.6176160442659646       0.71830337183167359     
   1.6356899665482658       0.70947020975667308     
   1.6537638888305670       0.69974773025748671     
   1.6718378111128684       0.69351480645206187     
   1.6899117333951696       0.68888483233649178     
   1.7079856556774708       0.68542611796682018     
   1.7260595779597723       0.68289554452304924     
   1.7441335002420735       0.68510835122868474     
   1.7622074225243747       0.68877444621308614     
   1.7802813448066761       0.69271880711838940     
   1.7983552670889773       0.69988787252735163     
   1.8164291893712785       0.70893472376652356     
   1.8345031116535799       0.72109532682599653     
   1.8525770339358811       0.73524250305403582     
   1.8706509562181823       0.75133971233995822     
   1.8887248785004838       0.76740968978178037     
   1.9067988007827850       0.78754737005985398     
   1.9248727230650862       0.80873051754892233     
   1.9429466453473876       0.83448971216929124     
   1.9610205676296888       0.86268166357436282     
   1.9790944899119900       0.89326623922575332     
   1.9971684121942914       0.92598796297967467     
   2.0152423344765928       0.96452087527428931     
   2.0333162567588938        1.0026342444078824     
   2.0513901790411952        1.0382284989617778     
   2.0694641013234967        1.0738069504731265     
   2.0875380236057977        1.1072016191443488     
   2.1056119458880991        1.1422101536911438     
   2.1236858681704005        1.1679759559637479     
   2.1417597904527015        1.1879745856127406     
   2.1598337127350029        1.2080559361370908     
   2.1779076350173043        1.2199249408920385     
   2.1959815572996053        1.2282560919595884     
   2.2140554795819067        1.2311338772285993     
   2.2321294018642082        1.2325543263475507     
   2.2502033241465091        1.2279528575246552     
   2.2682772464288106        1.2180634274732958     
   2.2863511687111120        1.2092108250702804     
   2.3044250909934130        1.2012819962318400     
   2.3224990132757144        1.1855457161553589     
   2.3405729355580158        1.1700164307289713     
   2.3586468578403168        1.1564329073815223     
   2.3767207801226182        1.1399653134357588     
   2.3947947024049197        1.1253484409613390     
   2.4128686246872206        1.1078696752312527     
   2.4309425469695221        1.0908366387667623     
   2.4490164692518235        1.0752788153029551     
   2.4670903915341245        1.0567435678840289     
   2.4851643138164259        1.0418674008835147     
   2.5032382360987273        1.0280851164357456     
   2.5213121583810283        1.0145428018038780     
   2.5393860806633297        1.0036489799246939     
   2.5574600029456311       0.99201352818244060     
   2.5755339252279321       0.98322972183691593     
   2.5936078475102335       0.96986870264505931     
   2.6116817697925350       0.95929852878043109     
   2.6297556920748359       0.95060564019276994     
   2.6478296143571374       0.94290071256270547     
   2.6659035366394388       0.93289358502155495     
   2.6839774589217398       0.92613170389735910     
   2.7020513812040412       0.92188539879162767     
   2.7201253034863426       0.91608929173680742     
   2.7381992257686436       0.91053398707969957     
   2.7562731480509450       0.90667410682940808     
   2.7743470703332465       0.90524197799477069     
   2.7924209926155474       0.90615421314662714     
   2.8104949148978489       0.90553881262127911     
   2.8285688371801503       0.90504724139177295     
   2.8466427594624513       0.90797201654849202     
   2.8647166817447527       0.91157110375678330     
   2.8827906040270541       0.91608734548108162     
   2.9008645263093555       0.92084970401145083     
   2.9189384485916565       0.92245219156390845     
   2.9370123708739579       0.92753095246452499     
   2.9550862931562594       0.93390495806269769     
   2.9731602154385603       0.94166154243309885     
   2.9912341377208618       0.94791386986949089     
   3.0093080600031632       0.95674010333028048     
   3.0273819822854642       0.96462696999116559     
   3.0454559045677656       0.97351144100496501     
   3.0635298268500670       0.98105456686872317     
   3.0816037491323680       0.98728603140451865     
   3.0996776714146694       0.99667270106050199     
   3.1177515936969709        1.0053661811318630     
   3.1358255159792718        1.0116372790742216     
   3.1538994382615733        1.0209643110548832     
   3.1719733605438747        1.0271885209830325     
   3.1900472828261757        1.0338198938027472     
   3.2081212051084771        1.0357544896267028     
   3.2261951273907785        1.0437456625919503     
   3.2442690496730795        1.0491068652565603     
   3.2623429719553809        1.0532342912146369     
   3.2804168942376823        1.0551175624445150     
   3.2984908165199833        1.0552799911441626     
   3.3165647388022848        1.0567755414809159     
   3.3346386610845862        1.0557215398586286     
   3.3527125833668872        1.0554375464925048     
   3.3707865056491886        1.0575332089586331     
   3.3888604279314900        1.0549184705066017     
   3.4069343502137910        1.0511211172522890     
   3.4250082724960924        1.0454664939030975     
   3.4430821947783938        1.0439965973038845     
   3.4611561170606948        1.0401533027782268     
   3.4792300393429962        1.0393285795248781     
   3.4973039616252977        1.0341149406265504     
   3.5153778839075986        1.0292156427394172     
   3.5334518061899001        1.0250051436449685     
   3.5515257284722015        1.0211721018643813     
   3.5695996507545025        1.0163140398030468     
   3.5876735730368039        1.0113565506768993     
   3.6057474953191053        1.0079604195726330     
   3.6238214176014063        1.0049302299704219     
   3.6418953398837077        1.0025559530970440     
   3.6599692621660092       0.99905898670759419     
   3.6780431844483101       0.99456442842323556     
   3.6961171067306116       0.99082835589515905     
   3.7141910290129130       0.98715841853363095     
   3.7322649512952140       0.98410407375063136     
   3.7503388735775154       0.98064585386299841     
   3.7684127958598168       0.97957793315866903     
   3.7864867181421178       0.97943548995042651     
   3.8045606404244192       0.97599404877768525     
   3.8226345627067206       0.97422629837214181     
   3.8407084849890216       0.97306472157364676     
   3.8587824072713230       0.97375644021153451     
   3.8768563295536245       0.97377547920560026     
   3.8949302518359254       0.97356575602718931     
   3.9130041741182269       0.97283728659411550     
   3.9310780964005283       0.97512083311839548     
   3.9491520186828293       0.97294193434123688     
   3.9672259409651307       0.97657717469269878     
   3.9852998632474321       0.97584120809296127     
   4.0033737855297327       0.97759848071938193     
   4.0214477078120350       0.97734135222248586     
   4.0395216300943355       0.98196880898580774     
   4.0575955523766369       0.98392198086870097     
   4.0756694746589384       0.98793194214786950     
   4.0937433969412398       0.99074444298668252     
   4.1118173192235412       0.99098994930959938     
   4.1298912415058426       0.99193632650750152     
   4.1479651637881432       0.99536022818941494     
   4.1660390860704446       0.99657502864114567     
   4.1841130083527460       0.99950805972863699     
   4.2021869306350474        1.0030309574388321     
   4.2202608529173489        1.0025095844771668     
   4.2383347751996503        1.0043692637776234     
   4.2564086974819508        1.0055926773490511     
   4.2744826197642523        1.0083286608827358     
   4.2925565420465537        1.0106765607676602     
   4.3106304643288551        1.0144810006314948     
   4.3287043866111565        1.0155785419195487     
   4.3467783088934580        1.0155604752776308     
   4.3648522311757585        1.0163606088100281     
   4.3829261534580599        1.0161615629016343     
   4.4010000757403613        1.0148853578669228     
   4.4190739980226628        1.0148861155955879     
   4.4371479203049642        1.0145839875971039     
   4.4552218425872656        1.0160121770152468     
   4.4732957648695661        1.0169440279168922     
   4.4913696871518676        1.0138436827829573     
   4.5094436094341690        1.0148544825569128     
   4.5275175317164704        1.0146814677025207     
   4.5455914539987718        1.0121375883933870     
   4.5636653762810733        1.0109700406508928     
   4.5817392985633738        1.0109203521965531     
   4.5998132208456752        1.0085190351765625     
   4.6178871431279767        1.0085134236481834     
   4.6359610654102781        1.0082519273817878     
   4.6540349876925795        1.0075804588505877     
   4.6721089099748809        1.0047289455114297     
   4.6901828322571824        1.0045973538560440     
   4.7082567545394829        1.0039862631536258     
   4.7263306768217843        1.0003059560447725     
   4.7444045991040857       0.99945907458154837     
   4.7624785213863872       0.99996384236676705     
   4.7805524436686886       0.99833618159130988     
   4.7986263659509900       0.99707467002322958     
   4.8167002882332906       0.99751615990953113     
   4.8347742105155920       0.99545959875412526     
   4.8528481327978934       0.99431906974573514     
   4.8709220550801948       0.99468813883459817     
   4.8889959773624962       0.99337832025226891     
   4.9070698996447977       0.99305905663489114     
   4.9251438219270982       0.99152697275337809     
   4.9432177442093996       0.99061012551792160     
   4.9612916664917011       0.98961004242296025     
   4.9793655887740025       0.98955979251222548     
   4.9974395110563039       0.99022853164476432     
   5.0155134333386053       0.99057741017503953     
   5.0335873556209059       0.99228592032515506     
   5.0516612779032073       0.99297891340679312     
   5.0697352001855087       0.99341888524728739     
   5.0878091224678101       0.99413977037529122     
   5.1058830447501116       0.99438015798119450     
   5.1239569670324130       0.99552128982991350     
   5.1420308893147135       0.99614881197525273     
   5.1601048115970150       0.99925869363020514     
   5.1781787338793164        1.0004131993934693     
   5.1962526561616178       0.99942171479247099     
   5.2143265784439192       0.99860497367293910     
   5.2324005007262206       0.99948003166325960     
   5.2504744230085212       0.99977930897275935     
   5.2685483452908226        1.0006382865279166     
   5.2866222675731240        1.0020154143509865     
   5.3046961898554255        1.0034280323215017     
   5.3227701121377269        1.0054434307324951     
   5.3408440344200283        1.0050267945103843     
   5.3589179567023288        1.0042156344653677     
   5.3769918789846303        1.0045386630666227     
   5.3950658012669317        1.0056922990962509     
   5.4131397235492331        1.0048067092394566     
   5.4312136458315345        1.0059880117316884     
   5.4492875681138360        1.0055524070861872     
   5.4673614903961365        1.0065753322849058     
   5.4854354126784379        1.0067700724282422     
   5.5035093349607394        1.0061362725560341     
   5.5215832572430408        1.0053542035372403     
   5.5396571795253422        1.0062263770531261     
   5.5577311018076436        1.0060352491842071     
   5.5758050240899442        1.0047578800524528     
   5.5938789463722456        1.0029365622103819     
   5.6119528686545470        1.0047698654587800     
   5.6300267909368484        1.0036200570611602     
   5.6481007132191499        1.0025791559817692     
   5.6661746355014513        1.0022028554867111     
   5.6842485577837518        1.0017501383221863     
   5.7023224800660532        1.0028826645678084     
   5.7203964023483547        1.0030601026134243     
   5.7384703246306561        1.0018655489449579     
   5.7565442469129575        1.0022140559295822     
   5.7746181691952589        1.0022539709874225     
   5.7926920914775604       0.99973060349471266     
   5.8107660137598609        1.0005044180292972     
   5.8288399360421623       0.99899448258520362     
   5.8469138583244638       0.99903968895690642     
   5.8649877806067652       0.99842115639848206     
   5.8830617028890666       0.99835665355840364     
   5.9011356251713680        1.0000137732855021     
   5.9192095474536686        1.0000109830062527     
   5.9372834697359700       0.99976638777889115     
   5.9553573920182714       0.99978293467032497     
   5.9734313143005728       0.99840743547865285     
   5.9915052365828743       0.99862944927420860     
   6.0095791588651757       0.99741633895156068     
   6.0276530811474762       0.99722579257075694     
   6.0457270034297776       0.99786448029333974     
   6.0638009257120791       0.99760387573366327     
   6.0818748479943805       0.99800311193614455     
   6.0999487702766819       0.99735401507867849     
   6.1180226925589833       0.99686683932715170     
   6.1360966148412839       0.99820158206494369     
   6.1541705371235853       0.99754757047891862     
   6.1722444594058867       0.99832892147734631     
   6.1903183816881882       0.99819249479340799     
   6.2083923039704896       0.99851606549967897     
   6.2264662262527910       0.99869266015097047     
   6.2445401485350915       0.99933228143452135     
   6.2626140708173930       0.99877462346600709     
   6.2806879930996944       0.99999764462606600     
   6.2987619153819958        1.0010351007496883     
   6.3168358376642972        1.0015957164342797     
   6.3349097599465987        1.0009577816425939     
   6.3529836822288992        1.0000302095305236     
   6.3710576045112006        1.0000893525880825     
   6.3891315267935020        1.0019878723525062     
   6.4072054490758035        1.0010196078530529     
   6.4252793713581049        1.0038543709450480     
   6.4433532936404063        1.0031760386457289     
   6.4614272159227069        1.0043664618842141     
   6.4795011382050083        1.0029311346544179     
   6.4975750604873097        1.0021528541636224     
   6.5156489827696111        1.0011455897671218     
   6.5337229050519126        1.0036997242818380     
   6.5517968273342140        1.0041934047851888     
   6.5698707496165145        1.0050832148559656     
   6.5879446718988159        1.0056873265221056     
   6.6060185941811174        1.0039444705922924     
   6.6240925164634188        1.0031944188816306     
   6.6421664387457202        1.0033590832084003     
   6.6602403610280216        1.0016437698882199     
   6.6783142833103222       0.99950214940204096     
   6.6963882055926236        1.0017741903171273     
   6.7144621278749250        1.0006009665911857     
   6.7325360501572264        1.0002776072420934     
   6.7506099724395279        1.0006573459342949     
   6.7686838947218293        1.0018865781071193     
   6.7867578170041298        1.0019120224418037     
   6.8048317392864313        1.0017646266349098     
   6.8229056615687327        1.0008081463767480     
   6.8409795838510341       0.99985699416650653     
   6.8590535061333355       0.99997605754715724     
   6.8771274284156370        1.0010500585939095     
   6.8952013506979375        1.0006271342376940     
   6.9132752729802389       0.99953348699609523     
   6.9313491952625403       0.99836658096180997     
   6.9494231175448418        1.0018764084992655     
   6.9674970398271432        1.0009758045552246     
   6.9855709621094446       0.99938866898655432     
   7.0036448843917460       0.99987714682868212     
   7.0217188066740466       0.99974167707138206     
   7.0397927289563480       0.99968544761658462     
   7.0578666512386494       0.99971634798797726     
   7.0759405735209508        1.0004792548392727     
   7.0940144958032523        1.0009700928512022     
   7.1120884180855537       0.99904698394548563     
   7.1301623403678542       0.99969064512203920     
   7.1482362626501557        1.0008179826996433     
   7.1663101849324571       0.99929402888788954     
   7.1843841072147585       0.99970340614375242     
   7.2024580294970599        1.0004911996204806     
   7.2205319517793614        1.0012555800595104     
   7.2386058740616619        1.0024876737962432     
   7.2566797963439633        1.0010725591480574     
   7.2747537186262647       0.99947896544855963     
   7.2928276409085662        1.0000167299439602     
   7.3109015631908676        1.0010992063621202     
   7.3289754854731690        1.0008807268468980     
   7.3470494077554696        1.0001219610594769     
   7.3651233300377710       0.99998329968111876     
   7.3831972523200724        1.0001098490255564     
   7.4012711746023738        1.0002712352157130     
   7.4193450968846753       0.99944000010966338     
   7.4374190191669767       0.99931870890594166     
   7.4554929414492772        1.0018553837650173     
   7.4735668637315786        1.0032170825402844     
   7.4916407860138801        1.0022138776119709     
   7.5097147082961815        1.0026753672434798     
   7.5277886305784829        1.0030128832179352     
   7.5458625528607843        1.0020727685116493     
   7.5639364751430849        1.0018005156404246     
   7.5820103974253863        1.0008573901138531     
   7.6000843197076877        1.0008564168434249     
   7.6181582419899891        1.0004908177500018     
   7.6362321642722906        1.0012967978042406     
   7.6543060865545920        1.0008613606901424     
   7.6723800088368925        1.0021918257219395     
   7.6904539311191940        1.0010163782192576     
   7.7085278534014954        1.0014712047080920     
   7.7266017756837968        1.0016694303785274     
   7.7446756979660982        1.0016353596069476     
   7.7627496202483997        1.0017702256709884     
   7.7808235425307002        1.0029704288841537     
   7.7988974648130016        1.0032570741733833     
   7.8169713870953030        1.0020327278254242     
   7.8350453093776045        1.0015070755442692     
   7.8531192316599059        1.0031796810806386     
   7.8711931539422073        1.0012052642901046     
   7.8892670762245078       0.99981912502223369     
   7.9073409985068093        1.0002372815647382     
   7.9254149207891107        1.0000062280754973     
   7.9434888430714121       0.99923351173684793     
   7.9615627653537135        1.0001953989556407     
   7.9796366876360150       0.99993570904038109     
   7.9977106099183155       0.99958977547097017     
   8.0157845322006178        1.0001798047659851     
   8.0338584544829192        1.0008161740427257     
   8.0519323767652189       0.99971776764730003     
   8.0700062990475203       0.99905396867048457     
   8.0880802213298217       0.99912568045864880     
   8.1061541436121232        1.0011132563742804     
   8.1242280658944246        1.0017603117143636     
   8.1423019881767260        1.0018055110330137     
   8.1603759104590274        1.0018831262977304     
   8.1784498327413289        1.0022097503702696     
   8.1965237550236303        1.0024347728765282     
   8.2145976773059317        1.0019761050322895     
   8.2326715995882331        1.0013202361274494     
   8.2507455218705346        1.0028269982866616     
   8.2688194441528360        1.0038552279253714     
   8.2868933664351356        1.0018897172106258     
   8.3049672887174371        1.0023397700953376     
   8.3230412109997385        1.0007040722290494     
   8.3411151332820399        1.0005853179512816     
   8.3591890555643413        1.0001040514733905     
   8.3772629778466428        1.0014434577548514     
   8.3953369001289442        1.0011468311832528     
   8.4134108224112456        1.0011767426576375     
   8.4314847446935470        1.0014346115696582     
   8.4495586669758485        1.0011270412544853     
   8.4676325892581499        1.0013088754981894     
   8.4857065115404513        1.0012191298476749     
   8.5037804338227510        1.0004674162883667     
   8.5218543561050524        1.0008107146736673     
   8.5399282783873538        1.0006455546837989     
   8.5580022006696552        1.0004186718172101     
   8.5760761229519566        1.0011738507005055     
   8.5941500452342581        1.0000892495715925     
   8.6122239675165595        1.0001576888760630     
   8.6302978897988609       0.99925719844204020     
   8.6483718120811623        1.0002002983969829     
   8.6664457343634638        1.0020592978473657     
   8.6845196566457652        1.0009073051622566     
   8.7025935789280666        1.0008460450392445     
   8.7206675012103663        1.0000016046677356     
   8.7387414234926677        1.0008094372903855     
   8.7568153457749691        1.0004291867761008     
   8.7748892680572705        1.0001455572763651     
   8.7929631903395720        1.0010186707011031     
   8.8110371126218734        1.0010532389136333     
   8.8291110349041748        1.0009592277251635     
   8.8471849571864762        1.0015355029459030     
   8.8652588794687777        1.0005440126794969     
   8.8833328017510791       0.99959263765572204     
   8.9014067240333805        1.0001561748947954     
   8.9194806463156819        1.0002456570282443     
   8.9375545685979816        1.0002924141874290     
   8.9556284908802830        1.0004289794251111     
   8.9737024131625844       0.99944835758801964     
   8.9917763354448859       0.99940242287323278     
   9.0098502577271873        1.0006529407091829     
   9.0279241800094887        1.0017560249275737     
   9.0459981022917901        1.0010056123746296     
   9.0640720245740916        1.0008237655239971     
   9.0821459468563930        1.0008432431663565     
   9.1002198691386944        1.0020996959963731     
   9.1182937914209958        1.0027860801268458     
   9.1363677137032973        1.0038349236793480     
   9.1544416359855969        1.0032846270975933     
   9.1725155582678983        1.0027965769116278     
   9.1905894805501998        1.0027603471804554     
   9.2086634028325012        1.0019542530598022     
   9.2267373251148026        1.0025182810054503     
   9.2448112473971040        1.0014183806439456     
   9.2628851696794055        1.0031178667204836     
   9.2809590919617069        1.0031211498739194     
   9.2990330142440083        1.0022605091017112     
   9.3171069365263097        1.0027044061392711     
   9.3351808588086111        1.0040874643538125     
   9.3532547810909126        1.0023427865222814     
   9.3713287033732140        1.0015934919932268     
   9.3894026256555136        1.0017444002695524     
   9.4074765479378151        1.0015388819245528     
   9.4255504702201165        1.0017030375285350     
   9.4436243925024179        1.0006149520609262     
   9.4616983147847193        1.0004183157801516     
   9.4797722370670208        1.0010107502051766     
   9.4978461593493222        1.0006037376769725     
   9.5159200816316236        1.0012924492742854     
   9.5339940039139250        1.0000587669067997     
   9.5520679261962265       0.99977595657575102     
   9.5701418484785279       0.99994722881887244     
   9.5882157707608293        1.0010864912781368     
   9.6062896930431290        1.0013079207281463     
   9.6243636153254304        1.0002585385045317     
   9.6424375376077318        1.0008338914934072     
   9.6605114598900332        1.0009088389785239     
   9.6785853821723347        1.0004943181261259     
   9.6966593044546361        1.0001874644272979     
   9.7147332267369375        1.0004812192366968     
   9.7328071490192389        1.0001653226564415     
   9.7508810713015404        1.0001992940843962     
   9.7689549935838418       0.99980910757301733     
   9.7870289158661432        1.0007381800719122     
   9.8051028381484446        1.0011654669485794     
   9.8231767604307443        1.0009036904807103     
   9.8412506827130457        1.0016136515800591     
   9.8593246049953471        1.0017347069805957     
   9.8773985272776486        1.0006757509382249     
   9.8954724495599500       0.99959111422936753     
   9.9135463718422514        1.0000630861560607     
   9.9316202941245528        1.0011742579854173     
   9.9496942164068543       0.99958146739891252     
   9.9677681386891557       0.99959450947578676     
   9.9858420609714571        1.0005856219764171     
   10.003915983253759        1.0011330366816837     
   10.021989905536060        1.0000386376482953     
   10.040063827818360       0.99961801821481255     
   10.058137750100661        1.0012450698723230     
   10.076211672382962        1.0013148856804346     
   10.094285594665264        1.0014028343890811     
   10.112359516947565        1.0008003953836360     
   10.130433439229867        1.0008286305513263     
   10.148507361512168       0.99954820891012908     
   10.166581283794470        1.0016316645512946     
   10.184655206076771        1.0015655188709074     
   10.202729128359072        1.0018279015109330     
   10.220803050641374        1.0012153314417709     
   10.238876972923675        1.0011164041730105     
   10.256950895205975       0.99985869822200335     
   10.275024817488276        1.0015701025108146     
   10.293098739770578        1.0014687061246861     
   10.311172662052879        1.0017819423485188     
   10.329246584335181        1.0021982416594823     
   10.347320506617482        1.0019625942713881     
   10.365394428899783        1.0013762364504522     
   10.383468351182085        1.0014879840983091     
   10.401542273464386        1.0021309360692905     
   10.419616195746688        1.0030154061895318     
   10.437690118028989        1.0016743703166966     
   10.455764040311291        1.0022568384084289     
   10.473837962593592        1.0017293730429755     
   10.491911884875892        1.0013748704958823     
   10.509985807158193        1.0008386087699583     
   10.528059729440495        1.0005922495657498     
   10.546133651722796        1.0003568654067396     
   10.564207574005097        1.0014267241853327     
   10.582281496287399        1.0008579043832708     
   10.600355418569700        1.0002728117093260     
   10.618429340852002       0.99975661199848831     
   10.636503263134303       0.99959795527678375     
   10.654577185416604       0.99995335118003437     
   10.672651107698906        1.0009991483454872     
   10.690725029981207        1.0006528235903778     
   10.708798952263507        1.0007298416342429     
   10.726872874545808        1.0002947993558708     
   10.744946796828110        1.0007002854603777     
   10.763020719110411        1.0000981778573494     
   10.781094641392713        1.0010655825729085     
   10.799168563675014        1.0011735485605120     
   10.817242485957316        1.0009373743895382     
   10.835316408239617        1.0005345368438257     
   10.853390330521918        1.0005540806138289     
   10.871464252804220       0.99945322834803740     
   10.889538175086521        1.0009299952811015     
   10.907612097368823       0.99978645883062578     
   10.925686019651122       0.99958357328422731     
   10.943759941933424        1.0012730648802837     
   10.961833864215725        1.0019183900662147     
   10.979907786498027        1.0016762946709221     
   10.997981708780328        1.0013671645237194     
   11.016055631062629        1.0023324414824322     
   11.034129553344931        1.0027773021083632     
   11.052203475627232        1.0014055625913523     
   11.070277397909534        1.0004504156647600     
   11.088351320191835        1.0007076897805474     
   11.106425242474137        1.0013617350857480     
   11.124499164756438        1.0011708679473532     
   11.142573087038738        1.0012046847052110     
   11.160647009321039        1.0012434302648940     
   11.178720931603340        1.0012664569661904     
   11.196794853885642        1.0017023903900992     
   11.214868776167943        1.0024180353182668     
   11.232942698450245        1.0006781511457443     
   11.251016620732546        1.0014467858883500     
   11.269090543014848        1.0006122126596637     
   11.287164465297149        1.0007223810431691     
   11.305238387579450        1.0012737128688360     
   11.323312309861752        1.0013114605842703     
   11.341386232144053        1.0012836418908793     
   11.359460154426353        1.0003264387454396     
   11.377534076708654        1.0003801734842557     
   11.395607998990956        1.0018787082466203     
   11.413681921273257        1.0017125502283761     
   11.431755843555559        1.0013119608433143     
   11.449829765837860        1.0011838914165192     
   11.467903688120161        1.0015186105504557     
   11.485977610402463        1.0003483407854190     
   11.504051532684764        1.0003263389388419     
   11.522125454967066        1.0014049057707926     
   11.540199377249367        1.0012260438844716     
   11.558273299531669        1.0021044197665714     
   11.576347221813970        1.0010189560882548     
   11.594421144096270        1.0008033802637961     
   11.612495066378571        1.0004490176605805     
   11.630568988660873        1.0008101729206700     
   11.648642910943174        1.0001942965213706     
   11.666716833225475        1.0002017587688241     
   11.684790755507777        1.0010048358001662     
   11.702864677790078        1.0009508018662601     
   11.720938600072380       0.99874542273140754     
   11.739012522354681        1.0005404989643871     
   11.757086444636982        1.0006167212912265     
   11.775160366919284        1.0008361306023366     
   11.793234289201585        1.0008911635016575     
   11.811308211483885        1.0012975321097202     
   11.829382133766186        1.0021938544063458     
   11.847456056048488        1.0020208007393283     
   11.865529978330789        1.0016898329352184     
   11.883603900613091        1.0017802148142541     
   11.901677822895392        1.0031785721428339     
   11.919751745177694        1.0014522424868768     
   11.937825667459995        1.0016944029892756     
   11.955899589742296        1.0017212085155669     
   11.973973512024598        1.0004298933725357     
   11.992047434306899        1.0007623727896713     
   12.010121356589201        1.0013752378752583     
   12.028195278871500        1.0029045740304354     
   12.046269201153802        1.0013120840912453     
   12.064343123436103        1.0006295176430307     
   12.082417045718405        1.0000440890839333     
   12.100490968000706       0.99956651595096857     
   12.118564890283007        1.0002486841232001     
   12.136638812565309        1.0000167052567872     
   12.154712734847610        1.0004580763952979     
   12.172786657129912        1.0018980838564735     
   12.190860579412213        1.0020833576868262     
   12.208934501694515        1.0008472161597117     
   12.227008423976816        1.0009795349882171     
   12.245082346259116        1.0022149522481598     
   12.263156268541417        1.0019946963494852     
   12.281230190823718        1.0005939587842503     
   12.299304113106020        1.0006428160673975     
   12.317378035388321        1.0001959038370190     
   12.335451957670623        1.0000722825022033     
   12.353525879952924        1.0008434554335752     
   12.371599802235226        1.0006575864774236     
   12.389673724517527        1.0008634818901700     
   12.407747646799828        1.0008625747331901     
   12.425821569082130        1.0007168594566915     
   12.443895491364431        1.0006628464852774     
   12.461969413646731        1.0014168261442795     
   12.480043335929032        1.0001813188488391     
   12.498117258211334       0.99984111833523570     
   12.516191180493635        1.0002956040230826     
   12.534265102775937        1.0006702707886781     
   12.552339025058238       0.99979819655004976     
   12.570412947340539        1.0000560466133646     
   12.588486869622841       0.99959473612611283     
   12.606560791905142       0.99977868967810957     
   12.624634714187444       0.99972011199169497     
   12.642708636469745       0.99997437535025924     
   12.660782558752047        1.0002743989349636     
   12.678856481034346        1.0001315431821958     
   12.696930403316648        1.0003667154594864     
   12.715004325598949        1.0007560036684675     
   12.733078247881251       0.99985099455927129     
   12.751152170163552        1.0001442158439284     
   12.769226092445853        1.0006402018199336     
   12.787300014728155       0.99984297279433676     
   12.805373937010456        1.0009286009065632     
   12.823447859292758        1.0005471581794905     
   12.841521781575059        1.0008874009394371     
   12.859595703857361        1.0018076719797004     
   12.877669626139662        1.0017008210391216     
   12.895743548421963        1.0027688247989233     
   12.913817470704263        1.0035843359473930     
   12.931891392986564        1.0026694303989836     
   12.949965315268866        1.0028246748503387     
   12.968039237551167        1.0036598243484780     
   12.986113159833469        1.0024754052119351     
   13.004187082115770        1.0023675126847928     
   13.022261004398072        1.0027467099517293     
   13.040334926680373        1.0028577943439576     
   13.058408848962674        1.0016279338601797     
   13.076482771244976        1.0016546842529037     
   13.094556693527277        1.0014437468161703     
   13.112630615809579        1.0025124506963876     
   13.130704538091878        1.0018424102348085     
   13.148778460374180        1.0022979388380180     
   13.166852382656481        1.0018519637938532     
   13.184926304938783        1.0019595025116257     
   13.203000227221084        1.0015836390293262     
   13.221074149503385        1.0011645705888306     
   13.239148071785687        1.0013266899542983     
   13.257221994067988        1.0002724595133519     
   13.275295916350290        1.0005944755536909     
   13.293369838632591        1.0015767657296490     
   13.311443760914893        1.0007869860901031     
   13.329517683197194        1.0008408050917172     
   13.347591605479494       0.99996414693698987     
   13.365665527761795        1.0001406592185300     
   13.383739450044096        1.0003067513466639     
   13.401813372326398       0.99962904430885147     
   13.419887294608699       0.99934270480278720     
   13.437961216891001       0.99989305725117927     
   13.456035139173302       0.99953135549933048     
   13.474109061455604        1.0010146505564095     
   13.492182983737905       0.99929486505046605     
   13.510256906020206       0.99990060584808238     
   13.528330828302508        1.0005360406854589     
   13.546404750584809       0.99987494707060443     
   13.564478672867109       0.99958704852254021     
   13.582552595149410       0.99965167349558581     
   13.600626517431712       0.99962048325106778     
   13.618700439714013        1.0002676256978336     
   13.636774361996315        1.0006020045843831     
   13.654848284278616        1.0004210195703602     
   13.672922206560918        1.0006172255909838     
   13.690996128843219       0.99994233397636412     
   13.709070051125520        1.0009490205398379     
   13.727143973407822        1.0019122293496134     
   13.745217895690123        1.0022205346609969     
   13.763291817972425        1.0008236627395137     
   13.781365740254724        1.0009912753497405     
   13.799439662537026        1.0008676385024911     
   13.817513584819327        1.0010819618455800     
   13.835587507101629        1.0009438983231220     
   13.853661429383930        1.0008926502202249     
   13.871735351666231        1.0024483985294519     
   13.889809273948533        1.0020880551708744     
   13.907883196230834        1.0022514217438374     
   13.925957118513136        1.0021069487677119     
   13.944031040795437        1.0027212522817117     
   13.962104963077739        1.0027946961343674     
   13.980178885360040        1.0013118965093946     
   13.998252807642341        1.0015552828207264     
   14.016326729924641        1.0010594648512521     
   14.034400652206942        1.0015311958927351     
   14.052474574489244        1.0014667125165788     
   14.070548496771545        1.0009362856560577     
   14.088622419053847        1.0010019139353707     
   14.106696341336148        1.0010701643306241     
   14.124770263618450        1.0022116562753771     
   14.142844185900751        1.0017801341869832     
   14.160918108183052        1.0014405139498666     
   14.178992030465354        1.0013987978195966     
   14.197065952747655        1.0024321352882073     
   14.215139875029957        1.0026834376605773     
   14.233213797312256        1.0019968663663541     
   14.251287719594558        1.0028512462834827     
   14.269361641876859        1.0024742316912385     
   14.287435564159161        1.0009854181719799     
   14.305509486441462        1.0011666008811682     
   14.323583408723763        1.0002017881639389     
   14.341657331006065        1.0008664157826115     
   14.359731253288366        1.0016608134524194     
   14.377805175570668        1.0005273268472172     
   14.395879097852969        1.0002282844069275     
   14.413953020135271        1.0007433820880429     
   14.432026942417572        1.0024695778038537     
   14.450100864699872        1.0016479112032743     
   14.468174786982173        1.0006593629072207     
   14.486248709264474        1.0003849231757154     
   14.504322631546776        1.0012857224132001     
   14.522396553829077       0.99979279040257563     
   14.540470476111379       0.99910549982741759     
   14.558544398393680       0.99901794505948871     
   14.576618320675982        1.0001447282792244     
   14.594692242958283        1.0000959160793781     
   14.612766165240584       0.99986995663845202     
   14.630840087522886        1.0004212907140115     
   14.648914009805187        1.0012732325605977     
   14.666987932087487        1.0020194330114101     
   14.685061854369788        1.0015545572057956     
   14.703135776652090        1.0015275734846409     
   14.721209698934391        1.0026009924004080     
   14.739283621216693        1.0020521652924737     
   14.757357543498994        1.0011145004444186     
   14.775431465781296        1.0007918490289582     
   14.793505388063597        1.0013634888110818     
   14.811579310345898        1.0016954446825297     
   14.829653232628200        1.0014617401836987     
   14.847727154910501        1.0003628552310713     
   14.865801077192803        1.0007824465710391     
   14.883874999475102        1.0004027311510026     
   14.901948921757404        1.0000698465165387     
   14.920022844039705        1.0005297250639755     
   14.938096766322007        1.0008046689563623     
   14.956170688604308        1.0013463897771528     
   14.974244610886609        1.0014217861257642     
   14.992318533168911        1.0004006841175437     
   15.010392455451212        1.0003703975189029     
   15.028466377733514        1.0018152605988309     
   15.046540300015815        1.0017885795650820     
   15.064614222298117        1.0012523306089598     
   15.082688144580418        1.0024694885484806     
   15.100762066862719        1.0017506253461870     
   15.118835989145019        1.0018744076388666     
   15.136909911427320        1.0020719432414305     
   15.154983833709622        1.0012297252267519     
   15.173057755991923        1.0009824701887022     
   15.191131678274225        1.0008953411215482     
   15.209205600556526        1.0006509196884255     
   15.227279522838828        1.0002527202061078     
   15.245353445121129        1.0007215021064786     
   15.263427367403430        1.0006619882145091     
   15.281501289685732        1.0002673963385191     
   15.299575211968033        1.0013343137388002     
   15.317649134250335       0.99950070716609662     
   15.335723056532634        1.0008094801377370     
   15.353796978814936        1.0003460113062539     
   15.371870901097237        1.0011372449222717     
   15.389944823379539        1.0007778809006034     
   15.408018745661840        1.0012597100294047     
   15.426092667944141        1.0013582727990273     
   15.444166590226443        1.0011955507034465     
   15.462240512508744        1.0013359009409322     
   15.480314434791046        1.0009948698189255     
   15.498388357073347        1.0014149807426336     
   15.516462279355649        1.0016329832427995     
   15.534536201637950        1.0024280687037748     
   15.552610123920250        1.0025273643459236     
   15.570684046202551        1.0016754435045447     
   15.588757968484853        1.0029174058437724     
   15.606831890767154        1.0021964733753912     
   15.624905813049455        1.0012994277016678     
   15.642979735331757        1.0016110587455866     
   15.661053657614058        1.0010997458988040     
   15.679127579896360        1.0007920022079018     
   15.697201502178661        1.0010797371442857     
   15.715275424460962        1.0008179278141665     
   15.733349346743264        1.0013663505597272     
   15.751423269025565        1.0013417356042069     
   15.769497191307865        1.0017713423214332     
   15.787571113590166        1.0012012571085809     
   15.805645035872468        1.0004366861203207     
   15.823718958154769        1.0004017555498033     
   15.841792880437071        1.0006776074355572     
   15.859866802719372        1.0008799116607927     
   15.877940725001674        1.0002787893117702     
   15.896014647283975        1.0007032374828824     
   15.914088569566276        1.0020345726882502     
   15.932162491848578        1.0014777155530086     
   15.950236414130879        1.0010026171316384     
   15.968310336413181        1.0011822858892321     
   15.986384258695480        1.0003556800692945     
   16.004458180977782        1.0009141903491918     
   16.022532103260083        1.0002529434116509     
   16.040606025542385        1.0000161886920238     
   16.058679947824686        1.0005427313784652     
   16.076753870106987        1.0003102638068260     
   16.094827792389285        1.0000478064118621     
   16.112901714671587        1.0002132073032604     
   16.130975636953888        1.0007514615886695     
   16.149049559236190        1.0011428473085633     
   16.167123481518491        1.0014762010073384     
   16.185197403800792        1.0021587804800449     
   16.203271326083094        1.0018288085972367     
   16.221345248365395        1.0011320092626237     
   16.239419170647697        1.0008092239948054     
   16.257493092929998        1.0014189505701339     
   16.275567015212300        1.0016009840152442     
   16.293640937494601        1.0012777173614524     
   16.311714859776902        1.0005880319517169     
   16.329788782059204        1.0019897108144160     
   16.347862704341505        1.0017471159093743     
   16.365936626623807        1.0023350453869579     
   16.384010548906108        1.0014309022645853     
   16.402084471188410        1.0019676029610942     
   16.420158393470711        1.0010463349817116     
   16.438232315753012        1.0014404313602812     
   16.456306238035314        1.0011094881629272     
   16.474380160317615        1.0007317132999807     
   16.492454082599917        1.0006741229256360     
   16.510528004882218        1.0005215241986976     
   16.528601927164519        1.0013050479273584     
   16.546675849446817        1.0007286618269162     
   16.564749771729119        1.0008086950613770     
   16.582823694011420        1.0009206545408975     
   16.600897616293722        1.0004643321475977     
   16.618971538576023        1.0008119172731156     
   16.637045460858324       0.99996283717155410     
   16.655119383140626       0.99941439362443452     
   16.673193305422927        1.0007639683293719     
   16.691267227705229        1.0002655922932460     
   16.709341149987530        1.0002073466564325     
   16.727415072269832        1.0004205086920512     
   16.745488994552133        1.0005553054427292     
   16.763562916834434        1.0010752274585115     
   16.781636839116736        1.0025355894793417     
   16.799710761399037        1.0019070933926784     
   16.817784683681339        1.0022711978315100     
   16.835858605963640        1.0026105841625612     
   16.853932528245942        1.0029760447907725     
   16.872006450528243        1.0025871763870502     
   16.890080372810544        1.0018881898297496     
   16.908154295092846        1.0018742346297422     
   16.926228217375147        1.0011324319773547     
   16.944302139657449        1.0014229627497817     
   16.962376061939750        1.0013040189768432     
   16.980449984222048        1.0019258936197653     
   16.998523906504349        1.0021660264836234     
   17.016597828786651        1.0005493020945440     
   17.034671751068952       0.99992101926714261     
   17.052745673351254        1.0000129180292503     
   17.070819595633555        1.0004534551838939     
   17.088893517915857       0.99967020064346779     
   17.106967440198158        1.0000181323264554     
   17.125041362480459       0.99989961199620947     
   17.143115284762761        1.0001472906702622     
   17.161189207045062        1.0002241716390459     
   17.179263129327364        1.0007003293233554     
   17.197337051609665        1.0003627348958928     
   17.215410973891967        1.0005071958397527     
   17.233484896174268        1.0002069477211692     
   17.251558818456569       0.99970361155236220     
   17.269632740738871       0.99925711615985124     
   17.287706663021172        1.0005022866861286     
   17.305780585303474        1.0009905942477362     
   17.323854507585775        1.0011432334711090     
   17.341928429868076        1.0018195408281270     
   17.360002352150378        1.0022614397044018     
   17.378076274432679        1.0011718042369289     
   17.396150196714981        1.0019632016961422     
   17.414224118997282        1.0014356205402513     
   17.432298041279580        1.0019804893317033     
   17.450371963561881        1.0018871729566428     
   17.468445885844183        1.0010123678911045     
   17.486519808126484        1.0007685722394251     
   17.504593730408786        1.0021051176614066     
   17.522667652691087        1.0017975866046773     
   17.540741574973389        1.0015519189002051     
   17.558815497255690        1.0024588874358755     
   17.576889419537991        1.0014609259387570     
   17.594963341820293        1.0009459914612213     
   17.613037264102594        1.0010123119012337     
   17.631111186384896        1.0014470739081562     
   17.649185108667197        1.0012042304426414     
   17.667259030949499        1.0010842087352960     
   17.685332953231800        1.0004981014980181     
   17.703406875514101        1.0000928627182426     
   17.721480797796403        1.0004861535401506     
   17.739554720078704        1.0004689978250323     
   17.757628642361006       0.99994627914287171     
   17.775702564643307       0.99985631719845813     
   17.793776486925609       0.99968342603971827     
   17.811850409207910        1.0000656661020795     
   17.829924331490211       0.99971178320253373     
   17.847998253772513        1.0004913449597979     
   17.866072176054811        1.0000447952987648     
   17.884146098337112        1.0006153480174864     
   17.902220020619414       0.99988007857160233     
   17.920293942901715        1.0002883615404998     
   17.938367865184016        1.0013569255177919     
   17.956441787466318        1.0008301235888957     
   17.974515709748619        1.0011839757783338     
   17.992589632030921        1.0011383374370946     
   18.010663554313222        1.0012016477729206     
   18.028737476595524        1.0020529938935767     
   18.046811398877825        1.0013049346395142     
   18.064885321160126        1.0007352787901957     
