   1.1067971810589329E-002   0.0000000000000000     
   3.3203915431767990E-002   0.0000000000000000     
   5.5339859052946645E-002   0.0000000000000000     
   7.7475802674125308E-002   0.0000000000000000     
   9.9611746295303963E-002   0.0000000000000000     
  0.12174768991648262        0.0000000000000000     
  0.14388363353766129        0.0000000000000000     
  0.16601957715883994        0.0000000000000000     
  0.18815552078001860        0.0000000000000000     
  0.21029146440119725        0.0000000000000000     
  0.23242740802237591        0.0000000000000000     
  0.25456335164355459        0.0000000000000000     
  0.27669929526473325        0.0000000000000000     
  0.29883523888591190        0.0000000000000000     
  0.32097118250709056        0.0000000000000000     
  0.34310712612826921        0.0000000000000000     
  0.36524306974944787        0.0000000000000000     
  0.38737901337062652        0.0000000000000000     
  0.40951495699180518        0.0000000000000000     
  0.43165090061298383        0.0000000000000000     
  0.45378684423416249        0.0000000000000000     
  0.47592278785534115        0.0000000000000000     
  0.49805873147651980        0.0000000000000000     
  0.52019467509769857        0.0000000000000000     
  0.54233061871887722        0.0000000000000000     
  0.56446656234005588        0.0000000000000000     
  0.58660250596123453        0.0000000000000000     
  0.60873844958241319        0.0000000000000000     
  0.63087439320359184        0.0000000000000000     
  0.65301033682477050        0.0000000000000000     
  0.67514628044594915        0.0000000000000000     
  0.69728222406712781        0.0000000000000000     
  0.71941816768830646        0.0000000000000000     
  0.74155411130948512        0.0000000000000000     
  0.76369005493066378        0.0000000000000000     
  0.78582599855184243        0.0000000000000000     
  0.80796194217302109        0.0000000000000000     
  0.83009788579419974        0.0000000000000000     
  0.85223382941537840        1.5353819276234751E-005
  0.87436977303655705        5.8468966814778157E-004
  0.89650571665773571        8.0396182616044223E-003
  0.91864166027891436        5.0698054866334490E-002
  0.94077760390009302       0.18467994669046456     
  0.96291354752127167       0.45107987818956574     
  0.98504949114245033       0.82778712599283899     
   1.0071854347636289        1.2349851165368708     
   1.0293213783848076        1.5946449879628490     
   1.0514573220059862        1.8569135583031280     
   1.0735932656271649        2.0171703446436262     
   1.0957292092483435        2.0837061413044009     
   1.1178651528695223        2.0815884743817459     
   1.1400010964907008        2.0362494054758784     
   1.1621370401118796        1.9609774969476146     
   1.1842729837330581        1.8733319486656101     
   1.2064089273542369        1.7789382579872448     
   1.2285448709754154        1.6876884659784632     
   1.2506808145965942        1.5964202912301306     
   1.2728167582177727        1.5139466045837899     
   1.2949527018389515        1.4372468118075417     
   1.3170886454601300        1.3678954476167935     
   1.3392245890813088        1.3047103097348451     
   1.3613605327024874        1.2476835117798393     
   1.3834964763236661        1.1971964437319553     
   1.4056324199448447        1.1498859705935311     
   1.4277683635660234        1.1089909352433758     
   1.4499043071872022        1.0731182212490888     
   1.4720402508083807        1.0395647986724228     
   1.4941761944295595        1.0092256200678473     
   1.5163121380507381       0.98363585902664263     
   1.5384480816719168       0.96093046869229948     
   1.5605840252930954       0.94035285524363865     
   1.5827199689142741       0.92055694523137099     
   1.6048559125354527       0.90282938476871633     
   1.6269918561566314       0.88980537843598662     
   1.6491277997778100       0.87825799067737920     
   1.6712637433989888       0.86763625526189736     
   1.6933996870201673       0.85765199622233346     
   1.7155356306413461       0.84929390824228357     
   1.7376715742625246       0.84344719881152719     
   1.7598075178837034       0.84065694304530170     
   1.7819434615048819       0.83866130561940355     
   1.8040794051260607       0.83807108497010430     
   1.8262153487472392       0.83906383021508368     
   1.8483512923684180       0.84084617211853396     
   1.8704872359895965       0.84684549987753988     
   1.8926231796107753       0.85384464785436054     
   1.9147591232319539       0.86253416020793561     
   1.9368950668531326       0.87458138756662729     
   1.9590310104743112       0.88865487618760186     
   1.9811669540954899       0.90572341529659939     
   2.0033028977166687       0.92407300773762868     
   2.0254388413378472       0.94461574347922372     
   2.0475747849590262       0.96552265523776015     
   2.0697107285802048       0.98660381765050609     
   2.0918466722013833        1.0058939370591924     
   2.1139826158225619        1.0241721753611532     
   2.1361185594437408        1.0395892106419693     
   2.1582545030649194        1.0527020420560447     
   2.1803904466860979        1.0636625494797267     
   2.2025263903072769        1.0720566009367756     
   2.2246623339284555        1.0779432648086407     
   2.2467982775496340        1.0812902889531044     
   2.2689342211708126        1.0828531225753186     
   2.2910701647919915        1.0827215568364330     
   2.3132061084131701        1.0811017283891244     
   2.3353420520343486        1.0789031527532829     
   2.3574779956555272        1.0744528508633182     
   2.3796139392767062        1.0694451680747474     
   2.4017498828978847        1.0643031697353638     
   2.4238858265190633        1.0593451567957739     
   2.4460217701402418        1.0521557527517815     
   2.4681577137614208        1.0462645293785160     
   2.4902936573825993        1.0403135847953124     
   2.5124296010037779        1.0344381727118492     
   2.5345655446249564        1.0287822265614082     
   2.5567014882461354        1.0244944556051838     
   2.5788374318673140        1.0191364169955643     
   2.6009733754884925        1.0135906771165759     
   2.6231093191096710        1.0088482852437861     
   2.6452452627308500        1.0039845349903300     
   2.6673812063520286       0.99953698350648634     
   2.6895171499732071       0.99506815540268223     
   2.7116530935943857       0.99231456151288666     
   2.7337890372155647       0.98883864247110109     
   2.7559249808367432       0.98604054532171093     
   2.7780609244579217       0.98397984249346315     
   2.8001968680791003       0.98124906312396754     
   2.8223328117002793       0.97930169965288394     
   2.8444687553214578       0.97894265080521781     
   2.8666046989426364       0.97720093325444557     
   2.8887406425638154       0.97776155173909285     
   2.9108765861849939       0.97775426425987977     
   2.9330125298061724       0.97733093373195434     
   2.9551484734273510       0.97756888313272650     
   2.9772844170485300       0.97835621098945158     
   2.9994203606697085       0.97963498570408880     
   3.0215563042908871       0.98116382268565061     
   3.0436922479120656       0.98301449843471778     
   3.0658281915332446       0.98544510879012859     
   3.0879641351544231       0.98718458980285140     
   3.1101000787756017       0.98895238022593168     
   3.1322360223967802       0.99169471584799573     
   3.1543719660179592       0.99397114983703150     
   3.1765079096391378       0.99591514635528344     
   3.1986438532603163       0.99868936869109637     
   3.2207797968814948       0.99959710233441113     
   3.2429157405026738        1.0020234643103960     
   3.2650516841238524        1.0030755733473242     
   3.2871876277450309        1.0046247777874380     
   3.3093235713662095        1.0064973238954411     
   3.3314595149873885        1.0070956946953566     
   3.3535954586085670        1.0077164906928382     
   3.3757314022297455        1.0080364572381530     
   3.3978673458509241        1.0086198626339882     
   3.4200032894721031        1.0096212780828537     
   3.4421392330932816        1.0092896510332439     
   3.4642751767144602        1.0090482747424872     
   3.4864111203356387        1.0101690668693137     
   3.5085470639568177        1.0094628637309029     
   3.5306830075779962        1.0097348870329985     
   3.5528189511991748        1.0090500104463445     
   3.5749548948203538        1.0080994857072820     
   3.5970908384415323        1.0077164580462445     
   3.6192267820627109        1.0074113122447472     
   3.6413627256838894        1.0064576973018307     
   3.6634986693050684        1.0054687978874051     
   3.6856346129262469        1.0055302036433831     
   3.7077705565474255        1.0047526252061540     
   3.7299065001686040        1.0043552776619373     
   3.7520424437897830        1.0031515733231537     
   3.7741783874109616        1.0012490657574173     
   3.7963143310321401        1.0007525950999576     
   3.8184502746533187        1.0000410627993841     
   3.8405862182744976        1.0000053935750950     
   3.8627221618956762       0.99920330587012429     
   3.8848581055168547       0.99794058116444317     
   3.9069940491380333       0.99733843018352675     
   3.9291299927592123       0.99692506006476667     
   3.9512659363803908       0.99720775045188814     
   3.9734018800015694       0.99755667852347174     
   3.9955378236227479       0.99684124264948593     
   4.0176737672439264       0.99711406560194638     
   4.0398097108651045       0.99745782803623539     
   4.0619456544862835       0.99769379902763744     
   4.0840815981074625       0.99709706121539632     
   4.1062175417286406       0.99724985972462521     
   4.1283534853498196       0.99736843439232636     
   4.1504894289709986       0.99742612044499790     
   4.1726253725921767       0.99772466074243915     
   4.1947613162133557       0.99720282803156535     
   4.2168972598345338       0.99763332525651105     
   4.2390332034557128       0.99842893001239275     
   4.2611691470768918       0.99894911228941108     
   4.2833050906980699       0.99911448097612188     
   4.3054410343192488       0.99890059676873288     
   4.3275769779404278       0.99957015970861618     
   4.3497129215616059        1.0001422379073059     
   4.3718488651827849        1.0009790501807576     
   4.3939848088039639        1.0011089201851986     
   4.4161207524251420        1.0007513453918249     
   4.4382566960463210        1.0003925788671277     
   4.4603926396674991        1.0013670183275571     
   4.4825285832886781        1.0013037396944751     
   4.5046645269098571        1.0019994335061873     
   4.5268004705310352        1.0014009031186786     
   4.5489364141522142        1.0014974491229789     
   4.5710723577733932        1.0019271779744001     
   4.5932083013945713        1.0017661658833059     
   4.6153442450157502        1.0017665093813874     
   4.6374801886369283        1.0020707392470183     
   4.6596161322581073        1.0022304871395709     
   4.6817520758792863        1.0020885419956085     
   4.7038880195004644        1.0024684618215731     
   4.7260239631216434        1.0018247188127907     
   4.7481599067428224        1.0019397503428416     
   4.7702958503640005        1.0013568895161264     
   4.7924317939851795        1.0014023174273203     
   4.8145677376063576        1.0013277443009057     
   4.8367036812275366        1.0011616815386799     
   4.8588396248487156        1.0004494055582320     
   4.8809755684698937        1.0008086774337868     
   4.9031115120910727        1.0012447201759200     
   4.9252474557122516        1.0009275528394601     
   4.9473833993334297        1.0006484882408140     
   4.9695193429546087        1.0007326851990868     
   4.9916552865757877        1.0008328294750755     
   5.0137912301969658        1.0003882416288263     
   5.0359271738181448        1.0003699062394773     
   5.0580631174393229        1.0003102944717899     
   5.0801990610605019       0.99966290438162764     
   5.1023350046816809        1.0001220758351215     
   5.1244709483028590        1.0002648195830046     
   5.1466068919240380        1.0002995966955892     
   5.1687428355452170        1.0002666561741087     
   5.1908787791663951       0.99975615470205637     
   5.2130147227875741       0.99980286516479100     
   5.2351506664087522       0.99981673149683870     
   5.2572866100299311       0.99983541526406261     
   5.2794225536511101        1.0001471009702192     
   5.3015584972722882       0.99981537406442411     
   5.3236944408934672       0.99993404324767332     
   5.3458303845146462       0.99956493590578799     
   5.3679663281358243        1.0005109092287374     
   5.3901022717570033        1.0006220231535190     
   5.4122382153781814        1.0004087260136143     
   5.4343741589993604        1.0005851227107858     
   5.4565101026205394        1.0008123827562148     
   5.4786460462417175        1.0008596002930514     
   5.5007819898628965        1.0012783174040096     
   5.5229179334840754        1.0005252752522562     
   5.5450538771052535        1.0008276800628157     
   5.5671898207264325        1.0002473987093690     
   5.5893257643476106        1.0007599039170385     
   5.6114617079687896        1.0007346601537841     
   5.6335976515899686        1.0007366312047672     
   5.6557335952111467        1.0009894286038667     
   5.6778695388323257        1.0005843420870366     
   5.7000054824535047        1.0018145471213469     
   5.7221414260746828        1.0015081738676037     
   5.7442773696958618        1.0012243834691656     
   5.7664133133170408        1.0014561246623588     
   5.7885492569382189        1.0010232896128355     
   5.8106852005593979        1.0014916652546599     
   5.8328211441805760        1.0005926487096812     
   5.8549570878017549        1.0007132163756889     
   5.8770930314229339        1.0005331255512435     
   5.8992289750441120        1.0008010014185835     
   5.9213649186652910        1.0007598670678197     
   5.9435008622864700        1.0007679371877234     
   5.9656368059076481        1.0003080599779779     
   5.9877727495288271        1.0007520007974771     
   6.0099086931500052        1.0007276576200270     
   6.0320446367711842        1.0006909723193638     
   6.0541805803923632        1.0005248758598659     
   6.0763165240135413        1.0002893790808371     
   6.0984524676347203        1.0002055227466653     
   6.1205884112558993        1.0010441465556188     
   6.1427243548770774        1.0006034080549142     
   6.1648602984982563        1.0002080988720512     
   6.1869962421194344        1.0002935176275729     
   6.2091321857406134        1.0004789643068979     
   6.2312681293617924        1.0007603519834005     
   6.2534040729829705        1.0008298767249286     
   6.2755400166041495        1.0009751446834929     
   6.2976759602253285        1.0002067090538440     
   6.3198119038465066        1.0003972033648880     
   6.3419478474676856        1.0001526141339234     
   6.3640837910888637        1.0001907235379532     
   6.3862197347100427        1.0002156280158847     
   6.4083556783312217        1.0006153485060927     
   6.4304916219523998        1.0010540848886471     
   6.4526275655735787        1.0008173788429864     
   6.4747635091947577        1.0007288264568810     
   6.4968994528159358        1.0009059540093588     
   6.5190353964371148        1.0008085817727208     
   6.5411713400582938        1.0007267488349720     
   6.5633072836794719        1.0012872185618535     
   6.5854432273006509        1.0013962258717757     
   6.6075791709218290        1.0014998820949814     
   6.6297151145430080        1.0013288139734420     
   6.6518510581641870        1.0006666191891624     
   6.6739870017853651        1.0008589967897921     
   6.6961229454065441        1.0010581246593149     
   6.7182588890277231        1.0011209350765644     
   6.7403948326489012        1.0004448944290751     
   6.7625307762700801        1.0005083165094550     
   6.7846667198912582        1.0005429029736976     
   6.8068026635124372        1.0005758142928503     
   6.8289386071336162        1.0005672653125532     
   6.8510745507547943        1.0006145280070831     
   6.8732104943759733        1.0003479646397271     
   6.8953464379971523        1.0007980323419936     
   6.9174823816183304        1.0003527871081115     
   6.9396183252395094        1.0008634485930863     
   6.9617542688606875        1.0012055271796394     
   6.9838902124818665        1.0007384399077259     
   7.0060261561030455        1.0003276806619785     
   7.0281620997242236        1.0007680331700424     
   7.0502980433454026        1.0004086012977431     
   7.0724339869665815        1.0004782191448554     
   7.0945699305877596        1.0003583703469834     
   7.1167058742089386        1.0001465933144151     
   7.1388418178301176       0.99974219207654358     
   7.1609777614512957        1.0001921196786252     
   7.1831137050724747        1.0000869339349368     
   7.2052496486936528        1.0001463481428901     
   7.2273855923148318       0.99995513911185063     
   7.2495215359360108        1.0004969902971761     
   7.2716574795571889        1.0002076023193018     
   7.2937934231783679       0.99969140934495038     
   7.3159293667995469        1.0003799760172294     
   7.3380653104207250        1.0002842030737567     
   7.3602012540419040       0.99998028499954028     
   7.3823371976630821        1.0000180392185742     
   7.4044731412842610       0.99947205693979391     
   7.4266090849054400       0.99984799737767260     
   7.4487450285266181       0.99992349965754657     
   7.4708809721477971       0.99989404997767395     
   7.4930169157689761        1.0002918515109076     
   7.5151528593901542       0.99996992327981682     
   7.5372888030113332        1.0001552262485325     
   7.5594247466325113        1.0008791383664597     
   7.5815606902536903        1.0007085294248144     
   7.6036966338748693        1.0006629379130119     
   7.6258325774960474        1.0002839770044110     
   7.6479685211172264        1.0005472130504394     
   7.6701044647384053        1.0004873973758368     
   7.6922404083595834        1.0006409179123683     
   7.7143763519807624        1.0009438040936425     
   7.7365122956019405        1.0005288392902620     
   7.7586482392231195        1.0008586917350295     
   7.7807841828442985        1.0007181185687228     
   7.8029201264654766        1.0007364168257917     
   7.8250560700866556        1.0005726059907474     
   7.8471920137078346        1.0000738827953974     
   7.8693279573290127        1.0003666531710622     
   7.8914639009501917        1.0009410297818404     
   7.9135998445713707        1.0014353494070787     
   7.9357357881925488        1.0009278949657918     
   7.9578717318137278        1.0010502859977088     
   7.9800076754349059        1.0008793209094839     
   8.0021436190560848        1.0008617188277340     
   8.0242795626772647        1.0008189239934535     
   8.0464155062984428        1.0007907150806854     
   8.0685514499196209        1.0007563162706301     
   8.0906873935408008        1.0008458998415959     
   8.1128233371619789        1.0004857921679298     
   8.1349592807831570        1.0004747406295094     
   8.1570952244043369        1.0005857755511369     
   8.1792311680255150        1.0006351368243738     
   8.2013671116466931        1.0008621406629596     
   8.2235030552678730        1.0007544174123788     
   8.2456389988890511        1.0004197326641424     
   8.2677749425102292        1.0005798235526941     
   8.2899108861314090        1.0006122312466115     
   8.3120468297525871        1.0008282917933491     
   8.3341827733737652        1.0008495656921270     
   8.3563187169949451        1.0005480169649763     
   8.3784546606161232        1.0005508765608260     
   8.4005906042373013        1.0007402818972346     
   8.4227265478584794        1.0005740211737038     
   8.4448624914796593        1.0008394113536949     
   8.4669984351008374        1.0010436035195220     
   8.4891343787220155        1.0005368813682511     
   8.5112703223431954        1.0008599585514666     
   8.5334062659643735        1.0009104067949470     
   8.5555422095855516        1.0008994438932521     
   8.5776781532067314        1.0009802534876913     
   8.5998140968279095        1.0010773841202352     
   8.6219500404490876        1.0008822823761629     
   8.6440859840702675        1.0006654204061265     
   8.6662219276914456        1.0006375019356173     
   8.6883578713126237        1.0006284323694463     
   8.7104938149338036       0.99994733849306117     
   8.7326297585549817       0.99986990206305204     
   8.7547657021761598       0.99987542839675358     
   8.7769016457973397       0.99990441428187149     
   8.7990375894185178        1.0001150978936564     
   8.8211735330396959        1.0002667947086425     
   8.8433094766608740        1.0003540031038058     
   8.8654454202820538        1.0004175749435236     
   8.8875813639032319        1.0006666478551602     
   8.9097173075244100        1.0005887830727114     
   8.9318532511455899        1.0007919648036427     
   8.9539891947667680        1.0008421856315648     
   8.9761251383879461        1.0007023685228236     
   8.9982610820091260        1.0000173370118732     
   9.0203970256303041        1.0004070548472772     
   9.0425329692514822        1.0006369579160481     
   9.0646689128726621        1.0005179001125437     
   9.0868048564938402        1.0006214357700176     
   9.1089408001150183        1.0007860867449254     
   9.1310767437361982        1.0009928546837796     
   9.1532126873573763        1.0007656170814687     
   9.1753486309785544        1.0003154517633039     
   9.1974845745997325        1.0003141736938814     
   9.2196205182209123        1.0007074562100082     
   9.2417564618420904        1.0007438461771412     
   9.2638924054632685        1.0008056107431971     
   9.2860283490844484        1.0008087139830291     
   9.3081642927056265        1.0003685195048275     
   9.3303002363268046        1.0000372686573316     
   9.3524361799479845        1.0001985736825485     
   9.3745721235691626        1.0007738169836831     
   9.3967080671903407        1.0009925783131415     
   9.4188440108115206        1.0010202534703865     
   9.4409799544326987        1.0005774883855447     
   9.4631158980538768        1.0012136835925867     
   9.4852518416750566        1.0007547209961833     
   9.5073877852962347        1.0008285448244680     
   9.5295237289174128        1.0006530117456076     
   9.5516596725385927        1.0006496048153244     
   9.5737956161597708        1.0009768727192812     
   9.5959315597809489        1.0005443715955602     
   9.6180675034021270        1.0005810258575274     
   9.6402034470233069        1.0006720197480152     
   9.6623393906444850        1.0003516230961762     
   9.6844753342656631        1.0006128736953288     
   9.7066112778868430        1.0009663269141011     
   9.7287472215080211        1.0006648380827139     
   9.7508831651291992        1.0003443772013187     
   9.7730191087503790        1.0005005816980834     
   9.7951550523715571        1.0004460675138540     
   9.8172909959927352        1.0003075719621619     
   9.8394269396139151        1.0007101586672844     
   9.8615628832350932        1.0004052975078244     
   9.8836988268562713        1.0004191202057602     
   9.9058347704774512        1.0009113174512727     
   9.9279707140986293        1.0005593504296537     
   9.9501066577198074        1.0007953764727766     
   9.9722426013409873        1.0011595205450030     
   9.9943785449621654        1.0008113637281231     
   10.016514488583343        1.0007945181428897     
   10.038650432204522        1.0009721005594672     
   10.060786375825701        1.0011842686888901     
   10.082922319446880        1.0011559008528925     
   10.105058263068058        1.0011282479572845     
   10.127194206689238        1.0010260705691196     
   10.149330150310416        1.0012445936044121     
   10.171466093931594        1.0010320636498795     
   10.193602037552774        1.0009105601427470     
   10.215737981173952        1.0010972619311753     
   10.237873924795130        1.0007408824688679     
   10.260009868416310        1.0006556977722196     
   10.282145812037488        1.0006156887216411     
   10.304281755658666        1.0002006399514543     
   10.326417699279846        1.0004000451794770     
   10.348553642901024        1.0002864600538062     
   10.370689586522202        1.0001854237576318     
   10.392825530143380        1.0006275108136979     
   10.414961473764560        1.0002887031791745     
   10.437097417385738        1.0000587334454187     
   10.459233361006916        1.0003213566447899     
   10.481369304628096        1.0003392992359497     
   10.503505248249274       0.99999575921216999     
   10.525641191870452        1.0005749321127491     
   10.547777135491632        1.0005006029938401     
   10.569913079112810        1.0004069517179299     
   10.592049022733988        1.0003570596842939     
   10.614184966355168        1.0008842774705398     
   10.636320909976346        1.0009020173625909     
   10.658456853597524        1.0004743847684845     
   10.680592797218704        1.0006050316773574     
   10.702728740839882        1.0007536271503448     
   10.724864684461060        1.0004723171841270     
   10.747000628082240        1.0003281261632961     
   10.769136571703418        1.0004406903887357     
   10.791272515324597        1.0002404846628565     
   10.813408458945775        1.0008358424494164     
   10.835544402566955        1.0009508532362041     
   10.857680346188133        1.0009861728549541     
   10.879816289809311        1.0007178911227905     
   10.901952233430491        1.0006985395020667     
   10.924088177051669        1.0005558702771675     
   10.946224120672847        1.0008204844700308     
   10.968360064294027        1.0006414346749379     
   10.990496007915205        1.0007452104828745     
   11.012631951536383        1.0007139498246134     
   11.034767895157563        1.0012337337962014     
   11.056903838778741        1.0011766022082529     
   11.079039782399919        1.0009409854348796     
   11.101175726021099        1.0010702809203424     
   11.123311669642277        1.0011363018377804     
   11.145447613263455        1.0012465911038135     
   11.167583556884633        1.0011362459987767     
   11.189719500505813        1.0010842731147400     
   11.211855444126991        1.0008965927365978     
   11.233991387748169        1.0007619441403162     
   11.256127331369349        1.0009596831239338     
   11.278263274990527        1.0005525682876233     
   11.300399218611705        1.0005586408935758     
   11.322535162232885        1.0001441294999833     
   11.344671105854063        1.0001162112138950     
   11.366807049475241        1.0002218759496477     
   11.388942993096421        1.0006961768230653     
   11.411078936717599        1.0006583374810434     
   11.433214880338777        1.0002914771959748     
   11.455350823959957        1.0004215772611191     
   11.477486767581135        1.0004028874557593     
   11.499622711202313        1.0006249983982143     
   11.521758654823493        1.0003963866807168     
   11.543894598444671        1.0008379158881435     
   11.566030542065850        1.0008491977535603     
   11.588166485687028        1.0004829559793200     
   11.610302429308208        1.0002857401523924     
   11.632438372929386        1.0000353598267184     
   11.654574316550564        1.0003628805387916     
   11.676710260171744        1.0003149148766981     
   11.698846203792922        1.0006019713597842     
   11.720982147414100        1.0007249524300492     
   11.743118091035280        1.0009531889911141     
   11.765254034656458        1.0011123727059286     
   11.787389978277636        1.0009351665617867     
   11.809525921898816        1.0006459384186699     
   11.831661865519994        1.0007744970284540     
   11.853797809141172        1.0007417204255282     
   11.875933752762352        1.0006357665283223     
   11.898069696383530        1.0007426924610960     
   11.920205640004708        1.0006391909054095     
   11.942341583625886        1.0009230228418735     
   11.964477527247066        1.0006074777686049     
   11.986613470868244        1.0008151692866312     
   12.008749414489422        1.0005543397574568     
   12.030885358110602        1.0007797589238374     
   12.053021301731780        1.0007332108523916     
   12.075157245352958        1.0010841466936193     
   12.097293188974138        1.0013873631620285     
   12.119429132595316        1.0010072121222080     
   12.141565076216494        1.0007974391799999     
   12.163701019837674        1.0009100587143389     
   12.185836963458852        1.0007997682604719     
   12.207972907080030        1.0009372293121952     
   12.230108850701210        1.0004628082422080     
   12.252244794322388        1.0006478592531247     
   12.274380737943567        1.0004476062368495     
   12.296516681564746        1.0007346038524985     
   12.318652625185925        1.0009211318997289     
   12.340788568807103        1.0008399790409666     
   12.362924512428281        1.0008147297441288     
   12.385060456049461        1.0007926475820192     
   12.407196399670639        1.0008317944515508     
   12.429332343291817        1.0004837388908705     
   12.451468286912997        1.0001041775395856     
   12.473604230534175        1.0003786554235021     
   12.495740174155353        1.0003709890924797     
   12.517876117776533        1.0005965820753266     
   12.540012061397711        1.0004575759982830     
   12.562148005018889        1.0004781542845322     
   12.584283948640069        1.0006476971022384     
   12.606419892261247        1.0008115457267313     
   12.628555835882425        1.0004382774196661     
   12.650691779503605        1.0004606507968314     
   12.672827723124783        1.0006025561828089     
   12.694963666745961        1.0007708198496377     
   12.717099610367139        1.0006027767417176     
   12.739235553988319        1.0011845028905664     
   12.761371497609497        1.0008300328296975     
   12.783507441230675        1.0008343637619153     
   12.805643384851855        1.0008274038636695     
   12.827779328473033        1.0005439077314529     
   12.849915272094211        1.0006010890004062     
   12.872051215715391        1.0006496558793148     
   12.894187159336569        1.0008708571656759     
   12.916323102957747        1.0004560744518889     
   12.938459046578927        1.0008434709956771     
   12.960594990200105        1.0007911112323664     
   12.982730933821284        1.0005756179781375     
   13.004866877442463        1.0003848474140544     
   13.027002821063641        1.0002009809972756     
   13.049138764684820        1.0002448704085856     
   13.071274708305999        1.0003158152338436     
   13.093410651927178        1.0004973089898361     
   13.115546595548356        1.0004136313798737     
   13.137682539169534        1.0001726591209579     
   13.159818482790714        1.0003066750916600     
   13.181954426411892        1.0009817567178745     
   13.204090370033070        1.0005547041679157     
   13.226226313654250        1.0007947409976530     
   13.248362257275428        1.0009172224032499     
   13.270498200896606        1.0009757744226930     
   13.292634144517786        1.0009514259822851     
   13.314770088138964        1.0009646063164142     
   13.336906031760142        1.0007315862025277     
   13.359041975381322        1.0008629180257951     
   13.381177919002500        1.0009545461594165     
   13.403313862623678        1.0007990505485189     
   13.425449806244858        1.0005493732691557     
   13.447585749866036        1.0003382446266074     
   13.469721693487214        1.0005320828894504     
   13.491857637108394        1.0005671999554897     
   13.513993580729572        1.0005513598936076     
   13.536129524350750        1.0002640715092557     
   13.558265467971928        1.0006115361044801     
   13.580401411593108        1.0008879364049956     
   13.602537355214286        1.0009819649312348     
   13.624673298835464        1.0008412508763103     
   13.646809242456644        1.0007292537273220     
   13.668945186077822        1.0009140578523079     
   13.691081129699000        1.0008267350709250     
   13.713217073320180        1.0008633708991839     
   13.735353016941358        1.0006370228869317     
   13.757488960562537        1.0007270588168811     
   13.779624904183716        1.0005624643145530     
   13.801760847804895        1.0003249139909867     
   13.823896791426073        1.0002168721845377     
   13.846032735047253        1.0001115964623184     
   13.868168678668431        1.0001257568870445     
   13.890304622289609        1.0002319264117812     
   13.912440565910787        1.0006230516731225     
   13.934576509531967        1.0006311592097996     
   13.956712453153145        1.0007290644067737     
   13.978848396774323        1.0008786519305091     
   14.000984340395503        1.0007736917768024     
   14.023120284016681        1.0007960471255735     
   14.045256227637859        1.0005175775338957     
   14.067392171259039        1.0005153468168639     
   14.089528114880217        1.0005703444982945     
   14.111664058501395        1.0002884639200171     
   14.133800002122575        1.0005693444817896     
   14.155935945743753        1.0005041098620453     
   14.178071889364931        1.0005493096783780     
   14.200207832986111        1.0005760847006089     
   14.222343776607289        1.0010967702354212     
   14.244479720228467        1.0009158124464372     
   14.266615663849647        1.0010982651956941     
   14.288751607470825        1.0012752043297095     
   14.310887551092003        1.0009788492406695     
   14.333023494713181        1.0007862823073823     
   14.355159438334361        1.0008578830520163     
   14.377295381955539        1.0010639928063700     
   14.399431325576717        1.0009732900734567     
   14.421567269197897        1.0012476739846765     
   14.443703212819075        1.0010095230054636     
   14.465839156440254        1.0008102664469265     
   14.487975100061433        1.0005480168810195     
   14.510111043682612        1.0004264553541629     
   14.532246987303790        1.0003646599152123     
   14.554382930924969        1.0003731464063610     
   14.576518874546148        1.0005971604769557     
   14.598654818167326        1.0011074429172393     
   14.620790761788506        1.0009317702195617     
   14.642926705409684        1.0010355599361085     
   14.665062649030862        1.0008938527556372     
   14.687198592652040        1.0009243004818638     
   14.709334536273220        1.0010087489198920     
   14.731470479894398        1.0011072800329572     
   14.753606423515576        1.0004161079773120     
   14.775742367136756        1.0004205682942873     
   14.797878310757934        1.0005621052560212     
   14.820014254379112        1.0007422077606827     
   14.842150198000292        1.0006182813684839     
   14.864286141621470        1.0007244980534045     
   14.886422085242648        1.0004285607730377     
   14.908558028863828        1.0007759228211297     
   14.930693972485006        1.0007564638639832     
   14.952829916106184        1.0004463490270137     
   14.974965859727364        1.0007939532804355     
   14.997101803348542        1.0007291683154482     
   15.019237746969720        1.0003705455699636     
   15.041373690590900        1.0003601441969725     
   15.063509634212078        1.0008080287994692     
   15.085645577833256        1.0005925416979451     
   15.107781521454434        1.0004480235433861     
   15.129917465075614        1.0005029338151650     
   15.152053408696792        1.0004899000174901     
   15.174189352317971        1.0006954651677560     
   15.196325295939150        1.0004135210838547     
   15.218461239560328        1.0002590764458332     
   15.240597183181507        1.0003110155621926     
   15.262733126802686        1.0006562781452615     
   15.284869070423865        1.0007522779949698     
   15.307005014045043        1.0007130704010085     
   15.329140957666223        1.0004877402140959     
   15.351276901287401        1.0006352187372336     
   15.373412844908579        1.0008442719428334     
   15.395548788529759        1.0008128068863378     
   15.417684732150937        1.0007005522197254     
   15.439820675772115        1.0005666442462835     
   15.461956619393293        1.0006847004695860     
   15.484092563014473        1.0006910041740609     
   15.506228506635651        1.0005989731025617     
   15.528364450256829        1.0005258315112977     
   15.550500393878009        1.0003122128040072     
   15.572636337499187        1.0006912447778686     
   15.594772281120365        1.0006949625355865     
   15.616908224741545        1.0002865078943066     
   15.639044168362723        1.0000629145333204     
   15.661180111983901        1.0003163981173644     
   15.683316055605081        1.0007951375534780     
   15.705451999226259        1.0007651811603517     
   15.727587942847437        1.0005743135953065     
   15.749723886468617        1.0007494519477549     
   15.771859830089795        1.0007348086337180     
   15.793995773710973        1.0006050764112950     
   15.816131717332153        1.0009104581319983     
   15.838267660953331        1.0007494342349186     
   15.860403604574509        1.0008020027257887     
   15.882539548195687        1.0010296618903574     
   15.904675491816867        1.0009659074665784     
   15.926811435438045        1.0011069452722019     
   15.948947379059224        1.0010579275982636     
   15.971083322680403        1.0010938357475505     
   15.993219266301582        1.0009520459292203     
   16.015355209922760        1.0007628159085296     
   16.037491153543940        1.0006823228235164     
   16.059627097165116        1.0005911307402280     
   16.081763040786296        1.0005806133042601     
   16.103898984407476        1.0005431541930205     
   16.126034928028652        1.0007733826244292     
   16.148170871649832        1.0007082966768646     
   16.170306815271012        1.0008253457968155     
   16.192442758892188        1.0005483904898040     
   16.214578702513368        1.0005052564859318     
   16.236714646134548        1.0003930323203378     
   16.258850589755724        1.0002598784376719     
   16.280986533376904        1.0002010271188395     
   16.303122476998084        1.0001103438725008     
   16.325258420619260        1.0001369567967742     
   16.347394364240440        1.0003162685966660     
   16.369530307861620        1.0004946326586937     
   16.391666251482796        1.0004401891806114     
   16.413802195103976        1.0003935428494584     
   16.435938138725156        1.0003271470000228     
   16.458074082346332        1.0008705542181953     
   16.480210025967512        1.0006725352218644     
   16.502345969588692        1.0005901739189740     
   16.524481913209868        1.0006717672951240     
   16.546617856831048        1.0007299039778406     
   16.568753800452228        1.0008754635730448     
   16.590889744073404        1.0006162312549816     
   16.613025687694584        1.0003630650440041     
   16.635161631315764        1.0006643178343102     
   16.657297574936941        1.0006404228697312     
   16.679433518558120        1.0008534833205089     
   16.701569462179300        1.0007152766885630     
   16.723705405800477        1.0009045719099474     
   16.745841349421656        1.0008588535200165     
   16.767977293042836        1.0007451318554976     
   16.790113236664013        1.0009972980017410     
   16.812249180285193        1.0011708468056444     
   16.834385123906369        1.0008871571904780     
   16.856521067527549        1.0009501386562829     
   16.878657011148729        1.0007331605583740     
   16.900792954769905        1.0005334170852238     
   16.922928898391085        1.0008836256924041     
   16.945064842012265        1.0008230551952888     
   16.967200785633441        1.0008894977857721     
   16.989336729254621        1.0008598446032599     
   17.011472672875801        1.0007111386994869     
   17.033608616496977        1.0008312948883855     
   17.055744560118157        1.0009793099664843     
   17.077880503739337        1.0008394556438776     
   17.100016447360513        1.0011792914570543     
   17.122152390981693        1.0012569667187048     
   17.144288334602873        1.0009483538726669     
   17.166424278224049        1.0012350222203710     
   17.188560221845229        1.0011749774335683     
   17.210696165466409        1.0008790117595752     
   17.232832109087585        1.0006516913212524     
   17.254968052708765        1.0003804784539798     
   17.277103996329945        1.0005192689084226     
   17.299239939951121        1.0006661837496862     
   17.321375883572301        1.0006608026374895     
   17.343511827193481        1.0006040258633431     
   17.365647770814657        1.0007116968527119     
   17.387783714435837        1.0006066655035537     
   17.409919658057017        1.0007377013197545     
   17.432055601678194        1.0007209777519830     
   17.454191545299373        1.0004907432516583     
   17.476327488920553        1.0003803633089001     
   17.498463432541730        1.0004076315839028     
   17.520599376162910        1.0007217738630971     
   17.542735319784089        1.0004538876965479     
   17.564871263405266        1.0007070084146608     
   17.587007207026446        1.0007519893368300     
   17.609143150647622        1.0007494954456104     
   17.631279094268802        1.0003965179705396     
   17.653415037889982        1.0008425363655649     
   17.675550981511158        1.0008841091198488     
   17.697686925132338        1.0008260749602522     
   17.719822868753518        1.0007648563332581     
   17.741958812374694        1.0007941172215657     
   17.764094755995874        1.0008926748772322     
   17.786230699617054        1.0008131194872958     
   17.808366643238230        1.0007060339936340     
   17.830502586859410        1.0011402989484106     
   17.852638530480590        1.0007351752382152     
   17.874774474101766        1.0006594838910592     
   17.896910417722946        1.0008051414803296     
   17.919046361344126        1.0008492189254765     
   17.941182304965302        1.0007587093712995     
   17.963318248586482        1.0010393733554672     
   17.985454192207662        1.0008506608845076     
   18.007590135828838        1.0012046136550921     
   18.029726079450018        1.0012628142773345     
   18.051862023071198        1.0009244127578163     
   18.073997966692374        1.0006663118021977     
   18.096133910313554        1.0009555199681563     
   18.118269853934734        1.0007903774641018     
   18.140405797555911        1.0007872517193506     
   18.162541741177090        1.0009493421467586     
   18.184677684798270        1.0009918175166028     
   18.206813628419447        1.0010941686474581     
   18.228949572040626        1.0005925621816165     
   18.251085515661806        1.0005686145834449     
   18.273221459282983        1.0004060823351595     
   18.295357402904163        1.0004770896872719     
   18.317493346525342        1.0001754123216895     
   18.339629290146519        1.0004808750989618     
   18.361765233767699        1.0005251808719600     
   18.383901177388875        1.0005557814628758     
   18.406037121010055        1.0007614792806956     
   18.428173064631235        1.0009587228224257     
   18.450309008252411        1.0007791418280616     
   18.472444951873591        1.0006434618383278     
   18.494580895494771        1.0009465499235248     
   18.516716839115947        1.0008805817296653     
   18.538852782737127        1.0006079046702723     
   18.560988726358307        1.0005011762302358     
   18.583124669979483        1.0008485237856737     
   18.605260613600663        1.0005937866435204     
   18.627396557221843        1.0006283176551534     
   18.649532500843019        1.0003401529691249     
   18.671668444464199        1.0003862876703788     
   18.693804388085379        1.0003685178840165     
   18.715940331706555        1.0005717057965111     
   18.738076275327735        1.0001230467817908     
   18.760212218948915        1.0002411224747556     
   18.782348162570091        1.0003345120582012     
   18.804484106191271        1.0003583290192812     
   18.826620049812451        1.0004645545374349     
   18.848755993433628        1.0004247580833954     
   18.870891937054807        1.0004296879466197     
   18.893027880675987        1.0001370008932795     
   18.915163824297164        1.0004896728387780     
   18.937299767918343        1.0007488216602598     
   18.959435711539523        1.0010109372280898     
   18.981571655160700        1.0010185894366552     
   19.003707598781880        1.0008157805299642     
   19.025843542403059        1.0007770076420772     
   19.047979486024236        1.0010369681367939     
   19.070115429645416        1.0010791151151432     
   19.092251373266595        1.0007575634348322     
   19.114387316887772        1.0006473623984553     
   19.136523260508952        1.0007026495345301     
   19.158659204130132        1.0006391854984007     
   19.180795147751308        1.0007027083585907     
   19.202931091372488        1.0008525758544462     
   19.225067034993664        1.0006516006955815     
   19.247202978614844        1.0011533042797764     
   19.269338922236024        1.0010493246789092     
   19.291474865857200        1.0009479041357809     
   19.313610809478380        1.0009281116164412     
   19.335746753099560        1.0009017039849124     
   19.357882696720736        1.0006749896608915     
   19.380018640341916        1.0005968002970320     
   19.402154583963096        1.0004758636191005     
   19.424290527584272        1.0006287490548662     
   19.446426471205452        1.0008097361227710     
   19.468562414826632        1.0007462290344145     
   19.490698358447808        1.0005868516354743     
   19.512834302068988        1.0007106704240885     
   19.534970245690168        1.0007072940752786     
   19.557106189311344        1.0006667157692115     
   19.579242132932524        1.0005296522580867     
   19.601378076553704        1.0003219498556417     
   19.623514020174881        1.0004986549593586     
   19.645649963796060        1.0007046537962558     
   19.667785907417240        1.0007139711274724     
   19.689921851038417        1.0004698154006328     
   19.712057794659597        1.0008223319326064     
   19.734193738280776        1.0005672023412113     
   19.756329681901953        1.0008641956993618     
   19.778465625523133        1.0005475642739714     
   19.800601569144312        1.0005810980213194     
   19.822737512765489        1.0006639140337237     
   19.844873456386669        1.0005186705527755     
   19.867009400007849        1.0003634899441343     
   19.889145343629025        1.0004779084838786     
   19.911281287250205        1.0006674969852862     
   19.933417230871385        1.0005742004731712     
   19.955553174492561        1.0006762017495692     
   19.977689118113741        1.0008904272016745     
   19.999825061734917        1.0009972589213996     
   20.021961005356097        1.0007707696192281     
   20.044096948977277        1.0007649159367222     
   20.066232892598453        1.0009192726116256     
   20.088368836219633        1.0007521502224779     
   20.110504779840813        1.0010586518075684     
   20.132640723461989        1.0008408315686299     
   20.154776667083169        1.0009385361943672     
   20.176912610704349        1.0010198931883854     
   20.199048554325525        1.0008541217892124     
   20.221184497946705        1.0010424704005612     
   20.243320441567885        1.0009181448771163     
   20.265456385189061        1.0008841126451375     
   20.287592328810241        1.0008494418088019     
   20.309728272431421        1.0006334436589448     
   20.331864216052598        1.0009159737981257     
   20.354000159673777        1.0007075800566643     
   20.376136103294957        1.0009917479032733     
   20.398272046916134        1.0012030145493005     
   20.420407990537313        1.0009967860440623     
   20.442543934158493        1.0005298928350537     
   20.464679877779670        1.0006006652288895     
   20.486815821400850        1.0004191192269960     
   20.508951765022029        1.0005168901491139     
   20.531087708643206        1.0006018378518879     
   20.553223652264386        1.0007286209442789     
   20.575359595885566        1.0007119293393374     
   20.597495539506742        1.0007797649937336     
   20.619631483127922        1.0008860203538685     
   20.641767426749102        1.0006413838044677     
   20.663903370370278        1.0005866521784772     
   20.686039313991458        1.0006948372029176     
   20.708175257612638        1.0007576393630093     
   20.730311201233814        1.0010098456205454     
   20.752447144854994        1.0005597448116375     
   20.774583088476170        1.0006236172788059     
   20.796719032097350        1.0009299774639315     
   20.818854975718530        1.0006174220299497     
   20.840990919339706        1.0008697045495671     
   20.863126862960886        1.0007133412177569     
   20.885262806582066        1.0006583330140606     
   20.907398750203242        1.0008046708228546     
   20.929534693824422        1.0003581456756125     
   20.951670637445602        1.0002253353908497     
   20.973806581066778        1.0004970877176280     
   20.995942524687958        1.0007129209191790     
   21.018078468309138        1.0007510770193810     
   21.040214411930314        1.0009310566009990     
   21.062350355551494        1.0011947231890128     
   21.084486299172674        1.0009456338100342     
   21.106622242793851        1.0009221956576420     
   21.128758186415030        1.0010523278764025     
   21.150894130036210        1.0008052440957076     
   21.173030073657387        1.0009917034920781     
   21.195166017278567        1.0009592821899214     
   21.217301960899746        1.0009465119675420     
   21.239437904520923        1.0010231746066587     
   21.261573848142103        1.0012313907723769     
   21.283709791763282        1.0010738366694654     
   21.305845735384459        1.0009419302853060     
   21.327981679005639        1.0009894011370215     
   21.350117622626819        1.0008650813428679     
   21.372253566247995        1.0009489673722396     
   21.394389509869175        1.0005328219381664     
   21.416525453490355        1.0007339286661887     
   21.438661397111531        1.0006730377937560     
   21.460797340732711        1.0004498413985443     
   21.482933284353891        1.0006284419798877     
   21.505069227975067        1.0007403310378775     
   21.527205171596247        1.0004400147433559     
   21.549341115217423        1.0007028398627811     
   21.571477058838603        1.0003449244574711     
   21.593613002459783        1.0007502422966443     
   21.615748946080959        1.0004653982481613     
   21.637884889702139        1.0005308716106140     
   21.660020833323319        1.0007735334538304     
   21.682156776944495        1.0006648900089758     
   21.704292720565675        1.0005216598908118     
   21.726428664186855        1.0003614039030015     
   21.748564607808031        1.0005800286812008     
   21.770700551429211        1.0003140876245296     
   21.792836495050391        1.0004142214880918     
   21.814972438671568        1.0006322534249172     
   21.837108382292747        1.0008258117997821     
   21.859244325913927        1.0008244421646404     
   21.881380269535104        1.0006080789121203     
   21.903516213156283        1.0007389248725151     
   21.925652156777463        1.0008090317527334     
   21.947788100398640        1.0008733177262987     
   21.969924044019820        1.0010189549054902     
   21.992059987640999        1.0010595494420440     
   22.014195931262176        1.0009309006923712     
   22.036331874883356        1.0008562227272524     
   22.058467818504536        1.0006391813680275     
   22.080603762125712        1.0008455797528986     
   22.102739705746892        1.0006492990800637     
   22.124875649368072        1.0008028145467420     
