   9.8994949366116650E-003   0.0000000000000000     
   2.9698484809834995E-002   0.0000000000000000     
   4.9497474683058325E-002   0.0000000000000000     
   6.9296464556281662E-002   0.0000000000000000     
   8.9095454429504978E-002   0.0000000000000000     
  0.10889444430272832        0.0000000000000000     
  0.12869343417595164        0.0000000000000000     
  0.14849242404917498        0.0000000000000000     
  0.16829141392239830        0.0000000000000000     
  0.18809040379562161        0.0000000000000000     
  0.20788939366884496        0.0000000000000000     
  0.22768838354206830        0.0000000000000000     
  0.24748737341529162        0.0000000000000000     
  0.26728636328851496        0.0000000000000000     
  0.28708535316173833        0.0000000000000000     
  0.30688434303496165        0.0000000000000000     
  0.32668333290818496        0.0000000000000000     
  0.34648232278140828        0.0000000000000000     
  0.36628131265463160        0.0000000000000000     
  0.38608030252785497        0.0000000000000000     
  0.40587929240107828        0.0000000000000000     
  0.42567828227430160        0.0000000000000000     
  0.44547727214752497        0.0000000000000000     
  0.46527626202074829        0.0000000000000000     
  0.48507525189397160        0.0000000000000000     
  0.50487424176719486        0.0000000000000000     
  0.52467323164041824        0.0000000000000000     
  0.54447222151364161        0.0000000000000000     
  0.56427121138686498        0.0000000000000000     
  0.58407020126008824        0.0000000000000000     
  0.60386919113331161        0.0000000000000000     
  0.62366818100653487        0.0000000000000000     
  0.64346717087975824        0.0000000000000000     
  0.66326616075298162        0.0000000000000000     
  0.68306515062620488        0.0000000000000000     
  0.70286414049942825        0.0000000000000000     
  0.72266313037265151        0.0000000000000000     
  0.74246212024587488        0.0000000000000000     
  0.76226111011909825        0.0000000000000000     
  0.78206009999232151        0.0000000000000000     
  0.80185908986554488        0.0000000000000000     
  0.82165807973876825        0.0000000000000000     
  0.84145706961199151        2.4401322688752851E-007
  0.86125605948521489        1.8595490738670336E-005
  0.88105504935843826        5.2878214610857673E-004
  0.90085403923166152        6.3536217646255498E-003
  0.92065302910488489        3.8239496451414404E-002
  0.94045201897810815       0.14286617404385449     
  0.96025100885133152       0.36576010460267366     
  0.98004999872455489       0.70978159515942940     
  0.99984898859777815        1.1237015422225953     
   1.0196479784710013        1.5310302535464153     
   1.0394469683442247        1.8706062455562726     
   1.0592459582174480        2.1101552688104763     
   1.0790449480906714        2.2486038917320914     
   1.0988439379638948        2.2996843008515828     
   1.1186429278371182        2.2807957130009306     
   1.1384419177103413        2.2207806737432749     
   1.1582409075835647        2.1292501369756529     
   1.1780398974567881        2.0277994152614141     
   1.1978388873300114        1.9191071501889168     
   1.2176378772032348        1.8118818883221179     
   1.2374368670764579        1.7064151046436922     
   1.2572358569496813        1.6084134348064820     
   1.2770348468229047        1.5170733594789567     
   1.2968338366961281        1.4343578331521769     
   1.3166328265693514        1.3582499900419760     
   1.3364318164425746        1.2910982672967717     
   1.3562308063157980        1.2288033664388707     
   1.3760297961890213        1.1727579296355681     
   1.3958287860622447        1.1234226970970984     
   1.4156277759354681        1.0779762768447725     
   1.4354267658086912        1.0364485708515674     
   1.4552257556819146        1.0004464367552015     
   1.4750247455551380       0.96756272934819976     
   1.4948237354283613       0.93839576830841287     
   1.5146227253015847       0.91178090809118295     
   1.5344217151748081       0.88874901299510600     
   1.5542207050480312       0.86809716631580525     
   1.5740196949212546       0.84877715842671608     
   1.5938186847944780       0.83159772894505357     
   1.6136176746677013       0.81738773044187618     
   1.6334166645409247       0.80488120035484134     
   1.6532156544141479       0.79422335388194099     
   1.6730146442873712       0.78495018042485920     
   1.6928136341605946       0.77796172849202594     
   1.7126126240338180       0.77175061888324681     
   1.7324116139070413       0.76761146873903452     
   1.7522106037802647       0.76579359607711894     
   1.7720095936534879       0.76574237859958583     
   1.7918085835267112       0.76821102179445089     
   1.8116075733999346       0.77218412338355280     
   1.8314065632731580       0.77671227687093902     
   1.8512055531463814       0.78322012402102170     
   1.8710045430196045       0.79156635231610384     
   1.8908035328928279       0.80449858436312038     
   1.9106025227660512       0.81844068055879482     
   1.9304015126392746       0.83444765851945535     
   1.9502005025124980       0.85349200010112147     
   1.9699994923857211       0.87504166423365659     
   1.9897984822589445       0.89991899618687332     
   2.0095974721321679       0.92763380769199921     
   2.0293964620053910       0.95481846588997221     
   2.0491954518786146       0.98421504389680792     
   2.0689944417518378        1.0118117850208974     
   2.0887934316250614        1.0382163410436560     
   2.1085924214982845        1.0625094688170578     
   2.1283914113715077        1.0848422211001414     
   2.1481904012447313        1.1032348335064575     
   2.1679893911179544        1.1189863070327488     
   2.1877883809911780        1.1297780495470662     
   2.2075873708644012        1.1376939164859574     
   2.2273863607376247        1.1423205542349613     
   2.2471853506108479        1.1440026592114487     
   2.2669843404840710        1.1433570122675631     
   2.2867833303572946        1.1410989912043741     
   2.3065823202305178        1.1361691454620486     
   2.3263813101037414        1.1297774245377403     
   2.3461802999769645        1.1217683918018748     
   2.3659792898501877        1.1124435187626791     
   2.3857782797234113        1.1041358502820879     
   2.4055772695966344        1.0937451211209550     
   2.4253762594698580        1.0845032715567884     
   2.4451752493430812        1.0732871796513268     
   2.4649742392163043        1.0633797830046838     
   2.4847732290895279        1.0521543479744724     
   2.5045722189627511        1.0418729099884703     
   2.5243712088359747        1.0330760331905018     
   2.5441701987091978        1.0241878396910262     
   2.5639691885824210        1.0153454624466145     
   2.5837681784556445        1.0074416237841262     
   2.6035671683288677       0.99919396222945833     
   2.6233661582020913       0.99195671362575466     
   2.6431651480753144       0.98543676062714314     
   2.6629641379485376       0.97887967378788687     
   2.6827631278217612       0.97360834972770482     
   2.7025621176949843       0.96786010088988517     
   2.7223611075682079       0.96337702822809068     
   2.7421600974414311       0.95978601684020493     
   2.7619590873146542       0.95618872657054887     
   2.7817580771878778       0.95342194858303553     
   2.8015570670611010       0.95141530590531864     
   2.8213560569343246       0.95031079211269831     
   2.8411550468075477       0.94899388121702177     
   2.8609540366807709       0.94967105868220081     
   2.8807530265539945       0.94931199275024813     
   2.9005520164272176       0.94976680337821862     
   2.9203510063004412       0.95194996754386463     
   2.9401499961736643       0.95413836720102119     
   2.9599489860468879       0.95604811153901237     
   2.9797479759201111       0.95930704182350979     
   2.9995469657933342       0.96239542281528478     
   3.0193459556665578       0.96677338454786310     
   3.0391449455397810       0.97081230621625070     
   3.0589439354130046       0.97575880843678264     
   3.0787429252862277       0.98106851704491838     
   3.0985419151594509       0.98645337105807307     
   3.1183409050326745       0.99022578449807952     
   3.1381398949058976       0.99518963332240407     
   3.1579388847791212        1.0005305742517565     
   3.1777378746523444        1.0041806276822645     
   3.1975368645255675        1.0090014998646963     
   3.2173358543987911        1.0122937369912572     
   3.2371348442720143        1.0154597564667223     
   3.2569338341452378        1.0184564061795172     
   3.2767328240184610        1.0202483841599663     
   3.2965318138916841        1.0225950415063239     
   3.3163308037649077        1.0242062519408281     
   3.3361297936381309        1.0257833209033331     
   3.3559287835113545        1.0258168498730802     
   3.3757277733845776        1.0258662256589854     
   3.3955267632578008        1.0255079432762806     
   3.4153257531310244        1.0249704513296922     
   3.4351247430042475        1.0250796794281314     
   3.4549237328774711        1.0238013878203489     
   3.4747227227506943        1.0232435118707455     
   3.4945217126239179        1.0214510154080687     
   3.5143207024971410        1.0200456879242434     
   3.5341196923703642        1.0185780221740195     
   3.5539186822435878        1.0167221706598666     
   3.5737176721168109        1.0157027959103646     
   3.5935166619900345        1.0132174630695174     
   3.6133156518632576        1.0107333409038757     
   3.6331146417364808        1.0095580612108419     
   3.6529136316097044        1.0069139084114038     
   3.6727126214829275        1.0043147003605726     
   3.6925116113561511        1.0029914477167094     
   3.7123106012293743        1.0008448108238761     
   3.7321095911025974       0.99929201854020544     
   3.7519085809758210       0.99818017826537409     
   3.7717075708490442       0.99748606871793233     
   3.7915065607222678       0.99568552370641639     
   3.8113055505954909       0.99442571551147474     
   3.8311045404687141       0.99302125316956402     
   3.8509035303419377       0.99190897171653492     
   3.8707025202151608       0.99110767490742357     
   3.8905015100883844       0.99018776488382698     
   3.9103004999616076       0.98975836448819521     
   3.9300994898348307       0.98986440961162747     
   3.9498984797080543       0.98963243932624634     
   3.9696974695812774       0.98958728069042201     
   3.9894964594545010       0.98974344523730062     
   4.0092954493277242       0.98938845031268186     
   4.0290944392009473       0.98954110138868823     
   4.0488934290741705       0.99029060801763669     
   4.0686924189473945       0.99087193768610893     
   4.0884914088206177       0.99138325418267104     
   4.1082903986938408       0.99343263203845777     
   4.1280893885670640       0.99405115931954491     
   4.1478883784402871       0.99472377761137332     
   4.1676873683135112       0.99600489827625960     
   4.1874863581867343       0.99686481874589494     
   4.2072853480599575       0.99816787510558636     
   4.2270843379331806       0.99907630126167557     
   4.2468833278064038        1.0001707113274425     
   4.2666823176796278        1.0013561195439866     
   4.2864813075528510        1.0018612088144796     
   4.3062802974260741        1.0030732410315544     
   4.3260792872992972        1.0041868480826239     
   4.3458782771725204        1.0045554394722849     
   4.3656772670457444        1.0050056274716983     
   4.3854762569189676        1.0057324346316352     
   4.4052752467921907        1.0052513548093112     
   4.4250742366654139        1.0055858966366764     
   4.4448732265386379        1.0065790029931985     
   4.4646722164118611        1.0070950853768446     
   4.4844712062850842        1.0069281974115059     
   4.5042701961583074        1.0065224986456238     
   4.5240691860315305        1.0064143574250435     
   4.5438681759047546        1.0060984369273163     
   4.5636671657779777        1.0062329689453666     
   4.5834661556512009        1.0055518799942509     
   4.6032651455244240        1.0051514140139135     
   4.6230641353976472        1.0052872074168175     
   4.6428631252708712        1.0046474778776113     
   4.6626621151440943        1.0038610797075469     
   4.6824611050173175        1.0037286478575673     
   4.7022600948905406        1.0032288815247694     
   4.7220590847637638        1.0031601297440176     
   4.7418580746369878        1.0026620175960277     
   4.7616570645102110        1.0019760306500107     
   4.7814560543834341        1.0013720761403571     
   4.8012550442566573        1.0011135992587246     
   4.8210540341298804        1.0002683593012192     
   4.8408530240031045       0.99944373354198768     
   4.8606520138763276       0.99891201943263186     
   4.8804510037495508       0.99903100205741791     
   4.9002499936227739       0.99824672144819426     
   4.9200489834959971       0.99883541359657124     
   4.9398479733692211       0.99848591148082788     
   4.9596469632424443       0.99861993021070650     
   4.9794459531156674       0.99811341329382530     
   4.9992449429888905       0.99770582470540581     
   5.0190439328621137       0.99817122901202859     
   5.0388429227353377       0.99790809603550390     
   5.0586419126085609       0.99807057199010751     
   5.0784409024817840       0.99849846422538635     
   5.0982398923550072       0.99862081672164171     
   5.1180388822282303       0.99796850242303248     
   5.1378378721014544       0.99758785293834784     
   5.1576368619746775       0.99869687835864163     
   5.1774358518479007       0.99844377586899657     
   5.1972348417211238       0.99909565057719163     
   5.2170338315943470       0.99934995231629131     
   5.2368328214675710       0.99928254929809346     
   5.2566318113407942       0.99957493248183948     
   5.2764308012140173        1.0001958509049400     
   5.2962297910872405        1.0012540485841683     
   5.3160287809604636        1.0006959033016802     
   5.3358277708336876        1.0005852368207011     
   5.3556267607069108        1.0001937540123915     
   5.3754257505801339        1.0007329670422689     
   5.3952247404533571        1.0010506500544225     
   5.4150237303265802        1.0013294949774807     
   5.4348227201998043        1.0015406091267229     
   5.4546217100730274        1.0023100881144857     
   5.4744206999462506        1.0018919071925481     
   5.4942196898194737        1.0015765965549122     
   5.5140186796926969        1.0021884107762138     
   5.5338176695659209        1.0021028931656006     
   5.5536166594391441        1.0024097004787627     
   5.5734156493123672        1.0020807842687072     
   5.5932146391855904        1.0028394897634412     
   5.6130136290588135        1.0016061943043728     
   5.6328126189320376        1.0020271892455004     
   5.6526116088052607        1.0025089476756510     
   5.6724105986784839        1.0024945151095241     
   5.6922095885517070        1.0026245411688683     
   5.7120085784249301        1.0023303240307622     
   5.7318075682981542        1.0026585820932745     
   5.7516065581713773        1.0020089619839647     
   5.7714055480446005        1.0019476455986127     
   5.7912045379178236        1.0017133384896049     
   5.8110035277910477        1.0018041471598333     
   5.8308025176642708        1.0018343694644298     
   5.8506015075374940        1.0010562905558338     
   5.8704004974107171        1.0006474615562679     
   5.8901994872839403        1.0002232194310643     
   5.9099984771571643        1.0004756805138326     
   5.9297974670303875        1.0005799866715983     
   5.9495964569036106       0.99966642074649870     
   5.9693954467768338        1.0000082323319661     
   5.9891944366500569       0.99998311732999179     
   6.0089934265232809        1.0005586353380869     
   6.0287924163965041        1.0006020024854321     
   6.0485914062697272       0.99972731643345025     
   6.0683903961429504        1.0000498191168610     
   6.0881893860161735       0.99958762619090691     
   6.1079883758893976       0.99964154557094453     
   6.1277873657626207        1.0000018104001394     
   6.1475863556358439       0.99985692436717977     
   6.1673853455090670        1.0001718035333111     
   6.1871843353822902        1.0003621455033713     
   6.2069833252555142        1.0001194475941904     
   6.2267823151287374        1.0001535993483794     
   6.2465813050019605        1.0010121175635227     
   6.2663802948751837        1.0002202069057728     
   6.2861792847484068        1.0002554497630720     
   6.3059782746216309        1.0009138446658934     
   6.3257772644948540        1.0012464197527735     
   6.3455762543680772        1.0006996119955063     
   6.3653752442413003        1.0006898946461635     
   6.3851742341145235        1.0006620046642343     
   6.4049732239877475        1.0005161236093150     
   6.4247722138609706        1.0009243448434568     
   6.4445712037341938        1.0010336285886765     
   6.4643701936074169        1.0012906388234810     
   6.4841691834806401        1.0009666263494965     
   6.5039681733538641        1.0010826441502165     
   6.5237671632270873        1.0014318697878450     
   6.5435661531003104        1.0017450620548876     
   6.5633651429735336        1.0009418812876905     
   6.5831641328467567        1.0006065733839677     
   6.6029631227199808        1.0008538723215197     
   6.6227621125932039        1.0007352193116130     
   6.6425611024664271        1.0008411603035801     
   6.6623600923396502        1.0008831387778760     
   6.6821590822128734        1.0008864897290437     
   6.7019580720860974        1.0003692094707501     
   6.7217570619593205        1.0002438955091213     
   6.7415560518325437        1.0007101503079594     
   6.7613550417057668        1.0008613429069597     
   6.7811540315789900        1.0005777846442607     
   6.8009530214522140        1.0004963447196811     
   6.8207520113254372        1.0006947054510682     
   6.8405510011986603        1.0007525831985526     
   6.8603499910718835        1.0008423609169830     
   6.8801489809451066        1.0008307812687716     
   6.8999479708183307        1.0007538011114447     
   6.9197469606915538        1.0005102345908059     
   6.9395459505647770        1.0004026237039965     
   6.9593449404380001        1.0003505020557879     
   6.9791439303112242        1.0001645501961713     
   6.9989429201844473        1.0003153808454106     
   7.0187419100576705        1.0006923720050536     
   7.0385408999308936        1.0003907198764257     
   7.0583398898041168        1.0008501237322016     
   7.0781388796773408        1.0008122744301025     
   7.0979378695505639        1.0009049264125078     
   7.1177368594237871        1.0006876192181104     
   7.1375358492970102        1.0006898603761458     
   7.1573348391702334        1.0000505486613405     
   7.1771338290434574        1.0001078324276864     
   7.1969328189166806        1.0000630068865579     
   7.2167318087899037        1.0006285122511018     
   7.2365307986631269        1.0005943959761996     
   7.2563297885363500        1.0007059650030123     
   7.2761287784095741        1.0005891695533422     
   7.2959277682827972        1.0004229422471091     
   7.3157267581560204        1.0002805169254816     
   7.3355257480292435        1.0006336803979223     
   7.3553247379024667        1.0008347578642700     
   7.3751237277756907        1.0009343909508663     
   7.3949227176489138        1.0009560792089860     
   7.4147217075221370        1.0006329723709595     
   7.4345206973953601        1.0011254615634764     
   7.4543196872685833        1.0007991589757939     
   7.4741186771418073        1.0004608767713328     
   7.4939176670150305        1.0003283410107513     
   7.5137166568882536        1.0004136706753852     
   7.5335156467614768        1.0004323764655652     
   7.5533146366346999        1.0007100443675849     
   7.5731136265079240        1.0009659259756483     
   7.5929126163811471        1.0010099791119598     
   7.6127116062543703        1.0007003409006689     
   7.6325105961275934        1.0009837136220867     
   7.6523095860008166        1.0004732983099853     
   7.6721085758740406        1.0006508844341320     
   7.6919075657472638        1.0010565095267232     
   7.7117065556204869        1.0002987884882981     
   7.7315055454937101        1.0007223057944084     
   7.7513045353669332        1.0006986392471089     
   7.7711035252401572        1.0007386113354648     
   7.7909025151133804        1.0007252228951606     
   7.8107015049866035        1.0002552558538642     
   7.8305004948598267        1.0008315129400345     
   7.8502994847330498        1.0009458122700128     
   7.8700984746062739        1.0011204554086308     
   7.8898974644794970        1.0008031752766129     
   7.9096964543527202        1.0005189197028630     
   7.9294954442259433        1.0010766040998773     
   7.9492944340991665        1.0012027658822169     
   7.9690934239723905        1.0010635873439899     
   7.9888924138456137        1.0016272898104386     
   8.0086914037188368        1.0014010166403460     
   8.0284903935920600        1.0007886577378895     
   8.0482893834652831        1.0011064118638324     
   8.0680883733385063        1.0008806141610946     
   8.0878873632117294        1.0006066713049875     
   8.1076863530849543        1.0005224586014858     
   8.1274853429581775        1.0005008290376236     
   8.1472843328314006       0.99994686506976826     
   8.1670833227046238        1.0001624303489742     
   8.1868823125778469        1.0003000327632026     
   8.2066813024510701        1.0005165831241807     
   8.2264802923242932        1.0000396969866674     
   8.2462792821975164        1.0005376927221765     
   8.2660782720707395        1.0008421367506553     
   8.2858772619439627        1.0003918042505033     
   8.3056762518171876        1.0004129515770017     
   8.3254752416904108        1.0006748518530104     
   8.3452742315636339        1.0007987607055853     
   8.3650732214368571        1.0006674212742876     
   8.3848722113100802        1.0010014061326746     
   8.4046712011833034        1.0010246549871293     
   8.4244701910565265        1.0011553998090794     
   8.4442691809297497        1.0016592121793662     
   8.4640681708029728        1.0010916627094142     
   8.4838671606761960        1.0007374407596734     
   8.5036661505494209        1.0010516507481644     
   8.5234651404226440        1.0005076552486163     
   8.5432641302958672        1.0002311772675410     
   8.5630631201690903        1.0002340047753731     
   8.5828621100423135        1.0005613568300726     
   8.6026610999155366        1.0007213685627621     
   8.6224600897887598        1.0010057113377624     
   8.6422590796619829        1.0010695320911340     
   8.6620580695352061        1.0008089069500863     
   8.6818570594084292        1.0012036318640709     
   8.7016560492816541        1.0009001165244666     
   8.7214550391548773        1.0012834957572412     
   8.7412540290281004        1.0012589363952671     
   8.7610530189013236        1.0013867536682834     
   8.7808520087745467        1.0011043865632745     
   8.8006509986477699        1.0007544172868796     
   8.8204499885209930        1.0005002969783738     
   8.8402489783942162        1.0007221310764047     
   8.8600479682674393        1.0005370270621046     
   8.8798469581406643        1.0007341816902862     
   8.8996459480138874        1.0008286914711531     
   8.9194449378871106        1.0009987710768180     
   8.9392439277603337        1.0009491785075246     
   8.9590429176335569        1.0012157806904569     
   8.9788419075067800        1.0007677536062702     
   8.9986408973800032        1.0007283746699822     
   9.0184398872532263        1.0007317664903570     
   9.0382388771264495        1.0006300747761183     
   9.0580378669996726        1.0010905833994741     
   9.0778368568728975        1.0011398249155774     
   9.0976358467461207        1.0010402788503974     
   9.1174348366193438        1.0011655566143609     
   9.1372338264925670        1.0010011965939385     
   9.1570328163657901        1.0008832674842874     
   9.1768318062390133        1.0004899925225970     
   9.1966307961122364        1.0007350673994109     
   9.2164297859854596        1.0000814954480790     
   9.2362287758586827        1.0002489439772306     
   9.2560277657319059        1.0000430235855400     
   9.2758267556051308       0.99977060127197703     
   9.2956257454783540        1.0004616701736115     
   9.3154247353515771        1.0003467386524039     
   9.3352237252248003        1.0001089036517086     
   9.3550227150980234        1.0003942907782080     
   9.3748217049712466        1.0010546161516973     
   9.3946206948444697        1.0006653762468847     
   9.4144196847176929        1.0007799660869503     
   9.4342186745909160        1.0010807233168879     
   9.4540176644641392        1.0012245429470372     
   9.4738166543373641        1.0008658565847910     
   9.4936156442105872        1.0009757417193965     
   9.5134146340838104        1.0009562334960589     
   9.5332136239570335        1.0003194401703075     
   9.5530126138302567        1.0007675862089707     
   9.5728116037034798        1.0006372452058843     
   9.5926105935767030        1.0004163653793396     
   9.6124095834499261        1.0005180430902874     
   9.6322085733231493        1.0009109149115214     
   9.6520075631963724        1.0002373149937107     
   9.6718065530695974        1.0005747632821800     
   9.6916055429428205        1.0005502465772969     
   9.7114045328160437        1.0008878586573593     
   9.7312035226892668        1.0011128586767648     
   9.7510025125624900        1.0007051513934926     
   9.7708015024357131        1.0008301700698057     
   9.7906004923089363        1.0008052169893431     
   9.8103994821821594        1.0008042242458113     
   9.8301984720553826        1.0010621340265502     
   9.8499974619286057        1.0009988015466418     
   9.8697964518018306        1.0007244216550872     
   9.8895954416750538        1.0008807038066077     
   9.9093944315482769        1.0010766004783278     
   9.9291934214215001        1.0009122926955556     
   9.9489924112947232        1.0008228322490396     
   9.9687914011679464        1.0008275050504454     
   9.9885903910411695        1.0003680638238690     
   10.008389380914393        1.0008544589958455     
   10.028188370787616        1.0007509953676439     
   10.047987360660839        1.0007357878457004     
   10.067786350534064        1.0007723195951703     
   10.087585340407287        1.0006188828931346     
   10.107384330280510        1.0005261579771250     
   10.127183320153733        1.0005946356404474     
   10.146982310026956        1.0007765074349484     
   10.166781299900180        1.0006343557183845     
   10.186580289773403        1.0007892196119472     
   10.206379279646626        1.0008862082034937     
   10.226178269519849        1.0007427422186153     
   10.245977259393074        1.0008237546749974     
   10.265776249266297        1.0007848481602237     
   10.285575239139520        1.0008971682620886     
   10.305374229012743        1.0005705045338955     
   10.325173218885967        1.0006361721625063     
   10.344972208759190        1.0005974064591661     
   10.364771198632413        1.0006417533549863     
   10.384570188505636        1.0007872443244530     
   10.404369178378859        1.0008890613448445     
   10.424168168252082        1.0008167034291946     
   10.443967158125307        1.0010646426252197     
   10.463766147998530        1.0006583079425015     
   10.483565137871754        1.0005923776705907     
   10.503364127744977        1.0007929682045043     
   10.523163117618200        1.0006330244460733     
   10.542962107491423        1.0006824559245446     
   10.562761097364646        1.0005037246743400     
   10.582560087237869        1.0008814622466287     
   10.602359077111092        1.0007553929127868     
   10.622158066984316        1.0011110340240017     
   10.641957056857541        1.0006397393084447     
   10.661756046730764        1.0007120640849532     
   10.681555036603987        1.0005447616336756     
   10.701354026477210        1.0007508428756999     
   10.721153016350433        1.0007467025098622     
   10.740952006223656        1.0013049390617468     
   10.760750996096879        1.0009742141195015     
   10.780549985970103        1.0006912905452741     
   10.800348975843326        1.0008262229235847     
   10.820147965716549        1.0006811402147937     
   10.839946955589774        1.0009505575992059     
   10.859745945462997        1.0011358579435561     
   10.879544935336220        1.0006322144635060     
   10.899343925209443        1.0009170752368550     
   10.919142915082666        1.0009399747376035     
   10.938941904955890        1.0008522158119224     
   10.958740894829113        1.0009519125186730     
   10.978539884702336        1.0005863604308429     
   10.998338874575559        1.0009629429084581     
   11.018137864448782        1.0008041579221365     
   11.037936854322007        1.0010712937320339     
   11.057735844195230        1.0008718281838775     
   11.077534834068453        1.0006956517792822     
   11.097333823941677        1.0009733928674747     
   11.117132813814900        1.0004357738866816     
   11.136931803688123        1.0006495677072855     
   11.156730793561346        1.0006026301197162     
   11.176529783434569        1.0007153946346106     
   11.196328773307792        1.0003751233513858     
   11.216127763181015        1.0002499267725948     
   11.235926753054240        1.0003327105769413     
   11.255725742927464        1.0001254111485562     
   11.275524732800687        1.0003189485774817     
   11.295323722673910        1.0006855348890686     
   11.315122712547133        1.0009913187221755     
   11.334921702420356        1.0012156239648586     
   11.354720692293579        1.0009218123412038     
   11.374519682166802        1.0006500535081149     
   11.394318672040026        1.0011181709370900     
   11.414117661913249        1.0011758861303663     
   11.433916651786474        1.0015216222620527     
   11.453715641659697        1.0012533050139001     
   11.473514631532920        1.0011758409331626     
   11.493313621406143        1.0011531316202686     
   11.513112611279366        1.0009753075813617     
   11.532911601152589        1.0010590049781278     
   11.552710591025813        1.0012281703570383     
   11.572509580899036        1.0012742440979854     
   11.592308570772259        1.0011073115319284     
   11.612107560645484        1.0009603101349733     
   11.631906550518707        1.0009546016852811     
   11.651705540391930        1.0008336469650960     
   11.671504530265153        1.0008760585326819     
   11.691303520138376        1.0008922112533962     
   11.711102510011600        1.0006056256981390     
   11.730901499884823        1.0007236980607450     
   11.750700489758046        1.0006825552859619     
   11.770499479631269        1.0005283033372834     
   11.790298469504492        1.0008349318490186     
   11.810097459377717        1.0008833805758204     
   11.829896449250940        1.0012289160805954     
   11.849695439124163        1.0012580560831008     
   11.869494428997386        1.0011355623835625     
   11.889293418870610        1.0009488182306900     
   11.909092408743833        1.0011243802139764     
   11.928891398617056        1.0007531535293703     
   11.948690388490279        1.0009104146849597     
   11.968489378363502        1.0010667781156886     
   11.988288368236725        1.0008563583948342     
   12.008087358109950        1.0006729479643603     
   12.027886347983173        1.0008561240402276     
   12.047685337856397        1.0004467153533294     
   12.067484327729620        1.0004589513643591     
   12.087283317602843        1.0005073465824388     
   12.107082307476066        1.0010126005384126     
   12.126881297349289        1.0007335955044940     
   12.146680287222512        1.0006041870063132     
   12.166479277095736        1.0006416856075151     
   12.186278266968959        1.0006090715972147     
   12.206077256842184        1.0006312001885309     
   12.225876246715407        1.0007156148365546     
   12.245675236588630        1.0004861245627097     
   12.265474226461853        1.0007707640392132     
   12.285273216335076        1.0008332195493599     
   12.305072206208299        1.0009102081171344     
   12.324871196081522        1.0007026210042835     
   12.344670185954746        1.0006575370892485     
   12.364469175827969        1.0005408920541139     
   12.384268165701192        1.0006698991156155     
   12.404067155574417        1.0009756960471548     
   12.423866145447640        1.0007654277928311     
   12.443665135320863        1.0006221276453100     
   12.463464125194086        1.0007260016662036     
   12.483263115067309        1.0010602151247623     
   12.503062104940533        1.0004338098287449     
   12.522861094813756        1.0004800204115474     
   12.542660084686979        1.0006906717372344     
   12.562459074560202        1.0009053172435289     
   12.582258064433425        1.0009234622985859     
   12.602057054306650        1.0006642253766731     
   12.621856044179873        1.0007095494119507     
   12.641655034053096        1.0009180617398465     
   12.661454023926320        1.0011562147016035     
   12.681253013799543        1.0012373612604093     
   12.701052003672766        1.0010462599608065     
   12.720850993545989        1.0013862420820743     
   12.740649983419212        1.0013812709947432     
   12.760448973292435        1.0010809031530232     
   12.780247963165660        1.0011980396357740     
   12.800046953038883        1.0010364046575586     
   12.819845942912107        1.0010358645003437     
   12.839644932785330        1.0008135702876293     
   12.859443922658553        1.0009356181804301     
   12.879242912531776        1.0010096229115075     
   12.899041902404999        1.0014032244579063     
   12.918840892278222        1.0012621832758375     
   12.938639882151445        1.0010433382851025     
   12.958438872024669        1.0012717379290135     
   12.978237861897894        1.0008711634111191     
   12.998036851771117        1.0012319959167699     
   13.017835841644340        1.0009877145939885     
   13.037634831517563        1.0010658594898445     
   13.057433821390786        1.0006838459453999     
   13.077232811264009        1.0006816677451598     
   13.097031801137232        1.0007700954935563     
   13.116830791010456        1.0008675389217869     
   13.136629780883679        1.0009348351599872     
   13.156428770756902        1.0006284793681597     
   13.176227760630127        1.0009345256349766     
   13.196026750503350        1.0008281763903186     
   13.215825740376573        1.0007183082987341     
   13.235624730249796        1.0007742480194504     
   13.255423720123019        1.0008617596630778     
   13.275222709996243        1.0007521165276931     
   13.295021699869466        1.0006675564859036     
   13.314820689742689        1.0004753632356875     
   13.334619679615912        1.0007100655171450     
   13.354418669489135        1.0005457777068214     
   13.374217659362360        1.0005241551099111     
   13.394016649235583        1.0005952339944286     
   13.413815639108806        1.0005285993475854     
   13.433614628982030        1.0006521021289532     
   13.453413618855253        1.0004087232982770     
   13.473212608728476        1.0007496305715775     
   13.493011598601699        1.0003536763803942     
   13.512810588474922        1.0005305018018016     
   13.532609578348145        1.0005163768555481     
   13.552408568221368        1.0006313002461449     
   13.572207558094593        1.0008469010935024     
   13.592006547967816        1.0005855832876098     
   13.611805537841040        1.0006692227508254     
   13.631604527714263        1.0008449225277034     
   13.651403517587486        1.0010303102546600     
   13.671202507460709        1.0007997377725535     
   13.691001497333932        1.0006654393014724     
   13.710800487207155        1.0011036842154704     
   13.730599477080379        1.0010982677016065     
   13.750398466953602        1.0007989072664323     
   13.770197456826827        1.0009169598361312     
   13.789996446700050        1.0004197504517232     
   13.809795436573273        1.0009319407929589     
   13.829594426446496        1.0008423300448783     
   13.849393416319719        1.0006592030936634     
   13.869192406192942        1.0011663413018079     
   13.888991396066166        1.0013345136073721     
   13.908790385939389        1.0010550698255507     
   13.928589375812612        1.0011813367594882     
   13.948388365685837        1.0011614685467916     
   13.968187355559060        1.0012026011662269     
   13.987986345432283        1.0013592861769516     
   14.007785335305506        1.0014461224502471     
   14.027584325178729        1.0011993772355270     
   14.047383315051952        1.0007510029429865     
   14.067182304925176        1.0010923308373734     
   14.086981294798399        1.0007839087417596     
   14.106780284671622        1.0009622332421821     
   14.126579274544845        1.0005313414965298     
   14.146378264418070        1.0005966851265684     
   14.166177254291293        1.0005021640880529     
   14.185976244164516        1.0005050558271271     
   14.205775234037739        1.0009047381711151     
   14.225574223910963        1.0013211912344397     
   14.245373213784186        1.0009843290496494     
   14.265172203657409        1.0012580269112137     
   14.284971193530632        1.0007922917099423     
   14.304770183403855        1.0007369123853602     
   14.324569173277078        1.0007251464720648     
   14.344368163150303        1.0007059840233308     
   14.364167153023526        1.0004102355454054     
   14.383966142896750        1.0003023853252773     
   14.403765132769973        1.0002882022976540     
   14.423564122643196        1.0002865569771231     
   14.443363112516419        1.0007538446975905     
   14.463162102389642        1.0006055693800240     
   14.482961092262865        1.0009009328942620     
   14.502760082136088        1.0008437403081083     
   14.522559072009312        1.0009886574628242     
   14.542358061882537        1.0011285489146113     
   14.562157051755760        1.0012909019950049     
   14.581956041628983        1.0008177527951601     
   14.601755031502206        1.0009519212707902     
   14.621554021375429        1.0010037168013954     
   14.641353011248652        1.0009342070609060     
   14.661152001121875        1.0005627872913825     
   14.680950990995099        1.0008587706028460     
   14.700749980868322        1.0013803351999477     
   14.720548970741545        1.0011689223349238     
   14.740347960614770        1.0010123469929497     
   14.760146950487993        1.0008944883622606     
   14.779945940361216        1.0008169551651898     
   14.799744930234439        1.0007631730187547     
   14.819543920107662        1.0007427176066215     
   14.839342909980886        1.0008944584246122     
   14.859141899854109        1.0005767359333335     
   14.878940889727332        1.0005047505555658     
   14.898739879600555        1.0005378197665380     
   14.918538869473778        1.0008593602018916     
   14.938337859347003        1.0011682826356894     
   14.958136849220226        1.0011693335283018     
   14.977935839093449        1.0007271549206054     
   14.997734828966673        1.0010020479864536     
   15.017533818839896        1.0007697608954793     
   15.037332808713119        1.0009531264458111     
   15.057131798586342        1.0010455588339264     
   15.076930788459565        1.0008146063721055     
   15.096729778332788        1.0006574860565145     
   15.116528768206011        1.0008291444971711     
   15.136327758079236        1.0006828342459297     
   15.156126747952460        1.0002925511548901     
   15.175925737825683        1.0005520114165409     
   15.195724727698906        1.0006510280986025     
   15.215523717572129        1.0004485347447469     
   15.235322707445352        1.0005896520304480     
   15.255121697318575        1.0005546216507950     
   15.274920687191798        1.0005337559365457     
   15.294719677065022        1.0006612063642983     
   15.314518666938246        1.0007542324347343     
   15.334317656811470        1.0009793115740733     
   15.354116646684693        1.0008147302829065     
   15.373915636557916        1.0006417716087779     
   15.393714626431139        1.0008985124179439     
   15.413513616304362        1.0006373044142893     
   15.433312606177585        1.0004216280996521     
   15.453111596050809        1.0007768787211548     
   15.472910585924032        1.0007068963340715     
   15.492709575797255        1.0008730910265295     
   15.512508565670480        1.0005870041111498     
   15.532307555543703        1.0003967860415774     
   15.552106545416926        1.0008491821885688     
   15.571905535290149        1.0012341961029179     
   15.591704525163372        1.0012631178184490     
   15.611503515036596        1.0012528776391378     
   15.631302504909819        1.0012067112429017     
   15.651101494783042        1.0011839478581721     
   15.670900484656265        1.0008804179142521     
   15.690699474529488        1.0010721956603625     
   15.710498464402713        1.0010238888806779     
   15.730297454275936        1.0009986377224005     
   15.750096444149159        1.0010897228885318     
   15.769895434022382        1.0007725533820195     
   15.789694423895606        1.0012544199835702     
   15.809493413768829        1.0014094946557592     
   15.829292403642052        1.0015305467926836     
   15.849091393515275        1.0013854188531992     
   15.868890383388498        1.0011861671691058     
   15.888689373261721        1.0008232018030896     
   15.908488363134946        1.0007821562283732     
   15.928287353008169        1.0008870966610139     
   15.948086342881393        1.0008456874357248     
   15.967885332754616        1.0012249769525814     
   15.987684322627839        1.0011460976367412     
   16.007483312501062        1.0010641425821862     
   16.027282302374285        1.0008078007323153     
   16.047081292247508        1.0005160087881400     
   16.066880282120731        1.0007062885352564     
   16.086679271993955        1.0006708832011393     
   16.106478261867178        1.0008425172234980     
   16.126277251740401        1.0009623289900649     
   16.146076241613624        1.0007448513385320     
   16.165875231486847        1.0007934893144974     
   16.185674221360070        1.0007344081661587     
   16.205473211233297        1.0010600374203271     
   16.225272201106520        1.0009029413828339     
   16.245071190979743        1.0010967292584541     
   16.264870180852967        1.0012550644215927     
   16.284669170726190        1.0010739318666730     
   16.304468160599413        1.0007447015396058     
   16.324267150472636        1.0005701239436287     
   16.344066140345859        1.0006457798830513     
   16.363865130219082        1.0008705687655766     
   16.383664120092305        1.0008959752715747     
   16.403463109965529        1.0007043209708248     
   16.423262099838752        1.0008982210567192     
   16.443061089711975        1.0006493849955425     
   16.462860079585198        1.0009013914469058     
   16.482659069458421        1.0010170221988477     
   16.502458059331644        1.0007810205981502     
   16.522257049204867        1.0008570618649950     
   16.542056039078091        1.0007756807931503     
   16.561855028951314        1.0010553129942497     
   16.581654018824540        1.0008347568476874     
   16.601453008697764        1.0005867751098374     
   16.621251998570987        1.0008921925613947     
   16.641050988444210        1.0008848039888576     
   16.660849978317433        1.0007364475569087     
   16.680648968190656        1.0009724926105048     
   16.700447958063879        1.0010138818792647     
   16.720246947937103        1.0008483267698811     
   16.740045937810326        1.0011023523132900     
   16.759844927683549        1.0011925316766388     
   16.779643917556772        1.0012219757487753     
   16.799442907429995        1.0007727401144346     
   16.819241897303218        1.0012970510627601     
   16.839040887176441        1.0009042273531903     
   16.858839877049665        1.0007237810332490     
   16.878638866922888        1.0006249343072291     
   16.898437856796111        1.0006560028750275     
   16.918236846669334        1.0008713143801939     
   16.938035836542557        1.0010596960801743     
   16.957834826415780        1.0009636794300751     
   16.977633816289007        1.0010085393642554     
   16.997432806162230        1.0009695330226454     
   17.017231796035453        1.0008321604514498     
   17.037030785908676        1.0010089718371167     
   17.056829775781900        1.0006118078344606     
   17.076628765655123        1.0007664250050674     
   17.096427755528346        1.0005669920432227     
   17.116226745401569        1.0004659440027774     
   17.136025735274792        1.0008507904983484     
   17.155824725148015        1.0007197871725306     
   17.175623715021239        1.0007013150789605     
   17.195422704894462        1.0008586537153019     
   17.215221694767685        1.0010082595343033     
   17.235020684640908        1.0009341465115569     
   17.254819674514131        1.0007080067947147     
   17.274618664387354        1.0009640430885174     
   17.294417654260577        1.0007779339674694     
   17.314216644133801        1.0010017483450977     
   17.334015634007024        1.0009580583259476     
   17.353814623880247        1.0008433589530215     
   17.373613613753474        1.0008392921484619     
   17.393412603626697        1.0011034290261531     
   17.413211593499920        1.0013187265138712     
   17.433010583373143        1.0010587151575268     
   17.452809573246366        1.0012215750209934     
   17.472608563119589        1.0008007877778218     
   17.492407552992812        1.0008219748811895     
   17.512206542866036        1.0004776997869294     
   17.532005532739259        1.0007298274025997     
   17.551804522612482        1.0008594078024338     
   17.571603512485705        1.0006347532861775     
   17.591402502358928        1.0006711349282698     
   17.611201492232151        1.0009400291632689     
   17.631000482105375        1.0011350209764869     
   17.650799471978598        1.0007172294191840     
   17.670598461851821        1.0009052131608498     
   17.690397451725044        1.0011423482214867     
   17.710196441598267        1.0011931177026356     
   17.729995431471490        1.0012876764213794     
   17.749794421344717        1.0010484194578653     
   17.769593411217940        1.0013477054000381     
   17.789392401091163        1.0012984698356233     
   17.809191390964386        1.0013691211428979     
   17.828990380837610        1.0010716880284012     
   17.848789370710833        1.0009062637266630     
   17.868588360584056        1.0011077780969675     
   17.888387350457279        1.0012464393681706     
   17.908186340330502        1.0009691001709007     
   17.927985330203725        1.0008784595625149     
   17.947784320076948        1.0009332068033265     
   17.967583309950172        1.0012129688653966     
   17.987382299823395        1.0008982134466899     
   18.007181289696618        1.0007689046791499     
   18.026980279569841        1.0007703519873403     
   18.046779269443064        1.0008458293044185     
   18.066578259316287        1.0008654413288380     
   18.086377249189511        1.0009642399203873     
   18.106176239062734        1.0008274237212651     
   18.125975228935957        1.0006607972305839     
   18.145774218809184        1.0005415950945977     
   18.165573208682407        1.0006555411509992     
   18.185372198555630        1.0005332622310796     
   18.205171188428853        1.0005065524333716     
   18.224970178302076        1.0004942200437585     
   18.244769168175299        1.0006237598515202     
   18.264568158048522        1.0007355940215674     
   18.284367147921746        1.0006935197554763     
   18.304166137794969        1.0008349647762322     
   18.323965127668192        1.0006220371199193     
   18.343764117541415        1.0007414718640826     
   18.363563107414638        1.0008230578755692     
   18.383362097287861        1.0009696513494006     
   18.403161087161084        1.0009074916990037     
   18.422960077034308        1.0007749279986331     
   18.442759066907531        1.0008857531574671     
   18.462558056780754        1.0008788780186104     
   18.482357046653977        1.0009751233268658     
   18.502156036527200        1.0009091177641964     
   18.521955026400423        1.0012224023965650     
   18.541754016273650        1.0013801737991350     
   18.561553006146873        1.0010557176375146     
   18.581351996020096        1.0011624445045058     
   18.601150985893320        1.0012888463791998     
   18.620949975766543        1.0010724256198955     
   18.640748965639766        1.0008892120010788     
   18.660547955512989        1.0008953899718251     
   18.680346945386212        1.0003087236128321     
   18.700145935259435        1.0006123021106290     
   18.719944925132658        1.0008828708929827     
   18.739743915005882        1.0008906729667892     
   18.759542904879105        1.0009266971473827     
   18.779341894752328        1.0009245853499267     
   18.799140884625551        1.0009479920957387     
   18.818939874498774        1.0012142858726216     
   18.838738864371997        1.0012462980709473     
   18.858537854245220        1.0009978078088224     
   18.878336844118444        1.0009655595079590     
   18.898135833991667        1.0008928526422787     
   18.917934823864890        1.0010936879046977     
   18.937733813738117        1.0009942297242280     
   18.957532803611340        1.0010332787231724     
   18.977331793484563        1.0009367959897613     
   18.997130783357786        1.0007309182228326     
   19.016929773231009        1.0009587869691858     
   19.036728763104232        1.0007230172163681     
   19.056527752977455        1.0010325232064008     
   19.076326742850679        1.0007725934222642     
   19.096125732723902        1.0005748131255783     
   19.115924722597125        1.0009719533929842     
   19.135723712470348        1.0010527020276123     
   19.155522702343571        1.0008493715130764     
   19.175321692216794        1.0008021638741975     
   19.195120682090018        1.0006057260836021     
   19.214919671963241        1.0010539609445162     
   19.234718661836464        1.0010164452534334     
   19.254517651709687        1.0008719100003225     
   19.274316641582910        1.0009588068552464     
   19.294115631456133        1.0012454234081942     
   19.313914621329360        1.0012059623247480     
   19.333713611202583        1.0010028620566371     
   19.353512601075806        1.0009699362800395     
   19.373311590949029        1.0007115856402149     
   19.393110580822253        1.0007510096133190     
   19.412909570695476        1.0006740611452603     
   19.432708560568699        1.0007476558335064     
   19.452507550441922        1.0008234862037095     
   19.472306540315145        1.0008029222869055     
   19.492105530188368        1.0007084210107919     
   19.511904520061591        1.0005987161530272     
   19.531703509934815        1.0007536961827104     
   19.551502499808038        1.0008982805671109     
   19.571301489681261        1.0007081755570422     
   19.591100479554484        1.0006643448622579     
   19.610899469427707        1.0014242400929088     
   19.630698459300930        1.0011352960117426     
   19.650497449174154        1.0011941729977971     
   19.670296439047377        1.0008999983175135     
   19.690095428920600        1.0008163187549637     
   19.709894418793827        1.0008765367364427     
   19.729693408667050        1.0009150913967717     
   19.749492398540273        1.0005519498917210     
   19.769291388413496        1.0007748467568613     
   19.789090378286719        1.0007776637287424     
