   2.2135943621178659E-002   0.0000000000000000     
   6.6407830863535980E-002   0.0000000000000000     
  0.11067971810589329        0.0000000000000000     
  0.15495160534825062        0.0000000000000000     
  0.19922349259060793        0.0000000000000000     
  0.24349537983296524        0.0000000000000000     
  0.28776726707532257        0.0000000000000000     
  0.33203915431767989        0.0000000000000000     
  0.37631104156003720        0.0000000000000000     
  0.42058292880239451        0.0000000000000000     
  0.46485481604475182        0.0000000000000000     
  0.50912670328710918        0.0000000000000000     
  0.55339859052946649        0.0000000000000000     
  0.59767047777182380        0.0000000000000000     
  0.64194236501418112        0.0000000000000000     
  0.68621425225653843        0.0000000000000000     
  0.73048613949889574        0.0000000000000000     
  0.77475802674125305        0.0000000000000000     
  0.81902991398361036        0.0000000000000000     
  0.86330180122596767        7.8178083845119984E-005
  0.90757368846832498        1.4639186696879587E-002
  0.95184557571068229       0.22695517015201533     
  0.99611746295303960       0.90215225460851278     
   1.0403893501953971        1.6964165553061308     
   1.0846612374377544        2.1423397219485674     
   1.1289331246801118        2.2304106274509707     
   1.1732050119224691        2.1213532741688397     
   1.2174768991648264        1.9484528927276787     
   1.2617487864071837        1.7759565836645490     
   1.3060206736495410        1.6158147886105128     
   1.3502925608918983        1.4812328311395859     
   1.3945644481342556        1.3783659002534883     
   1.4388363353766129        1.2925811217726593     
   1.4831082226189702        1.2263474537263965     
   1.5273801098613276        1.1701787618560293     
   1.5716519971036849        1.1259520887023675     
   1.6159238843460422        1.0887979321144221     
   1.6601957715883995        1.0635545215624229     
   1.7044676588307568        1.0429192183135143     
   1.7487395460731141        1.0234993953656302     
   1.7930114333154714        1.0102417815198654     
   1.8372833205578287        1.0003639159457336     
   1.8815552078001860       0.99236397170141055     
   1.9258270950425433       0.98936736306149176     
   1.9700989822849007       0.99215401065742248     
   2.0143708695272577       0.99695609952163555     
   2.0586427567696153        1.0039346459937313     
   2.1029146440119724        1.0141929454807317     
   2.1471865312543299        1.0198949652730260     
   2.1914584184966870        1.0262729247066344     
   2.2357303057390445        1.0306987516420176     
   2.2800021929814016        1.0328344893142982     
   2.3242740802237591        1.0319424406958007     
   2.3685459674661162        1.0309769325912579     
   2.4128178547084738        1.0282680667123840     
   2.4570897419508309        1.0240819870320486     
   2.5013616291931884        1.0195244577576321     
   2.5456335164355455        1.0167708536480387     
   2.5899054036779030        1.0147985060697939     
   2.6341772909202601        1.0145369307432048     
   2.6784491781626176        1.0128554361729056     
   2.7227210654049747        1.0082924905637698     
   2.7669929526473322        1.0084464052196507     
   2.8112648398896893        1.0061563486170619     
   2.8555367271320469        1.0043268809334962     
   2.8998086143744044        1.0028715165365496     
   2.9440805016167615        1.0051189375283025     
   2.9883523888591190        1.0039441616349858     
   3.0326242761014761        1.0026159558837013     
   3.0768961633438336        1.0026666841231351     
   3.1211680505861907        1.0033704219298676     
   3.1654399378285483        1.0049850695421134     
   3.2097118250709054        1.0030868300440217     
   3.2539837123132629        1.0028435181190507     
   3.2982555995556200        1.0041465925332984     
   3.3425274867979775        1.0054776465097628     
   3.3867993740403346        1.0037854174746037     
   3.4310712612826921        1.0026790719990852     
   3.4753431485250492        1.0052156820942755     
   3.5196150357674068        1.0043074139458428     
   3.5638869230097638        1.0040073583663309     
   3.6081588102521214        1.0043475885200270     
   3.6524306974944785        1.0029026219857669     
   3.6967025847368360        1.0033443112088751     
   3.7409744719791931        1.0041782186088417     
   3.7852463592215506        1.0046640363287496     
   3.8295182464639077        1.0017418725218672     
   3.8737901337062652        1.0025467761237603     
   3.9180620209486223        1.0022929181546796     
   3.9623339081909799        1.0006607554001810     
   4.0066057954333374        1.0012895778398434     
   4.0508776826756945        1.0008441380407118     
   4.0951495699180525        1.0015930399687343     
   4.1394214571604095        1.0010894410344777     
   4.1836933444027666        1.0009666580153196     
   4.2279652316451237        1.0008346098104524     
   4.2722371188874817        1.0006210442552019     
   4.3165090061298388        1.0008835871534412     
   4.3607808933721959        1.0009815031854949     
   4.4050527806145539        1.0025998912693534     
   4.4493246678569109        1.0028869146413260     
   4.4935965550992680        1.0033188854207311     
   4.5378684423416251        1.0017838583121688     
   4.5821403295839831        1.0014146462601525     
   4.6264122168263402        1.0017987839824640     
   4.6706841040686973        1.0016164155107043     
   4.7149559913110544        1.0013593761103621     
   4.7592278785534123        1.0008128842845729     
   4.8034997657957694        1.0010282123196510     
   4.8477716530381265        1.0011211273016716     
   4.8920435402804836        1.0008473730878649     
   4.9363154275228416       0.99998689566903232     
   4.9805873147651987        1.0008252496390737     
   5.0248592020075558        1.0004175207600090     
   5.0691310892499128        1.0015494020924109     
   5.1134029764922708        1.0004949096733433     
   5.1576748637346279       0.99984174133035708     
   5.2019467509769850        1.0001225383869548     
   5.2462186382193421        1.0007838385696133     
   5.2904905254617001        1.0006029506852820     
   5.3347624127040572        1.0009426465062958     
   5.3790342999464142        1.0004981475988419     
   5.4233061871887713       0.99998826955259845     
   5.4675780744311293        1.0013886181348910     
   5.5118499616734864        1.0015340818652465     
   5.5561218489158435        1.0010613565349615     
   5.6003937361582006        1.0016235695919982     
   5.6446656234005586        1.0017929681393032     
   5.6889375106429156        1.0001841446259485     
   5.7332093978852727        1.0003913520814689     
   5.7774812851276307       0.99981047940524304     
   5.8217531723699878        1.0012177596872713     
   5.8660250596123449        1.0005854909388217     
   5.9102969468547020       0.99923784258095738     
   5.9545688340970599       0.99903503479748379     
   5.9988407213394170       0.99964695614795118     
   6.0431126085817741       0.99924825966701247     
   6.0873844958241312       0.99937162784664690     
   6.1316563830664892       0.99992503426104051     
   6.1759282703088463       0.99911943415780857     
   6.2202001575512034       0.99971990239145248     
   6.2644720447935605        1.0004643270405700     
   6.3087439320359184        1.0004206206275577     
   6.3530158192782755       0.99966683271427303     
   6.3972877065206326       0.99837760590944946     
   6.4415595937629897       0.99908620068878218     
   6.4858314810053477       0.99995678470796112     
   6.5301033682477048        1.0009223634109121     
   6.5743752554900619        1.0000227622717413     
   6.6186471427324189       0.99995401944569962     
   6.6629190299747769       0.99930137312957956     
   6.7071909172171340       0.99932324906533021     
   6.7514628044594911        1.0001075674477897     
   6.7957346917018482        1.0007404649074803     
   6.8400065789442062        1.0011764185764607     
   6.8842784661865633        1.0010256801857145     
   6.9285503534289203        1.0006576616493670     
   6.9728222406712774        1.0010967674171845     
   7.0170941279136354        1.0010583900539658     
   7.0613660151559925        1.0005879211847228     
   7.1056379023983496        1.0000934631443179     
   7.1499097896407076        1.0000300325081186     
   7.1941816768830646        1.0004972704180324     
   7.2384535641254217       0.99991767724029856     
   7.2827254513677788        1.0000452225364271     
   7.3269973386101368       0.99955381774564034     
   7.3712692258524939       0.99806775889672095     
   7.4155411130948510       0.99886059806399330     
   7.4598130003372081       0.99926668592663803     
   7.5040848875795660       0.99846334503555467     
   7.5483567748219231       0.99924879416430590     
   7.5926286620642802       0.99868634373892706     
   7.6369005493066373       0.99954303533973032     
   7.6811724365489953       0.99941191051160772     
   7.7254443237913524       0.99939526527253686     
   7.7697162110337095       0.99959218920939485     
   7.8139880982760666       0.99908955688913281     
   7.8582599855184245       0.99873508831931013     
   7.9025318727607816       0.99972526977271925     
   7.9468037600031387       0.99912520438203833     
   7.9910756472454958       0.99840073388627171     
   8.0353475344878529       0.99909641426850027     
   8.0796194217302091       0.99875082404168991     
   8.1238913089725671       0.99945860308230083     
   8.1681631962149250       0.99922350423122963     
   8.2124350834572812       0.99994061528219469     
   8.2567069706996392        1.0004460724776514     
   8.3009788579419972        1.0001644466376589     
   8.3452507451843534        1.0004656800903151     
   8.3895226324267114        1.0007403116036258     
   8.4337945196690676        1.0005823756102930     
   8.4780664069114255        1.0004358368659023     
   8.5223382941537835       0.99968442555011749     
   8.5666101813961397        1.0002700349314666     
   8.6108820686384977       0.99985479512403430     
   8.6551539558808557        1.0002057080719509     
   8.6994258431232119        1.0006624020827697     
   8.7436977303655699        1.0013662003310273     
   8.7879696176079278       0.99983268798357461     
   8.8322415048502840       0.99950984095245354     
   8.8765133920926420       0.99955667535197312     
   8.9207852793349982       0.99995929815024842     
   8.9650571665773562       0.99956860381320334     
   9.0093290538197142       0.99982319524700936     
   9.0536009410620704        1.0009666580153627     
   9.0978728283044283       0.99949060656955035     
   9.1421447155467863       0.99945436388556053     
   9.1864166027891425       0.99977051987675736     
   9.2306884900315005       0.99991617229615326     
   9.2749603772738567       0.99968560895717262     
   9.3192322645162147        1.0002827428435497     
   9.3635041517585726       0.99971434521570057     
   9.4077760390009288        1.0006067385057118     
   9.4520479262432868        1.0002397471841398     
   9.4963198134856448        1.0001427180618030     
   9.5405917007280010       0.99982296066090970     
   9.5848635879703590       0.99952416790744092     
   9.6291354752127152        1.0001648585993019     
   9.6734073624550732        1.0000024093174626     
   9.7176792496974311       0.99958120760864366     
   9.7619511369397873       0.99927533926155554     
   9.8062230241821453       0.99934313831846355     
   9.8504949114245033        1.0005543990393946     
   9.8947667986668595       0.99927804281403432     
   9.9390386859092175       0.99993593038466522     
   9.9833105731515754        1.0008919255830728     
   10.027582460393932       0.99930604027427739     
   10.071854347636290       0.99928922528687292     
   10.116126234878646       0.99929211858071854     
   10.160398122121004       0.99867257218154115     
   10.204670009363362       0.99957304342806019     
   10.248941896605718       0.99953964178617383     
   10.293213783848076        1.0000170713596237     
   10.337485671090434       0.99990690648093516     
   10.381757558332790       0.99889471256995388     
   10.426029445575148       0.99877703822162889     
   10.470301332817504       0.99927049009044600     
   10.514573220059862       0.99972188489955283     
   10.558845107302220        1.0004377810873013     
   10.603116994544576       0.99959735410455519     
   10.647388881786934        1.0000185169742331     
   10.691660769029292       0.99948785450187005     
   10.735932656271649       0.99867705172026677     
   10.780204543514007       0.99929416530347481     
   10.824476430756363       0.99983879045732904     
   10.868748317998721       0.99930018682786426     
   10.913020205241079       0.99915385009580782     
   10.957292092483435        1.0006248275266447     
   11.001563979725793        1.0001693975760162     
   11.045835866968151        1.0009366893768601     
   11.090107754210507        1.0005577970504069     
   11.134379641452865        1.0002596042218708     
   11.178651528695221        1.0009227114747961     
   11.222923415937579        1.0005375581087994     
   11.267195303179937        1.0001794732630094     
   11.311467190422293        1.0003023737882510     
   11.355739077664651        1.0003947205024388     
   11.400010964907009        1.0008232824766139     
   11.444282852149366        1.0002517511782971     
   11.488554739391724       0.99996333110533686     
   11.532826626634082       0.99948818608884216     
   11.577098513876438       0.99992516010716836     
   11.621370401118796       0.99988266759985389     
   11.665642288361152       0.99959593339178987     
   11.709914175603510       0.99973058110755708     
   11.754186062845868        1.0000648683046636     
   11.798457950088224       0.99961758991643634     
   11.842729837330582       0.99988548329747617     
   11.887001724572940       0.99872495575764120     
   11.931273611815296       0.99987395863648609     
   11.975545499057654       0.99957719438069559     
   12.019817386300010       0.99987711873519469     
   12.064089273542368        1.0001487726905662     
   12.108361160784726        1.0001996155963915     
   12.152633048027083       0.99959902832661518     
   12.196904935269441       0.99991330251467270     
   12.241176822511799       0.99964417692618246     
   12.285448709754155       0.99994720372819701     
   12.329720596996513        1.0002049337094583     
   12.373992484238869        1.0000812828674428     
   12.418264371481227        1.0003308187008164     
   12.462536258723585        1.0009571900421166     
   12.506808145965941        1.0006612311940131     
   12.551080033208299        1.0010280400374907     
   12.595351920450657        1.0007106928576586     
   12.639623807693013        1.0010615005293928     
   12.683895694935371        1.0003463789477103     
   12.728167582177727        1.0001229812224610     
   12.772439469420085        1.0000034718364519     
   12.816711356662443       0.99951366882340809     
   12.860983243904800       0.99956900611020583     
   12.905255131147157       0.99914015832272429     
   12.949527018389515       0.99971726232527780     
   12.993798905631872       0.99978388391939554     
   13.038070792874230        1.0007459358302695     
   13.082342680116588       0.99980736603817733     
   13.126614567358944       0.99971729383410990     
   13.170886454601302        1.0003846167511647     
   13.215158341843658       0.99974070817840965     
   13.259430229086016       0.99984421346636643     
   13.303702116328374       0.99925898361952092     
   13.347974003570730       0.99985468609843831     
   13.392245890813088        1.0006238980804729     
   13.436517778055446        1.0004464214136408     
   13.480789665297802        1.0002455889129529     
   13.525061552540160        1.0008338944522075     
   13.569333439782516        1.0006739476300719     
   13.613605327024874        1.0005249901069995     
   13.657877214267232        1.0014409809710669     
   13.702149101509589        1.0012935233907989     
   13.746420988751947        1.0000522449707685     
   13.790692875994305       0.99946783712397635     
   13.834964763236661       0.99987839611345486     
   13.879236650479019       0.99998084263286313     
   13.923508537721375       0.99989309874134880     
   13.967780424963733       0.99978385513692802     
   14.012052312206091       0.99959394291138781     
   14.056324199448447        1.0003332861397443     
   14.100596086690805        1.0001939941546265     
   14.144867973933163        1.0002306889198151     
   14.189139861175519        1.0002045753957685     
   14.233411748417877        1.0003307796591583     
   14.277683635660235       0.99980174643650732     
   14.321955522902591       0.99916788641599785     
   14.366227410144949       0.99874451340240999     
   14.410499297387306       0.99890016022384132     
   14.454771184629664       0.99949756386459787     
   14.499043071872022       0.99910416838619120     
   14.543314959114378       0.99897860388942017     
   14.587586846356736       0.99917407723587637     
   14.631858733599094       0.99939811441357473     
   14.676130620841450       0.99968436850807174     
   14.720402508083808       0.99940396245135021     
   14.764674395326164       0.99982101408593183     
   14.808946282568522       0.99989903267022606     
   14.853218169810880       0.99953205843382542     
   14.897490057053236       0.99950664312398796     
   14.941761944295594       0.99951794425729790     
   14.986033831537952       0.99933668750522497     
   15.030305718780308       0.99940921035288965     
   15.074577606022666       0.99939727673463019     
   15.118849493265023        1.0000767635701642     
   15.163121380507381       0.99983189142435880     
   15.207393267749739       0.99920031126507525     
   15.251665154992095       0.99861074926688176     
   15.295937042234453       0.99876542740831487     
   15.340208929476811       0.99925541050864852     
   15.384480816719167       0.99981801753676147     
   15.428752703961525       0.99867504648008965     
   15.473024591203881       0.99905654586423198     
   15.517296478446239       0.99981145728002396     
   15.561568365688597        1.0000286458326966     
   15.605840252930953        1.0003792870276345     
   15.650112140173311        1.0001005473897897     
   15.694384027415669        1.0002368571302269     
   15.738655914658025       0.99992467177296285     
   15.782927801900383        1.0002156140506957     
   15.827199689142741        1.0007566940187460     
   15.871471576385098        1.0013934565477303     
   15.915743463627456        1.0011927045381779     
   15.960015350869812        1.0009322812559605     
   16.004287238112170        1.0006869253695443     
   16.048559125354529        1.0004985666006971     
   16.092831012596886        1.0005149750996418     
   16.137102899839242        1.0006373322078568     
   16.181374787081602        1.0002551892171108     
   16.225646674323958        1.0000234886364487     
   16.269918561566314       0.99976471691774615     
   16.314190448808674       0.99967083024361469     
   16.358462336051030        1.0001790285554122     
   16.402734223293386        1.0006662056157287     
   16.447006110535746       0.99992639153276286     
   16.491277997778102       0.99959392967279392     
   16.535549885020458       0.99968987105524199     
   16.579821772262818        1.0003633377551864     
   16.624093659505174        1.0002832227801699     
   16.668365546747530        1.0007746993231923     
   16.712637433989890        1.0008687489199863     
   16.756909321232246        1.0011032699646818     
   16.801181208474603        1.0010014178441011     
   16.845453095716959        1.0011328323054047     
   16.889724982959319        1.0012684508878982     
   16.933996870201675        1.0006994093067068     
   16.978268757444031        1.0005597588012962     
   17.022540644686391        1.0016455859483278     
   17.066812531928747        1.0011466027368745     
   17.111084419171103        1.0011357800157696     
   17.155356306413463        1.0001605107304485     
   17.199628193655819        1.0002372217704798     
   17.243900080898175       0.99989240622894338     
   17.288171968140535        1.0000062456994825     
   17.332443855382891       0.99988231839506347     
   17.376715742625247       0.99998123002629735     
   17.420987629867607        1.0003466117242230     
   17.465259517109963       0.99996051632846639     
   17.509531404352320       0.99997197557705564     
   17.553803291594679       0.99997294107333157     
   17.598075178837036       0.99974066189900912     
   17.642347066079392       0.99978730259451554     
   17.686618953321748       0.99969659512817532     
   17.730890840564108        1.0002876645558332     
   17.775162727806464        1.0001671302928239     
   17.819434615048820        1.0008394028440462     
   17.863706502291180        1.0014734662305977     
   17.907978389533536        1.0013111042510712     
   17.952250276775892        1.0014447012891727     
   17.996522164018252        1.0010606946501286     
   18.040794051260608        1.0009594813317728     
   18.085065938502964        1.0013238775499715     
   18.129337825745324        1.0003354339336956     
   18.173609712987680        1.0003092578494388     
   18.217881600230037        1.0001477238310128     
   18.262153487472396        1.0003024895045334     
   18.306425374714753        1.0008581370421568     
   18.350697261957109        1.0006439071066324     
   18.394969149199465       0.99996259790966402     
   18.439241036441825        1.0008142742450437     
   18.483512923684181        1.0007370649472849     
   18.527784810926537        1.0001745800025414     
   18.572056698168897        1.0000692768334440     
   18.616328585411253        1.0003710844001019     
   18.660600472653609        1.0004504672827761     
   18.704872359895969        1.0005836467686906     
   18.749144247138325        1.0002446856807790     
   18.793416134380681        1.0004594165977052     
   18.837688021623041        1.0006350924984913     
   18.881959908865397        1.0003227591733357     
   18.926231796107754        1.0002900607083249     
   18.970503683350113        1.0005340712527642     
   19.014775570592469        1.0004420210554792     
   19.059047457834826        1.0004184756410279     
   19.103319345077185        1.0004287346737448     
   19.147591232319542        1.0007321274527128     
   19.191863119561898        1.0005963320591680     
   19.236135006804254        1.0007142559562170     
   19.280406894046614        1.0006058196039125     
   19.324678781288970        1.0008345848080598     
   19.368950668531326        1.0002475928664847     
   19.413222555773686        1.0003820515714881     
   19.457494443016042       0.99996858284461321     
   19.501766330258398        1.0000634420865648     
   19.546038217500758       0.99981523200014888     
   19.590310104743114       0.99978429674950609     
   19.634581991985470        1.0002411629509211     
   19.678853879227830        1.0001111857946410     
   19.723125766470186       0.99965333281894375     
   19.767397653712543       0.99999932728265262     
   19.811669540954902       0.99999096771957208     
   19.855941428197259        1.0004406612535588     
   19.900213315439615        1.0002906450200597     
   19.944485202681975        1.0003031492192065     
   19.988757089924331        1.0002304744333514     
   20.033028977166687        1.0004731796858664     
   20.077300864409043       0.99970526836193163     
   20.121572751651403        1.0001232312627106     
   20.165844638893759       0.99988051523245169     
   20.210116526136115        1.0004250715936402     
   20.254388413378475        1.0003507486295440     
   20.298660300620831       0.99997282567071799     
   20.342932187863187       0.99953093888549094     
   20.387204075105547       0.99955243312615427     
   20.431475962347903       0.99996948857850654     
   20.475747849590260       0.99975481578608250     
   20.520019736832619       0.99954026382507610     
   20.564291624074976       0.99929819196684233     
   20.608563511317332       0.99920929886826038     
   20.652835398559692       0.99947209661578706     
   20.697107285802048       0.99959051214770234     
   20.741379173044404       0.99943515730455756     
   20.785651060286760       0.99889400342933021     
   20.829922947529120       0.99925927335066544     
   20.874194834771476       0.99867275125483279     
   20.918466722013832       0.99930365881318439     
   20.962738609256192       0.99897583861278016     
   21.007010496498548       0.99937005041641891     
   21.051282383740904       0.99995904503735844     
   21.095554270983264        1.0000141333086061     
   21.139826158225620        1.0005808731035610     
   21.184098045467977        1.0004828284870404     
   21.228369932710336        1.0001440421005778     
   21.272641819952693       0.99975957206415045     
   21.316913707195049       0.99944335920301830     
   21.361185594437408       0.99924471483173527     
   21.405457481679765       0.99979713315201502     
   21.449729368922121        1.0001199107132956     
   21.494001256164481       0.99976884206734795     
   21.538273143406837        1.0005612788163645     
   21.582545030649193        1.0001385446961122     
   21.626816917891549        1.0003668425336396     
   21.671088805133909        1.0003432378689860     
   21.715360692376265        1.0001268856243639     
   21.759632579618621       0.99972212725869813     
   21.803904466860981        1.0001893185796356     
   21.848176354103337        1.0004685768321000     
   21.892448241345694        1.0002006415282911     
   21.936720128588053       0.99991539067749902     
   21.980992015830410       0.99967600865906048     
   22.025263903072766       0.99993685598316928     
   22.069535790315125       0.99949907264645954     
   22.113807677557482        1.0005296825970318     
   22.158079564799838        1.0006529718209261     
   22.202351452042198        1.0000907332470854     
   22.246623339284554        1.0001365383713530     
   22.290895226526910        1.0001971767221423     
   22.335167113769266        1.0003699960990105     
   22.379439001011626        1.0004398211491827     
   22.423710888253982       0.99975888166843929     
   22.467982775496338        1.0003982694714413     
   22.512254662738698        1.0006248271557503     
   22.556526549981054        1.0008295915472158     
   22.600798437223411        1.0007664990558567     
   22.645070324465770        1.0004130342227573     
   22.689342211708126        1.0007596312420943     
   22.733614098950483        1.0001755668961068     
   22.777885986192842        1.0000779945677591     
   22.822157873435199        1.0006082248325516     
   22.866429760677555        1.0003193863564364     
   22.910701647919915        1.0001933647747785     
   22.954973535162271        1.0003829463748408     
   22.999245422404627        1.0006547027225037     
   23.043517309646987        1.0008749866292859     
   23.087789196889343        1.0004804446991167     
   23.132061084131699        1.0004165517945420     
   23.176332971374055        1.0004458913723113     
   23.220604858616415        1.0000673750650630     
   23.264876745858771        1.0001071150388039     
   23.309148633101128        1.0008371293986402     
   23.353420520343487        1.0008731361875614     
   23.397692407585843        1.0005819955182302     
   23.441964294828200        1.0005203810956191     
   23.486236182070559        1.0002628868414747     
   23.530508069312916       0.99953171562374288     
   23.574779956555272       0.99975146183496144     
   23.619051843797632        1.0001514754585492     
   23.663323731039988        1.0000605677401406     
   23.707595618282344       0.99986722349907331     
   23.751867505524704        1.0000512843521632     
   23.796139392767060       0.99962703220929972     
   23.840411280009416       0.99998427594387296     
   23.884683167251772       0.99986366847730401     
   23.928955054494132        1.0001336553225098     
   23.973226941736488        1.0001606077484708     
   24.017498828978844        1.0003795790586387     
   24.061770716221204        1.0001385013673878     
   24.106042603463560        1.0003236069783028     
   24.150314490705917        1.0001871833710609     
   24.194586377948276        1.0003294140128633     
   24.238858265190633       0.99988162256098612     
   24.283130152432989        1.0003127548399295     
   24.327402039675349        1.0002267717218418     
   24.371673926917705        1.0008343933162727     
   24.415945814160061        1.0003532622997888     
   24.460217701402421        1.0008712488435214     
   24.504489588644777        1.0005393946022771     
   24.548761475887133        1.0004278750500855     
   24.593033363129493        1.0006154217305918     
   24.637305250371849        1.0008169231243433     
   24.681577137614205        1.0011390790744961     
   24.725849024856561        1.0011928049738297     
   24.770120912098921        1.0012780343752834     
   24.814392799341277        1.0008803260920509     
   24.858664686583634        1.0003679358193927     
   24.902936573825993        1.0000936687032809     
   24.947208461068350        1.0001539445738792     
   24.991480348310706        1.0001329162584540     
   25.035752235553066        1.0004985247883644     
   25.080024122795422        1.0008145686414340     
   25.124296010037778        1.0006885624827899     
   25.168567897280138        1.0006993218882787     
   25.212839784522494        1.0003323693049164     
   25.257111671764850        1.0001321049776506     
   25.301383559007210        1.0011455978460686     
   25.345655446249566        1.0007295027321472     
   25.389927333491922        1.0008704387281804     
   25.434199220734278        1.0006545122179595     
   25.478471107976638        1.0007099077643236     
   25.522742995218994        1.0010105867450947     
   25.567014882461351       0.99963926197635677     
   25.611286769703710       0.99973855758192942     
   25.655558656946067        1.0000344348520032     
   25.699830544188423       0.99971095354937589     
   25.744102431430782        1.0002594980323736     
   25.788374318673139       0.99955722295503124     
   25.832646205915495       0.99975720342433783     
   25.876918093157855       0.99984771960376306     
   25.921189980400211       0.99999125837969194     
   25.965461867642567       0.99957063712571881     
   26.009733754884927       0.99918020291555609     
   26.054005642127283       0.99978873132732349     
   26.098277529369639        1.0000828292755972     
   26.142549416611999       0.99982538687171763     
   26.186821303854355       0.99965042942402083     
   26.231093191096711       0.99997612493038956     
   26.275365078339068        1.0000011385851650     
   26.319636965581427        1.0002630123211920     
   26.363908852823783       0.99983721585281349     
   26.408180740066140        1.0000314297682986     
   26.452452627308499       0.99994313994069484     
   26.496724514550856       0.99979283513935502     
   26.540996401793212       0.99993032834580353     
   26.585268289035572       0.99974296622219061     
   26.629540176277928       0.99987125769084384     
   26.673812063520284       0.99985674107146405     
   26.718083950762644        1.0000888633916298     
   26.762355838005000       0.99936931695565512     
   26.806627725247356       0.99936534388228460     
   26.850899612489716       0.99920414122388901     
   26.895171499732072       0.99951143342196458     
   26.939443386974428       0.99991540512351418     
   26.983715274216788       0.99944153030784733     
   27.027987161459144       0.99961714296387605     
   27.072259048701500       0.99954110002251151     
   27.116530935943857       0.99947509180893823     
   27.160802823186216        1.0000449204235455     
   27.205074710428573        1.0000540654231291     
   27.249346597670929       0.99961745714745220     
   27.293618484913289       0.99962252213852432     
   27.337890372155645        1.0000110044159092     
   27.382162259398001        1.0001671773790155     
   27.426434146640361       0.99987583223586951     
   27.470706033882717       0.99998495603439630     
   27.514977921125073       0.99962794609318228     
   27.559249808367433       0.99996801869467100     
   27.603521695609789       0.99918899230538138     
   27.647793582852145       0.99905643202035310     
   27.692065470094505       0.99885643514015288     
   27.736337357336861       0.99889838885640414     
   27.780609244579217       0.99896210685532894     
   27.824881131821574       0.99928058776640893     
   27.869153019063933       0.99933428705342642     
   27.913424906306290       0.99935547892772769     
   27.957696793548646       0.99938010159535873     
   28.001968680791006       0.99939213614564404     
   28.046240568033362       0.99911211993565896     
   28.090512455275718       0.99963795119284460     
   28.134784342518078       0.99955583727655295     
   28.179056229760434       0.99983306514633818     
   28.223328117002790       0.99983969106067416     
   28.267600004245150        1.0001350477533102     
   28.311871891487506       0.99971043347050670     
   28.356143778729862        1.0001889387156762     
   28.400415665972222       0.99983813392790299     
   28.444687553214578       0.99978480131388892     
   28.488959440456934        1.0001507598807198     
   28.533231327699294        1.0007190517930293     
   28.577503214941650        1.0009608100143401     
   28.621775102184007        1.0011788013785026     
   28.666046989426363        1.0004414511059418     
   28.710318876668723        1.0002405427575558     
   28.754590763911079        1.0000086224507929     
   28.798862651153435        1.0004204378767076     
   28.843134538395795       0.99951944328260867     
   28.887406425638151       0.99989058305761414     
   28.931678312880507       0.99958669880669671     
   28.975950200122867       0.99968871004202176     
   29.020222087365223        1.0005722127744845     
   29.064493974607579        1.0005164666207591     
   29.108765861849939       0.99988529623590572     
   29.153037749092295        1.0002959023399349     
   29.197309636334651       0.99989477117907077     
   29.241581523577011       0.99996843056737905     
   29.285853410819367       0.99994446392182745     
   29.330125298061724       0.99992262026032397     
   29.374397185304080        1.0002069889394134     
   29.418669072546439        1.0000682817336128     
   29.462940959788796        1.0004183194116891     
   29.507212847031152        1.0000177165698068     
   29.551484734273512        1.0000535979904506     
   29.595756621515868        1.0000630617054316     
   29.640028508758224       0.99989392830643054     
   29.684300396000584        1.0001393021463574     
   29.728572283242940        1.0003296599421003     
   29.772844170485296        1.0002041094243577     
   29.817116057727656       0.99995425402074400     
   29.861387944970012       0.99966630176143711     
   29.905659832212368       0.99951476396288319     
   29.949931719454728       0.99971749966083212     
   29.994203606697084       0.99940648156304623     
   30.038475493939440       0.99914769045605012     
   30.082747381181800       0.99953187280994460     
   30.127019268424156       0.99960609512476806     
   30.171291155666513        1.0000481899019520     
   30.215563042908869       0.99992097106209321     
   30.259834930151229       0.99963042587658846     
   30.304106817393585       0.99958166906238477     
   30.348378704635941       0.99926048496217856     
   30.392650591878301       0.99996310785610920     
   30.436922479120657       0.99949789981123860     
   30.481194366363013       0.99917469717722995     
   30.525466253605373       0.99935555847288671     
   30.569738140847729       0.99982583610391451     
   30.614010028090085       0.99934531098238510     
   30.658281915332445       0.99963850723504999     
   30.702553802574801       0.99951190815751212     
   30.746825689817157       0.99968314229322119     
   30.791097577059517       0.99914421251391661     
   30.835369464301873       0.99904834969624412     
   30.879641351544230       0.99882177300496300     
   30.923913238786586       0.99901720018907758     
   30.968185126028946       0.99954382281955156     
   31.012457013271302       0.99946410346348324     
   31.056728900513658       0.99980846653913036     
   31.101000787756018       0.99984291718761276     
   31.145272674998374       0.99987948110265457     
   31.189544562240730       0.99983690708164885     
   31.233816449483090       0.99941395481389594     
   31.278088336725446       0.99961644458550314     
   31.322360223967802       0.99975794151372421     
   31.366632111210162       0.99959248900396191     
   31.410903998452518        1.0002780789991026     
   31.455175885694874       0.99991963263290340     
   31.499447772937234        1.0000717287883032     
   31.543719660179590        1.0001618150619671     
   31.587991547421947        1.0000403567884064     
   31.632263434664306        1.0005671772849198     
   31.676535321906663        1.0000266980914043     
   31.720807209149019       0.99963764840398683     
   31.765079096391375       0.99948238847240878     
   31.809350983633735       0.99977687957687067     
   31.853622870876091       0.99938015659063928     
   31.897894758118447       0.99902120964639818     
   31.942166645360807       0.99922494977260856     
   31.986438532603163       0.99897795021626157     
   32.030710419845519       0.99957157014765197     
   32.074982307087879       0.99974953048039383     
   32.119254194330232       0.99956653921263883     
   32.163526081572591       0.99952372954585000     
   32.207797968814951       0.99960294691235352     
   32.252069856057304       0.99955275963070589     
   32.296341743299664       0.99956052635982706     
   32.340613630542023       0.99939927638085335     
   32.384885517784376       0.99932028342736345     
   32.429157405026736       0.99936593874216251     
   32.473429292269095       0.99996682837242734     
   32.517701179511448        1.0002218836347774     
   32.561973066753808        1.0005252287984419     
   32.606244953996168        1.0005078750475358     
   32.650516841238520        1.0004354743069135     
   32.694788728480880        1.0004484669338516     
   32.739060615723240        1.0004097188604866     
   32.783332502965592       0.99979662612572373     
   32.827604390207952       0.99968019083045723     
   32.871876277450312       0.99969946610750593     
   32.916148164692665       0.99983826832302591     
   32.960420051935024       0.99925699876047391     
   33.004691939177384       0.99956873962460302     
   33.048963826419737       0.99931448090275166     
   33.093235713662096       0.99895675289319241     
   33.137507600904456       0.99969668327038552     
   33.181779488146809       0.99982763959627585     
   33.226051375389169       0.99942251516684699     
   33.270323262631528       0.99914223946750325     
   33.314595149873881       0.99967945419511361     
   33.358867037116241        1.0000038954897088     
   33.403138924358601        1.0002287468169051     
   33.447410811600953       0.99981162035610549     
   33.491682698843313        1.0002355368114013     
   33.535954586085673        1.0004089065938964     
   33.580226473328025        1.0003445610112920     
   33.624498360570385        1.0009398816198061     
   33.668770247812738        1.0000443939011363     
   33.713042135055098       0.99960876125797782     
   33.757314022297457       0.99998105338994092     
   33.801585909539810        1.0002175054489235     
   33.845857796782170        1.0004070274840033     
   33.890129684024529        1.0003109485727453     
   33.934401571266882        1.0003025767345637     
   33.978673458509242        1.0002500690614011     
   34.022945345751602       0.99987098147314524     
   34.067217232993954        1.0001661368707715     
   34.111489120236314        1.0000422849239770     
   34.155761007478674        1.0001829311777561     
   34.200032894721026        1.0005048491638657     
   34.244304781963386        1.0006328425579991     
   34.288576669205746        1.0010533449349794     
   34.332848556448099        1.0009921330905216     
   34.377120443690458        1.0007000150362966     
   34.421392330932818        1.0007437342788661     
   34.465664218175171        1.0000478675051891     
   34.509936105417530        1.0004070733914054     
   34.554207992659890        1.0007674050365651     
   34.598479879902243        1.0005503360113548     
   34.642751767144603        1.0008096483671061     
   34.687023654386962        1.0005219614277530     
   34.731295541629315        1.0003520518384930     
   34.775567428871675        1.0003121045717063     
   34.819839316114034       0.99987165059871697     
   34.864111203356387       0.99981334615325212     
   34.908383090598747       0.99985968435226735     
   34.952654977841107        1.0002370012883484     
   34.996926865083459       0.99939816460705788     
   35.041198752325819       0.99999195619801606     
   35.085470639568179        1.0002108566806305     
   35.129742526810531        1.0005276048777569     
   35.174014414052891        1.0006064620903490     
   35.218286301295244        1.0005429185408794     
   35.262558188537604        1.0005700507417112     
   35.306830075779963        1.0002207707752302     
   35.351101963022316        1.0005473678108487     
   35.395373850264676        1.0004824779363641     
   35.439645737507036        1.0004168562829423     
   35.483917624749388        1.0002935742440346     
   35.528189511991748       0.99990370447197352     
   35.572461399234108        1.0001186209454942     
   35.616733286476460       0.99998891187733618     
   35.661005173718820       0.99999949848864389     
   35.705277060961180        1.0000010448800600     
   35.749548948203532        1.0000605084758587     
   35.793820835445892        1.0003305327359355     
   35.838092722688252        1.0003386336824895     
   35.882364609930605        1.0001658535707805     
   35.926636497172964       0.99998204885831388     
   35.970908384415324        1.0000390638821606     
   36.015180271657677        1.0003515377147520     
   36.059452158900037        1.0003703984386811     
   36.103724046142396        1.0000191154575366     
   36.147995933384749        1.0003171039203216     
   36.192267820627109        1.0005036171727923     
   36.236539707869468        1.0007569788058146     
   36.280811595111821        1.0002972980226090     
   36.325083482354181        1.0001772439997600     
   36.369355369596541       0.99977450414245772     
   36.413627256838893       0.99942240881287936     
   36.457899144081253        1.0000464673950267     
   36.502171031323613        1.0001492891732400     
   36.546442918565965       0.99985376039136231     
   36.590714805808325        1.0000101822609044     
   36.634986693050685        1.0001275636132170     
   36.679258580293038        1.0001291772298924     
   36.723530467535397        1.0003992463662774     
   36.767802354777750        1.0001544450784485     
   36.812074242020110        1.0004743837064765     
   36.856346129262469        1.0003770619718191     
   36.900618016504822        1.0004133664400932     
   36.944889903747182        1.0005520343659684     
   36.989161790989542        1.0006363143398083     
   37.033433678231894        1.0006771377072363     
   37.077705565474254       0.99990188918235678     
   37.121977452716614        1.0003462052777632     
   37.166249339958966       0.99998180667966385     
   37.210521227201326       0.99986561401363971     
   37.254793114443686       0.99969671705615804     
   37.299065001686039       0.99977854240798358     
   37.343336888928398       0.99947235037643545     
   37.387608776170758       0.99976391840913825     
   37.431880663413111       0.99961157940572709     
   37.476152550655470       0.99955166739871426     
   37.520424437897830       0.99971260925999894     
   37.564696325140183       0.99958869936225436     
   37.608968212382543       0.99963415980644299     
   37.653240099624902       0.99975667374421495     
   37.697511986867255       0.99935965324362164     
   37.741783874109615       0.99939988200218599     
   37.786055761351975       0.99983489979596907     
   37.830327648594327       0.99980054321959966     
   37.874599535836687       0.99974738053841949     
   37.918871423079047       0.99967022272079120     
   37.963143310321399       0.99994127246276443     
   38.007415197563759        1.0002662313353705     
   38.051687084806119        1.0004945470722564     
   38.095958972048471        1.0000505294251361     
   38.140230859290831       0.99997942624291591     
   38.184502746533191       0.99945795464670695     
   38.228774633775544       0.99951133246951263     
   38.273046521017903        1.0000284250409854     
   38.317318408260263       0.99983784239616991     
   38.361590295502616       0.99950575519079676     
   38.405862182744976       0.99926437955202929     
   38.450134069987328       0.99983460100373689     
   38.494405957229688       0.99991371498241588     
   38.538677844472048       0.99979002511395088     
   38.582949731714400       0.99977188357876345     
   38.627221618956760       0.99946056712745857     
   38.671493506199120       0.99953928399786296     
   38.715765393441472       0.99992205957398095     
   38.760037280683832       0.99959979304975544     
   38.804309167926192       0.99968333496649819     
   38.848581055168545       0.99949274999585469     
   38.892852942410904       0.99957219811354203     
   38.937124829653264       0.99979704255190782     
   38.981396716895617       0.99936683538449034     
   39.025668604137977       0.99988415485656201     
   39.069940491380336       0.99995256392953791     
   39.114212378622689       0.99980376996610298     
   39.158484265865049       0.99984605106513125     
   39.202756153107408       0.99927365057004613     
   39.247028040349761       0.99914946412682160     
   39.291299927592121       0.99925909675725444     
   39.335571814834481       0.99986155410569988     
   39.379843702076833        1.0000130559705427     
   39.424115589319193       0.99961463018540098     
   39.468387476561553       0.99962638354769839     
   39.512659363803905       0.99921375995075934     
   39.556931251046265       0.99946372156166108     
   39.601203138288625       0.99984155926451701     
   39.645475025530978       0.99927369124982079     
   39.689746912773337       0.99958821191814129     
   39.734018800015697       0.99964669055476230     
   39.778290687258050       0.99991197703926893     
   39.822562574500409       0.99953258048033344     
   39.866834461742769        1.0002551027098725     
   39.911106348985122        1.0000644478680520     
   39.955378236227482        1.0000990125463223     
   39.999650123469834        1.0003500830439309     
   40.043922010712194        1.0008444585113134     
   40.088193897954554        1.0005067685367257     
   40.132465785196906        1.0002780137922260     
   40.176737672439266        1.0000999304277303     
   40.221009559681626        1.0001474692187757     
   40.265281446923979        1.0005271719496942     
   40.309553334166338        1.0000235006634943     
   40.353825221408698        1.0003133524214487     
   40.398097108651051        1.0001952018419131     
   40.442368995893410        1.0001523957605221     
   40.486640883135770        1.0000820133430461     
   40.530912770378123       0.99991549874268015     
   40.575184657620483       0.99958064624626708     
   40.619456544862842        1.0000775589219650     
   40.663728432105195       0.99960832325362792     
   40.708000319347555       0.99942200254079916     
   40.752272206589915       0.99943789858085497     
   40.796544093832267       0.99949945136558704     
   40.840815981074627       0.99952572883024360     
   40.885087868316987       0.99958790665770669     
   40.929359755559339        1.0000689117104324     
   40.973631642801699        1.0003657929112346     
   41.017903530044059        1.0002670228434345     
   41.062175417286412        1.0001911412286382     
   41.106447304528771        1.0007430068183121     
   41.150719191771131        1.0004371289675513     
   41.194991079013484        1.0004977258259919     
   41.239262966255843        1.0010862061594383     
   41.283534853498203        1.0005531589578422     
   41.327806740740556        1.0008409336962969     
   41.372078627982916        1.0006765930037065     
   41.416350515225275        1.0000947326333756     
   41.460622402467628       0.99990880530797055     
   41.504894289709988       0.99999336278255002     
   41.549166176952340        1.0000079583871899     
   41.593438064194700       0.99997120547181628     
   41.637709951437060       0.99986602215046705     
   41.681981838679413       0.99978913933852021     
   41.726253725921772       0.99979146701357524     
   41.770525613164132       0.99978981080014306     
   41.814797500406485       0.99976350810753301     
   41.859069387648844        1.0000375192636020     
   41.903341274891204        1.0002836910316020     
   41.947613162133557        1.0000973258055428     
   41.991885049375917        1.0002614816568587     
   42.036156936618276        1.0002709838866317     
   42.080428823860629       0.99979923057844544     
   42.124700711102989       0.99982049019024577     
   42.168972598345349       0.99965999984848619     
   42.213244485587701       0.99972071137994722     
   42.257516372830061       0.99965010184168357     
   42.301788260072421       0.99983220208919876     
   42.346060147314773        1.0001252492593176     
   42.390332034557133        1.0002899016655280     
   42.434603921799493        1.0004128039974052     
   42.478875809041845        1.0002271002095144     
   42.523147696284205        1.0000865044653207     
   42.567419583526565       0.99991368193648833     
   42.611691470768918       0.99953701811039541     
   42.655963358011277       0.99946321173539743     
   42.700235245253637       0.99989375374070433     
   42.744507132495990       0.99985320013500323     
   42.788779019738350       0.99981461893096435     
   42.833050906980709       0.99980575531521998     
   42.877322794223062       0.99974490192859689     
   42.921594681465422        1.0003899071440980     
   42.965866568707781        1.0004088703045568     
   43.010138455950134        1.0008160046508778     
   43.054410343192494        1.0001464825134943     
   43.098682230434846        1.0003633331185711     
   43.142954117677206        1.0002359085122787     
   43.187226004919566        1.0000479676020406     
   43.231497892161919       0.99970838438221643     
   43.275769779404278       0.99933617224250204     
   43.320041666646638       0.99979432346150521     
   43.364313553888991       0.99977905660132405     
   43.408585441131351       0.99975132966951796     
   43.452857328373710       0.99950300875370279     
   43.497129215616063       0.99947646365058140     
   43.541401102858423       0.99969745305051416     
   43.585672990100782       0.99937545879228906     
   43.629944877343135       0.99949390139006100     
   43.674216764585495       0.99953529967749100     
   43.718488651827855        1.0002086250573119     
   43.762760539070207        1.0001396463378438     
   43.807032426312567       0.99992708645499406     
   43.851304313554927       0.99998210898844053     
   43.895576200797279        1.0004654717054908     
   43.939848088039639        1.0003925625031409     
   43.984119975281999        1.0001849984229787     
   44.028391862524352        1.0001797049306065     
   44.072663749766711        1.0001032501188387     
   44.116935637009071        1.0000515404629089     
   44.161207524251424       0.99998527534513126     
   44.205479411493783        1.0001519690874328     
   44.249751298736143        1.0001245206408331     
