  -22.104320844576975       -22.104320844576975                1
  -20.523182014492786       -20.523182014492786                2
  -20.523182014492786       -22.104320844576975                3
  -22.104320844576975       -20.523182014492786                4
  -22.104320844576975       -18.942043184408593                5
  -20.523182014492786       -17.360904354324404                6
  -20.523182014492786       -18.942043184408593                7
  -22.104320844576975       -17.360904354324404                8
  -22.104320844576975       -15.779765524240215                9
  -20.523182014492786       -14.198626694156026               10
  -20.523182014492786       -15.779765524240215               11
  -22.104320844576975       -14.198626694156026               12
  -22.104320844576975       -12.617487864071837               13
  -20.523182014492786       -11.036349033987646               14
  -20.523182014492786       -12.617487864071837               15
  -22.104320844576975       -11.036349033987646               16
  -22.104320844576975       -9.4552102039034569               17
  -20.523182014492786       -7.8740713738192678               18
  -20.523182014492786       -9.4552102039034569               19
  -22.104320844576975       -7.8740713738192678               20
  -22.104320844576975       -6.2929325437350769               21
  -20.523182014492786       -4.7117937136508878               22
  -20.523182014492786       -6.2929325437350769               23
  -22.104320844576975       -4.7117937136508878               24
  -22.104320844576975       -3.1306548835666987               25
  -20.523182014492786       -1.5495160534825096               26
  -20.523182014492786       -3.1306548835666987               27
  -22.104320844576975       -1.5495160534825096               28
  -22.104320844576975        3.1622776601683000E-002          29
  -20.523182014492786        1.6127616066858721               30
  -20.523182014492786        3.1622776601683000E-002          31
  -22.104320844576975        1.6127616066858721               32
  -22.104320844576975        3.1939004367700612               33
  -20.523182014492786        4.7750392668542503               34
  -20.523182014492786        3.1939004367700612               35
  -22.104320844576975        4.7750392668542503               36
  -22.104320844576975        6.3561780969384394               37
  -20.523182014492786        7.9373169270226320               38
  -20.523182014492786        6.3561780969384394               39
  -22.104320844576975        7.9373169270226320               40
  -22.104320844576975        9.5184557571068211               41
  -20.523182014492786        11.099594587191010               42
  -20.523182014492786        9.5184557571068211               43
  -22.104320844576975        11.099594587191010               44
  -22.104320844576975        12.680733417275203               45
  -20.523182014492786        14.261872247359388               46
  -20.523182014492786        12.680733417275203               47
  -22.104320844576975        14.261872247359388               48
  -22.104320844576975        15.843011077443581               49
  -20.523182014492786        17.424149907527767               50
  -20.523182014492786        15.843011077443581               51
  -22.104320844576975        17.424149907527767               52
  -22.104320844576975        19.005288737611959               53
  -20.523182014492786        20.586427567696152               54
  -20.523182014492786        19.005288737611959               55
  -22.104320844576975        20.586427567696152               56
  -18.942043184408593       -22.104320844576975               57
  -17.360904354324404       -20.523182014492786               58
  -17.360904354324404       -22.104320844576975               59
  -18.942043184408593       -20.523182014492786               60
  -18.942043184408593       -18.942043184408593               61
  -17.360904354324404       -17.360904354324404               62
  -17.360904354324404       -18.942043184408593               63
  -18.942043184408593       -17.360904354324404               64
  -18.942043184408593       -15.779765524240215               65
  -17.360904354324404       -14.198626694156026               66
  -17.360904354324404       -15.779765524240215               67
  -18.942043184408593       -14.198626694156026               68
  -18.942043184408593       -12.617487864071837               69
  -17.360904354324404       -11.036349033987646               70
  -17.360904354324404       -12.617487864071837               71
  -18.942043184408593       -11.036349033987646               72
  -18.942043184408593       -9.4552102039034569               73
  -17.360904354324404       -7.8740713738192678               74
  -17.360904354324404       -9.4552102039034569               75
  -18.942043184408593       -7.8740713738192678               76
  -18.942043184408593       -6.2929325437350769               77
  -17.360904354324404       -4.7117937136508878               78
  -17.360904354324404       -6.2929325437350769               79
  -18.942043184408593       -4.7117937136508878               80
  -18.942043184408593       -3.1306548835666987               81
  -17.360904354324404       -1.5495160534825096               82
  -17.360904354324404       -3.1306548835666987               83
  -18.942043184408593       -1.5495160534825096               84
  -18.942043184408593        3.1622776601683000E-002          85
  -17.360904354324404        1.6127616066858721               86
  -17.360904354324404        3.1622776601683000E-002          87
  -18.942043184408593        1.6127616066858721               88
  -18.942043184408593        3.1939004367700612               89
  -17.360904354324404        4.7750392668542503               90
  -17.360904354324404        3.1939004367700612               91
  -18.942043184408593        4.7750392668542503               92
  -18.942043184408593        6.3561780969384394               93
  -17.360904354324404        7.9373169270226320               94
  -17.360904354324404        6.3561780969384394               95
  -18.942043184408593        7.9373169270226320               96
  -18.942043184408593        9.5184557571068211               97
  -17.360904354324404        11.099594587191010               98
  -17.360904354324404        9.5184557571068211               99
  -18.942043184408593        11.099594587191010              100
  -18.942043184408593        12.680733417275203              101
  -17.360904354324404        14.261872247359388              102
  -17.360904354324404        12.680733417275203              103
  -18.942043184408593        14.261872247359388              104
  -18.942043184408593        15.843011077443581              105
  -17.360904354324404        17.424149907527767              106
  -17.360904354324404        15.843011077443581              107
  -18.942043184408593        17.424149907527767              108
  -18.942043184408593        19.005288737611959              109
  -17.360904354324404        20.586427567696152              110
  -17.360904354324404        19.005288737611959              111
  -18.942043184408593        20.586427567696152              112
  -15.779765524240215       -22.104320844576975              113
  -14.198626694156026       -20.523182014492786              114
  -14.198626694156026       -22.104320844576975              115
  -15.779765524240215       -20.523182014492786              116
  -15.779765524240215       -18.942043184408593              117
  -14.198626694156026       -17.360904354324404              118
  -14.198626694156026       -18.942043184408593              119
  -15.779765524240215       -17.360904354324404              120
  -15.779765524240215       -15.779765524240215              121
  -14.198626694156026       -14.198626694156026              122
  -14.198626694156026       -15.779765524240215              123
  -15.779765524240215       -14.198626694156026              124
  -15.779765524240215       -12.617487864071837              125
  -14.198626694156026       -11.036349033987646              126
  -14.198626694156026       -12.617487864071837              127
  -15.779765524240215       -11.036349033987646              128
  -15.779765524240215       -9.4552102039034569              129
  -14.198626694156026       -7.8740713738192678              130
  -14.198626694156026       -9.4552102039034569              131
  -15.779765524240215       -7.8740713738192678              132
  -15.779765524240215       -6.2929325437350769              133
  -14.198626694156026       -4.7117937136508878              134
  -14.198626694156026       -6.2929325437350769              135
  -15.779765524240215       -4.7117937136508878              136
  -15.779765524240215       -3.1306548835666987              137
  -14.198626694156026       -1.5495160534825096              138
  -14.198626694156026       -3.1306548835666987              139
  -15.779765524240215       -1.5495160534825096              140
  -15.779765524240215        3.1622776601683000E-002         141
  -14.198626694156026        1.6127616066858721              142
  -14.198626694156026        3.1622776601683000E-002         143
  -15.779765524240215        1.6127616066858721              144
  -15.779765524240215        3.1939004367700612              145
  -14.198626694156026        4.7750392668542503              146
  -14.198626694156026        3.1939004367700612              147
  -15.779765524240215        4.7750392668542503              148
  -15.779765524240215        6.3561780969384394              149
  -14.198626694156026        7.9373169270226320              150
  -14.198626694156026        6.3561780969384394              151
  -15.779765524240215        7.9373169270226320              152
  -15.779765524240215        9.5184557571068211              153
  -14.198626694156026        11.099594587191010              154
  -14.198626694156026        9.5184557571068211              155
  -15.779765524240215        11.099594587191010              156
  -15.779765524240215        12.680733417275203              157
  -14.198626694156026        14.261872247359388              158
  -14.198626694156026        12.680733417275203              159
  -15.779765524240215        14.261872247359388              160
  -15.779765524240215        15.843011077443581              161
  -14.198626694156026        17.424149907527767              162
  -14.198626694156026        15.843011077443581              163
  -15.779765524240215        17.424149907527767              164
  -15.779765524240215        19.005288737611959              165
  -14.198626694156026        20.586427567696152              166
  -14.198626694156026        19.005288737611959              167
  -15.779765524240215        20.586427567696152              168
  -12.617487864071837       -22.104320844576975              169
  -11.036349033987646       -20.523182014492786              170
  -11.036349033987646       -22.104320844576975              171
  -12.617487864071837       -20.523182014492786              172
  -12.617487864071837       -18.942043184408593              173
  -11.036349033987646       -17.360904354324404              174
  -11.036349033987646       -18.942043184408593              175
  -12.617487864071837       -17.360904354324404              176
  -12.617487864071837       -15.779765524240215              177
  -11.036349033987646       -14.198626694156026              178
  -11.036349033987646       -15.779765524240215              179
  -12.617487864071837       -14.198626694156026              180
  -12.617487864071837       -12.617487864071837              181
  -11.036349033987646       -11.036349033987646              182
  -11.036349033987646       -12.617487864071837              183
  -12.617487864071837       -11.036349033987646              184
  -12.617487864071837       -9.4552102039034569              185
  -11.036349033987646       -7.8740713738192678              186
  -11.036349033987646       -9.4552102039034569              187
  -12.617487864071837       -7.8740713738192678              188
  -12.617487864071837       -6.2929325437350769              189
  -11.036349033987646       -4.7117937136508878              190
  -11.036349033987646       -6.2929325437350769              191
  -12.617487864071837       -4.7117937136508878              192
  -12.617487864071837       -3.1306548835666987              193
  -11.036349033987646       -1.5495160534825096              194
  -11.036349033987646       -3.1306548835666987              195
  -12.617487864071837       -1.5495160534825096              196
  -12.617487864071837        3.1622776601683000E-002         197
  -11.036349033987646        1.6127616066858721              198
  -11.036349033987646        3.1622776601683000E-002         199
  -12.617487864071837        1.6127616066858721              200
  -12.617487864071837        3.1939004367700612              201
  -11.036349033987646        4.7750392668542503              202
  -11.036349033987646        3.1939004367700612              203
  -12.617487864071837        4.7750392668542503              204
  -12.617487864071837        6.3561780969384394              205
  -11.036349033987646        7.9373169270226320              206
  -11.036349033987646        6.3561780969384394              207
  -12.617487864071837        7.9373169270226320              208
  -12.617487864071837        9.5184557571068211              209
  -11.036349033987646        11.099594587191010              210
  -11.036349033987646        9.5184557571068211              211
  -12.617487864071837        11.099594587191010              212
  -12.617487864071837        12.680733417275203              213
  -11.036349033987646        14.261872247359388              214
  -11.036349033987646        12.680733417275203              215
  -12.617487864071837        14.261872247359388              216
  -12.617487864071837        15.843011077443581              217
  -11.036349033987646        17.424149907527767              218
  -11.036349033987646        15.843011077443581              219
  -12.617487864071837        17.424149907527767              220
  -12.617487864071837        19.005288737611959              221
  -11.036349033987646        20.586427567696152              222
  -11.036349033987646        19.005288737611959              223
  -12.617487864071837        20.586427567696152              224
  -9.4552102039034569       -22.104320844576975              225
  -7.8740713738192678       -20.523182014492786              226
  -7.8740713738192678       -22.104320844576975              227
  -9.4552102039034569       -20.523182014492786              228
  -9.4552102039034569       -18.942043184408593              229
  -7.8740713738192678       -17.360904354324404              230
  -7.8740713738192678       -18.942043184408593              231
  -9.4552102039034569       -17.360904354324404              232
  -9.4552102039034569       -15.779765524240215              233
  -7.8740713738192678       -14.198626694156026              234
  -7.8740713738192678       -15.779765524240215              235
  -9.4552102039034569       -14.198626694156026              236
  -9.4552102039034569       -12.617487864071837              237
  -7.8740713738192678       -11.036349033987646              238
  -7.8740713738192678       -12.617487864071837              239
  -9.4552102039034569       -11.036349033987646              240
  -9.4552102039034569       -9.4552102039034569              241
  -7.8740713738192678       -7.8740713738192678              242
  -7.8740713738192678       -9.4552102039034569              243
  -9.4552102039034569       -7.8740713738192678              244
  -9.4552102039034569       -6.2929325437350769              245
  -7.8740713738192678       -4.7117937136508878              246
  -7.8740713738192678       -6.2929325437350769              247
  -9.4552102039034569       -4.7117937136508878              248
  -9.4552102039034569       -3.1306548835666987              249
  -7.8740713738192678       -1.5495160534825096              250
  -7.8740713738192678       -3.1306548835666987              251
  -9.4552102039034569       -1.5495160534825096              252
  -9.4552102039034569        3.1622776601683000E-002         253
  -7.8740713738192678        1.6127616066858721              254
  -7.8740713738192678        3.1622776601683000E-002         255
  -9.4552102039034569        1.6127616066858721              256
  -9.4552102039034569        3.1939004367700612              257
  -7.8740713738192678        4.7750392668542503              258
  -7.8740713738192678        3.1939004367700612              259
  -9.4552102039034569        4.7750392668542503              260
  -9.4552102039034569        6.3561780969384394              261
  -7.8740713738192678        7.9373169270226320              262
  -7.8740713738192678        6.3561780969384394              263
  -9.4552102039034569        7.9373169270226320              264
  -9.4552102039034569        9.5184557571068211              265
  -7.8740713738192678        11.099594587191010              266
  -7.8740713738192678        9.5184557571068211              267
  -9.4552102039034569        11.099594587191010              268
  -9.4552102039034569        12.680733417275203              269
  -7.8740713738192678        14.261872247359388              270
  -7.8740713738192678        12.680733417275203              271
  -9.4552102039034569        14.261872247359388              272
  -9.4552102039034569        15.843011077443581              273
  -7.8740713738192678        17.424149907527767              274
  -7.8740713738192678        15.843011077443581              275
  -9.4552102039034569        17.424149907527767              276
  -9.4552102039034569        19.005288737611959              277
  -7.8740713738192678        20.586427567696152              278
  -7.8740713738192678        19.005288737611959              279
  -9.4552102039034569        20.586427567696152              280
  -6.2929325437350769       -22.104320844576975              281
  -4.7117937136508878       -20.523182014492786              282
  -4.7117937136508878       -22.104320844576975              283
  -6.2929325437350769       -20.523182014492786              284
  -6.2929325437350769       -18.942043184408593              285
  -4.7117937136508878       -17.360904354324404              286
  -4.7117937136508878       -18.942043184408593              287
  -6.2929325437350769       -17.360904354324404              288
  -6.2929325437350769       -15.779765524240215              289
  -4.7117937136508878       -14.198626694156026              290
  -4.7117937136508878       -15.779765524240215              291
  -6.2929325437350769       -14.198626694156026              292
  -6.2929325437350769       -12.617487864071837              293
  -4.7117937136508878       -11.036349033987646              294
  -4.7117937136508878       -12.617487864071837              295
  -6.2929325437350769       -11.036349033987646              296
  -6.2929325437350769       -9.4552102039034569              297
  -4.7117937136508878       -7.8740713738192678              298
  -4.7117937136508878       -9.4552102039034569              299
  -6.2929325437350769       -7.8740713738192678              300
  -6.2929325437350769       -6.2929325437350769              301
  -4.7117937136508878       -4.7117937136508878              302
  -4.7117937136508878       -6.2929325437350769              303
  -6.2929325437350769       -4.7117937136508878              304
  -6.2929325437350769       -3.1306548835666987              305
  -4.7117937136508878       -1.5495160534825096              306
  -4.7117937136508878       -3.1306548835666987              307
  -6.2929325437350769       -1.5495160534825096              308
  -6.2929325437350769        3.1622776601683000E-002         309
  -4.7117937136508878        1.6127616066858721              310
  -4.7117937136508878        3.1622776601683000E-002         311
  -6.2929325437350769        1.6127616066858721              312
  -6.2929325437350769        3.1939004367700612              313
  -4.7117937136508878        4.7750392668542503              314
  -4.7117937136508878        3.1939004367700612              315
  -6.2929325437350769        4.7750392668542503              316
  -6.2929325437350769        6.3561780969384394              317
  -4.7117937136508878        7.9373169270226320              318
  -4.7117937136508878        6.3561780969384394              319
  -6.2929325437350769        7.9373169270226320              320
  -6.2929325437350769        9.5184557571068211              321
  -4.7117937136508878        11.099594587191010              322
  -4.7117937136508878        9.5184557571068211              323
  -6.2929325437350769        11.099594587191010              324
  -6.2929325437350769        12.680733417275203              325
  -4.7117937136508878        14.261872247359388              326
  -4.7117937136508878        12.680733417275203              327
  -6.2929325437350769        14.261872247359388              328
  -6.2929325437350769        15.843011077443581              329
  -4.7117937136508878        17.424149907527767              330
  -4.7117937136508878        15.843011077443581              331
  -6.2929325437350769        17.424149907527767              332
  -6.2929325437350769        19.005288737611959              333
  -4.7117937136508878        20.586427567696152              334
  -4.7117937136508878        19.005288737611959              335
  -6.2929325437350769        20.586427567696152              336
  -3.1306548835666987       -22.104320844576975              337
  -1.5495160534825096       -20.523182014492786              338
  -1.5495160534825096       -22.104320844576975              339
  -3.1306548835666987       -20.523182014492786              340
  -3.1306548835666987       -18.942043184408593              341
  -1.5495160534825096       -17.360904354324404              342
  -1.5495160534825096       -18.942043184408593              343
  -3.1306548835666987       -17.360904354324404              344
  -3.1306548835666987       -15.779765524240215              345
  -1.5495160534825096       -14.198626694156026              346
  -1.5495160534825096       -15.779765524240215              347
  -3.1306548835666987       -14.198626694156026              348
  -3.1306548835666987       -12.617487864071837              349
  -1.5495160534825096       -11.036349033987646              350
  -1.5495160534825096       -12.617487864071837              351
  -3.1306548835666987       -11.036349033987646              352
  -3.1306548835666987       -9.4552102039034569              353
  -1.5495160534825096       -7.8740713738192678              354
  -1.5495160534825096       -9.4552102039034569              355
  -3.1306548835666987       -7.8740713738192678              356
  -3.1306548835666987       -6.2929325437350769              357
  -1.5495160534825096       -4.7117937136508878              358
  -1.5495160534825096       -6.2929325437350769              359
  -3.1306548835666987       -4.7117937136508878              360
  -3.1306548835666987       -3.1306548835666987              361
  -1.5495160534825096       -1.5495160534825096              362
  -1.5495160534825096       -3.1306548835666987              363
  -3.1306548835666987       -1.5495160534825096              364
  -3.1306548835666987        3.1622776601683000E-002         365
  -1.5495160534825096        1.6127616066858721              366
  -1.5495160534825096        3.1622776601683000E-002         367
  -3.1306548835666987        1.6127616066858721              368
  -3.1306548835666987        3.1939004367700612              369
  -1.5495160534825096        4.7750392668542503              370
  -1.5495160534825096        3.1939004367700612              371
  -3.1306548835666987        4.7750392668542503              372
  -3.1306548835666987        6.3561780969384394              373
  -1.5495160534825096        7.9373169270226320              374
  -1.5495160534825096        6.3561780969384394              375
  -3.1306548835666987        7.9373169270226320              376
  -3.1306548835666987        9.5184557571068211              377
  -1.5495160534825096        11.099594587191010              378
  -1.5495160534825096        9.5184557571068211              379
  -3.1306548835666987        11.099594587191010              380
  -3.1306548835666987        12.680733417275203              381
  -1.5495160534825096        14.261872247359388              382
  -1.5495160534825096        12.680733417275203              383
  -3.1306548835666987        14.261872247359388              384
  -3.1306548835666987        15.843011077443581              385
  -1.5495160534825096        17.424149907527767              386
  -1.5495160534825096        15.843011077443581              387
  -3.1306548835666987        17.424149907527767              388
  -3.1306548835666987        19.005288737611959              389
  -1.5495160534825096        20.586427567696152              390
  -1.5495160534825096        19.005288737611959              391
  -3.1306548835666987        20.586427567696152              392
   3.1622776601683000E-002  -22.104320844576975              393
   1.6127616066858721       -20.523182014492786              394
   1.6127616066858721       -22.104320844576975              395
   3.1622776601683000E-002  -20.523182014492786              396
   3.1622776601683000E-002  -18.942043184408593              397
   1.6127616066858721       -17.360904354324404              398
   1.6127616066858721       -18.942043184408593              399
   3.1622776601683000E-002  -17.360904354324404              400
   3.1622776601683000E-002  -15.779765524240215              401
   1.6127616066858721       -14.198626694156026              402
   1.6127616066858721       -15.779765524240215              403
   3.1622776601683000E-002  -14.198626694156026              404
   3.1622776601683000E-002  -12.617487864071837              405
   1.6127616066858721       -11.036349033987646              406
   1.6127616066858721       -12.617487864071837              407
   3.1622776601683000E-002  -11.036349033987646              408
   3.1622776601683000E-002  -9.4552102039034569              409
   1.6127616066858721       -7.8740713738192678              410
   1.6127616066858721       -9.4552102039034569              411
   3.1622776601683000E-002  -7.8740713738192678              412
   3.1622776601683000E-002  -6.2929325437350769              413
   1.6127616066858721       -4.7117937136508878              414
   1.6127616066858721       -6.2929325437350769              415
   3.1622776601683000E-002  -4.7117937136508878              416
   3.1622776601683000E-002  -3.1306548835666987              417
   1.6127616066858721       -1.5495160534825096              418
   1.6127616066858721       -3.1306548835666987              419
   3.1622776601683000E-002  -1.5495160534825096              420
   3.1622776601683000E-002   3.1622776601683000E-002         421
   1.6127616066858721        1.6127616066858721              422
   1.6127616066858721        3.1622776601683000E-002         423
   3.1622776601683000E-002   1.6127616066858721              424
   3.1622776601683000E-002   3.1939004367700612              425
   1.6127616066858721        4.7750392668542503              426
   1.6127616066858721        3.1939004367700612              427
   3.1622776601683000E-002   4.7750392668542503              428
   3.1622776601683000E-002   6.3561780969384394              429
   1.6127616066858721        7.9373169270226320              430
   1.6127616066858721        6.3561780969384394              431
   3.1622776601683000E-002   7.9373169270226320              432
   3.1622776601683000E-002   9.5184557571068211              433
   1.6127616066858721        11.099594587191010              434
   1.6127616066858721        9.5184557571068211              435
   3.1622776601683000E-002   11.099594587191010              436
   3.1622776601683000E-002   12.680733417275203              437
   1.6127616066858721        14.261872247359388              438
   1.6127616066858721        12.680733417275203              439
   3.1622776601683000E-002   14.261872247359388              440
   3.1622776601683000E-002   15.843011077443581              441
   1.6127616066858721        17.424149907527767              442
   1.6127616066858721        15.843011077443581              443
   3.1622776601683000E-002   17.424149907527767              444
   3.1622776601683000E-002   19.005288737611959              445
   1.6127616066858721        20.586427567696152              446
   1.6127616066858721        19.005288737611959              447
   3.1622776601683000E-002   20.586427567696152              448
   3.1939004367700612       -22.104320844576975              449
   4.7750392668542503       -20.523182014492786              450
   4.7750392668542503       -22.104320844576975              451
   3.1939004367700612       -20.523182014492786              452
   3.1939004367700612       -18.942043184408593              453
   4.7750392668542503       -17.360904354324404              454
   4.7750392668542503       -18.942043184408593              455
   3.1939004367700612       -17.360904354324404              456
   3.1939004367700612       -15.779765524240215              457
   4.7750392668542503       -14.198626694156026              458
   4.7750392668542503       -15.779765524240215              459
   3.1939004367700612       -14.198626694156026              460
   3.1939004367700612       -12.617487864071837              461
   4.7750392668542503       -11.036349033987646              462
   4.7750392668542503       -12.617487864071837              463
   3.1939004367700612       -11.036349033987646              464
   3.1939004367700612       -9.4552102039034569              465
   4.7750392668542503       -7.8740713738192678              466
   4.7750392668542503       -9.4552102039034569              467
   3.1939004367700612       -7.8740713738192678              468
   3.1939004367700612       -6.2929325437350769              469
   4.7750392668542503       -4.7117937136508878              470
   4.7750392668542503       -6.2929325437350769              471
   3.1939004367700612       -4.7117937136508878              472
   3.1939004367700612       -3.1306548835666987              473
   4.7750392668542503       -1.5495160534825096              474
   4.7750392668542503       -3.1306548835666987              475
   3.1939004367700612       -1.5495160534825096              476
   3.1939004367700612        3.1622776601683000E-002         477
   4.7750392668542503        1.6127616066858721              478
   4.7750392668542503        3.1622776601683000E-002         479
   3.1939004367700612        1.6127616066858721              480
   3.1939004367700612        3.1939004367700612              481
   4.7750392668542503        4.7750392668542503              482
   4.7750392668542503        3.1939004367700612              483
   3.1939004367700612        4.7750392668542503              484
   3.1939004367700612        6.3561780969384394              485
   4.7750392668542503        7.9373169270226320              486
   4.7750392668542503        6.3561780969384394              487
   3.1939004367700612        7.9373169270226320              488
   3.1939004367700612        9.5184557571068211              489
   4.7750392668542503        11.099594587191010              490
   4.7750392668542503        9.5184557571068211              491
   3.1939004367700612        11.099594587191010              492
   3.1939004367700612        12.680733417275203              493
   4.7750392668542503        14.261872247359388              494
   4.7750392668542503        12.680733417275203              495
   3.1939004367700612        14.261872247359388              496
   3.1939004367700612        15.843011077443581              497
   4.7750392668542503        17.424149907527767              498
   4.7750392668542503        15.843011077443581              499
   3.1939004367700612        17.424149907527767              500
   3.1939004367700612        19.005288737611959              501
   4.7750392668542503        20.586427567696152              502
   4.7750392668542503        19.005288737611959              503
   3.1939004367700612        20.586427567696152              504
   6.3561780969384394       -22.104320844576975              505
   7.9373169270226320       -20.523182014492786              506
   7.9373169270226320       -22.104320844576975              507
   6.3561780969384394       -20.523182014492786              508
   6.3561780969384394       -18.942043184408593              509
   7.9373169270226320       -17.360904354324404              510
   7.9373169270226320       -18.942043184408593              511
   6.3561780969384394       -17.360904354324404              512
   6.3561780969384394       -15.779765524240215              513
   7.9373169270226320       -14.198626694156026              514
   7.9373169270226320       -15.779765524240215              515
   6.3561780969384394       -14.198626694156026              516
   6.3561780969384394       -12.617487864071837              517
   7.9373169270226320       -11.036349033987646              518
   7.9373169270226320       -12.617487864071837              519
   6.3561780969384394       -11.036349033987646              520
   6.3561780969384394       -9.4552102039034569              521
   7.9373169270226320       -7.8740713738192678              522
   7.9373169270226320       -9.4552102039034569              523
   6.3561780969384394       -7.8740713738192678              524
   6.3561780969384394       -6.2929325437350769              525
   7.9373169270226320       -4.7117937136508878              526
   7.9373169270226320       -6.2929325437350769              527
   6.3561780969384394       -4.7117937136508878              528
   6.3561780969384394       -3.1306548835666987              529
   7.9373169270226320       -1.5495160534825096              530
   7.9373169270226320       -3.1306548835666987              531
   6.3561780969384394       -1.5495160534825096              532
   6.3561780969384394        3.1622776601683000E-002         533
   7.9373169270226320        1.6127616066858721              534
   7.9373169270226320        3.1622776601683000E-002         535
   6.3561780969384394        1.6127616066858721              536
   6.3561780969384394        3.1939004367700612              537
   7.9373169270226320        4.7750392668542503              538
   7.9373169270226320        3.1939004367700612              539
   6.3561780969384394        4.7750392668542503              540
   6.3561780969384394        6.3561780969384394              541
   7.9373169270226320        7.9373169270226320              542
   7.9373169270226320        6.3561780969384394              543
   6.3561780969384394        7.9373169270226320              544
   6.3561780969384394        9.5184557571068211              545
   7.9373169270226320        11.099594587191010              546
   7.9373169270226320        9.5184557571068211              547
   6.3561780969384394        11.099594587191010              548
   6.3561780969384394        12.680733417275203              549
   7.9373169270226320        14.261872247359388              550
   7.9373169270226320        12.680733417275203              551
   6.3561780969384394        14.261872247359388              552
   6.3561780969384394        15.843011077443581              553
   7.9373169270226320        17.424149907527767              554
   7.9373169270226320        15.843011077443581              555
   6.3561780969384394        17.424149907527767              556
   6.3561780969384394        19.005288737611959              557
   7.9373169270226320        20.586427567696152              558
   7.9373169270226320        19.005288737611959              559
   6.3561780969384394        20.586427567696152              560
   9.5184557571068211       -22.104320844576975              561
   11.099594587191010       -20.523182014492786              562
   11.099594587191010       -22.104320844576975              563
   9.5184557571068211       -20.523182014492786              564
   9.5184557571068211       -18.942043184408593              565
   11.099594587191010       -17.360904354324404              566
   11.099594587191010       -18.942043184408593              567
   9.5184557571068211       -17.360904354324404              568
   9.5184557571068211       -15.779765524240215              569
   11.099594587191010       -14.198626694156026              570
   11.099594587191010       -15.779765524240215              571
   9.5184557571068211       -14.198626694156026              572
   9.5184557571068211       -12.617487864071837              573
   11.099594587191010       -11.036349033987646              574
   11.099594587191010       -12.617487864071837              575
   9.5184557571068211       -11.036349033987646              576
   9.5184557571068211       -9.4552102039034569              577
   11.099594587191010       -7.8740713738192678              578
   11.099594587191010       -9.4552102039034569              579
   9.5184557571068211       -7.8740713738192678              580
   9.5184557571068211       -6.2929325437350769              581
   11.099594587191010       -4.7117937136508878              582
   11.099594587191010       -6.2929325437350769              583
   9.5184557571068211       -4.7117937136508878              584
   9.5184557571068211       -3.1306548835666987              585
   11.099594587191010       -1.5495160534825096              586
   11.099594587191010       -3.1306548835666987              587
   9.5184557571068211       -1.5495160534825096              588
   9.5184557571068211        3.1622776601683000E-002         589
   11.099594587191010        1.6127616066858721              590
   11.099594587191010        3.1622776601683000E-002         591
   9.5184557571068211        1.6127616066858721              592
   9.5184557571068211        3.1939004367700612              593
   11.099594587191010        4.7750392668542503              594
   11.099594587191010        3.1939004367700612              595
   9.5184557571068211        4.7750392668542503              596
   9.5184557571068211        6.3561780969384394              597
   11.099594587191010        7.9373169270226320              598
   11.099594587191010        6.3561780969384394              599
   9.5184557571068211        7.9373169270226320              600
   9.5184557571068211        9.5184557571068211              601
   11.099594587191010        11.099594587191010              602
   11.099594587191010        9.5184557571068211              603
   9.5184557571068211        11.099594587191010              604
   9.5184557571068211        12.680733417275203              605
   11.099594587191010        14.261872247359388              606
   11.099594587191010        12.680733417275203              607
   9.5184557571068211        14.261872247359388              608
   9.5184557571068211        15.843011077443581              609
   11.099594587191010        17.424149907527767              610
   11.099594587191010        15.843011077443581              611
   9.5184557571068211        17.424149907527767              612
   9.5184557571068211        19.005288737611959              613
   11.099594587191010        20.586427567696152              614
   11.099594587191010        19.005288737611959              615
   9.5184557571068211        20.586427567696152              616
   12.680733417275203       -22.104320844576975              617
   14.261872247359388       -20.523182014492786              618
   14.261872247359388       -22.104320844576975              619
   12.680733417275203       -20.523182014492786              620
   12.680733417275203       -18.942043184408593              621
   14.261872247359388       -17.360904354324404              622
   14.261872247359388       -18.942043184408593              623
   12.680733417275203       -17.360904354324404              624
   12.680733417275203       -15.779765524240215              625
   14.261872247359388       -14.198626694156026              626
   14.261872247359388       -15.779765524240215              627
   12.680733417275203       -14.198626694156026              628
   12.680733417275203       -12.617487864071837              629
   14.261872247359388       -11.036349033987646              630
   14.261872247359388       -12.617487864071837              631
   12.680733417275203       -11.036349033987646              632
   12.680733417275203       -9.4552102039034569              633
   14.261872247359388       -7.8740713738192678              634
   14.261872247359388       -9.4552102039034569              635
   12.680733417275203       -7.8740713738192678              636
   12.680733417275203       -6.2929325437350769              637
   14.261872247359388       -4.7117937136508878              638
   14.261872247359388       -6.2929325437350769              639
   12.680733417275203       -4.7117937136508878              640
   12.680733417275203       -3.1306548835666987              641
   14.261872247359388       -1.5495160534825096              642
   14.261872247359388       -3.1306548835666987              643
   12.680733417275203       -1.5495160534825096              644
   12.680733417275203        3.1622776601683000E-002         645
   14.261872247359388        1.6127616066858721              646
   14.261872247359388        3.1622776601683000E-002         647
   12.680733417275203        1.6127616066858721              648
   12.680733417275203        3.1939004367700612              649
   14.261872247359388        4.7750392668542503              650
   14.261872247359388        3.1939004367700612              651
   12.680733417275203        4.7750392668542503              652
   12.680733417275203        6.3561780969384394              653
   14.261872247359388        7.9373169270226320              654
   14.261872247359388        6.3561780969384394              655
   12.680733417275203        7.9373169270226320              656
   12.680733417275203        9.5184557571068211              657
   14.261872247359388        11.099594587191010              658
   14.261872247359388        9.5184557571068211              659
   12.680733417275203        11.099594587191010              660
   12.680733417275203        12.680733417275203              661
   14.261872247359388        14.261872247359388              662
   14.261872247359388        12.680733417275203              663
   12.680733417275203        14.261872247359388              664
   12.680733417275203        15.843011077443581              665
   14.261872247359388        17.424149907527767              666
   14.261872247359388        15.843011077443581              667
   12.680733417275203        17.424149907527767              668
   12.680733417275203        19.005288737611959              669
   14.261872247359388        20.586427567696152              670
   14.261872247359388        19.005288737611959              671
   12.680733417275203        20.586427567696152              672
   15.843011077443581       -22.104320844576975              673
   17.424149907527767       -20.523182014492786              674
   17.424149907527767       -22.104320844576975              675
   15.843011077443581       -20.523182014492786              676
   15.843011077443581       -18.942043184408593              677
   17.424149907527767       -17.360904354324404              678
   17.424149907527767       -18.942043184408593              679
   15.843011077443581       -17.360904354324404              680
   15.843011077443581       -15.779765524240215              681
   17.424149907527767       -14.198626694156026              682
   17.424149907527767       -15.779765524240215              683
   15.843011077443581       -14.198626694156026              684
   15.843011077443581       -12.617487864071837              685
   17.424149907527767       -11.036349033987646              686
   17.424149907527767       -12.617487864071837              687
   15.843011077443581       -11.036349033987646              688
   15.843011077443581       -9.4552102039034569              689
   17.424149907527767       -7.8740713738192678              690
   17.424149907527767       -9.4552102039034569              691
   15.843011077443581       -7.8740713738192678              692
   15.843011077443581       -6.2929325437350769              693
   17.424149907527767       -4.7117937136508878              694
   17.424149907527767       -6.2929325437350769              695
   15.843011077443581       -4.7117937136508878              696
   15.843011077443581       -3.1306548835666987              697
   17.424149907527767       -1.5495160534825096              698
   17.424149907527767       -3.1306548835666987              699
   15.843011077443581       -1.5495160534825096              700
   15.843011077443581        3.1622776601683000E-002         701
   17.424149907527767        1.6127616066858721              702
   17.424149907527767        3.1622776601683000E-002         703
   15.843011077443581        1.6127616066858721              704
   15.843011077443581        3.1939004367700612              705
   17.424149907527767        4.7750392668542503              706
   17.424149907527767        3.1939004367700612              707
   15.843011077443581        4.7750392668542503              708
   15.843011077443581        6.3561780969384394              709
   17.424149907527767        7.9373169270226320              710
   17.424149907527767        6.3561780969384394              711
   15.843011077443581        7.9373169270226320              712
   15.843011077443581        9.5184557571068211              713
   17.424149907527767        11.099594587191010              714
   17.424149907527767        9.5184557571068211              715
   15.843011077443581        11.099594587191010              716
   15.843011077443581        12.680733417275203              717
   17.424149907527767        14.261872247359388              718
   17.424149907527767        12.680733417275203              719
   15.843011077443581        14.261872247359388              720
   15.843011077443581        15.843011077443581              721
   17.424149907527767        17.424149907527767              722
   17.424149907527767        15.843011077443581              723
   15.843011077443581        17.424149907527767              724
   15.843011077443581        19.005288737611959              725
   17.424149907527767        20.586427567696152              726
   17.424149907527767        19.005288737611959              727
   15.843011077443581        20.586427567696152              728
   19.005288737611959       -22.104320844576975              729
   20.586427567696152       -20.523182014492786              730
   20.586427567696152       -22.104320844576975              731
   19.005288737611959       -20.523182014492786              732
   19.005288737611959       -18.942043184408593              733
   20.586427567696152       -17.360904354324404              734
   20.586427567696152       -18.942043184408593              735
   19.005288737611959       -17.360904354324404              736
   19.005288737611959       -15.779765524240215              737
   20.586427567696152       -14.198626694156026              738
   20.586427567696152       -15.779765524240215              739
   19.005288737611959       -14.198626694156026              740
   19.005288737611959       -12.617487864071837              741
   20.586427567696152       -11.036349033987646              742
   20.586427567696152       -12.617487864071837              743
   19.005288737611959       -11.036349033987646              744
   19.005288737611959       -9.4552102039034569              745
   20.586427567696152       -7.8740713738192678              746
   20.586427567696152       -9.4552102039034569              747
   19.005288737611959       -7.8740713738192678              748
   19.005288737611959       -6.2929325437350769              749
   20.586427567696152       -4.7117937136508878              750
   20.586427567696152       -6.2929325437350769              751
   19.005288737611959       -4.7117937136508878              752
   19.005288737611959       -3.1306548835666987              753
   20.586427567696152       -1.5495160534825096              754
   20.586427567696152       -3.1306548835666987              755
   19.005288737611959       -1.5495160534825096              756
   19.005288737611959        3.1622776601683000E-002         757
   20.586427567696152        1.6127616066858721              758
   20.586427567696152        3.1622776601683000E-002         759
   19.005288737611959        1.6127616066858721              760
   19.005288737611959        3.1939004367700612              761
   20.586427567696152        4.7750392668542503              762
   20.586427567696152        3.1939004367700612              763
   19.005288737611959        4.7750392668542503              764
   19.005288737611959        6.3561780969384394              765
   20.586427567696152        7.9373169270226320              766
   20.586427567696152        6.3561780969384394              767
   19.005288737611959        7.9373169270226320              768
   19.005288737611959        9.5184557571068211              769
   20.586427567696152        11.099594587191010              770
   20.586427567696152        9.5184557571068211              771
   19.005288737611959        11.099594587191010              772
   19.005288737611959        12.680733417275203              773
   20.586427567696152        14.261872247359388              774
   20.586427567696152        12.680733417275203              775
   19.005288737611959        14.261872247359388              776
   19.005288737611959        15.843011077443581              777
   20.586427567696152        17.424149907527767              778
   20.586427567696152        15.843011077443581              779
   19.005288737611959        17.424149907527767              780
   19.005288737611959        19.005288737611959              781
   20.586427567696152        20.586427567696152              782
   20.586427567696152        19.005288737611959              783
   19.005288737611959        20.586427567696152              784
