  -25.523870672626998       -25.523870672626998                1
  -23.698128850550674       -23.698128850550674                2
  -23.698128850550674       -25.523870672626998                3
  -25.523870672626998       -23.698128850550674                4
  -25.523870672626998       -21.872387028474350                5
  -23.698128850550674       -20.046645206398029                6
  -23.698128850550674       -21.872387028474350                7
  -25.523870672626998       -20.046645206398029                8
  -25.523870672626998       -18.220903384321705                9
  -23.698128850550674       -16.395161562245384               10
  -23.698128850550674       -18.220903384321705               11
  -25.523870672626998       -16.395161562245384               12
  -25.523870672626998       -14.569419740169058               13
  -23.698128850550674       -12.743677918092736               14
  -23.698128850550674       -14.569419740169058               15
  -25.523870672626998       -12.743677918092736               16
  -25.523870672626998       -10.917936096016412               17
  -23.698128850550674       -9.0921942739400876               18
  -23.698128850550674       -10.917936096016412               19
  -25.523870672626998       -9.0921942739400876               20
  -25.523870672626998       -7.2664524518637670               21
  -23.698128850550674       -5.4407106297874428               22
  -23.698128850550674       -7.2664524518637670               23
  -25.523870672626998       -5.4407106297874428               24
  -25.523870672626998       -3.6149688077111186               25
  -23.698128850550674       -1.7892269856347944               26
  -23.698128850550674       -3.6149688077111186               27
  -25.523870672626998       -1.7892269856347944               28
  -25.523870672626998        3.6514836441526199E-002          29
  -23.698128850550674        1.8622566585178504               30
  -23.698128850550674        3.6514836441526199E-002          31
  -25.523870672626998        1.8622566585178504               32
  -25.523870672626998        3.6879984805941746               33
  -23.698128850550674        5.5137403026704987               34
  -23.698128850550674        3.6879984805941746               35
  -25.523870672626998        5.5137403026704987               36
  -25.523870672626998        7.3394821247468229               37
  -23.698128850550674        9.1652239468231471               38
  -23.698128850550674        7.3394821247468229               39
  -25.523870672626998        9.1652239468231471               40
  -25.523870672626998        10.990965768899464               41
  -23.698128850550674        12.816707590975788               42
  -23.698128850550674        10.990965768899464               43
  -25.523870672626998        12.816707590975788               44
  -25.523870672626998        14.642449413052113               45
  -23.698128850550674        16.468191235128437               46
  -23.698128850550674        14.642449413052113               47
  -25.523870672626998        16.468191235128437               48
  -25.523870672626998        18.293933057204761               49
  -23.698128850550674        20.119674879281085               50
  -23.698128850550674        18.293933057204761               51
  -25.523870672626998        20.119674879281085               52
  -25.523870672626998        21.945416701357409               53
  -23.698128850550674        23.771158523433733               54
  -23.698128850550674        21.945416701357409               55
  -25.523870672626998        23.771158523433733               56
  -21.872387028474350       -25.523870672626998               57
  -20.046645206398029       -23.698128850550674               58
  -20.046645206398029       -25.523870672626998               59
  -21.872387028474350       -23.698128850550674               60
  -21.872387028474350       -21.872387028474350               61
  -20.046645206398029       -20.046645206398029               62
  -20.046645206398029       -21.872387028474350               63
  -21.872387028474350       -20.046645206398029               64
  -21.872387028474350       -18.220903384321705               65
  -20.046645206398029       -16.395161562245384               66
  -20.046645206398029       -18.220903384321705               67
  -21.872387028474350       -16.395161562245384               68
  -21.872387028474350       -14.569419740169058               69
  -20.046645206398029       -12.743677918092736               70
  -20.046645206398029       -14.569419740169058               71
  -21.872387028474350       -12.743677918092736               72
  -21.872387028474350       -10.917936096016412               73
  -20.046645206398029       -9.0921942739400876               74
  -20.046645206398029       -10.917936096016412               75
  -21.872387028474350       -9.0921942739400876               76
  -21.872387028474350       -7.2664524518637670               77
  -20.046645206398029       -5.4407106297874428               78
  -20.046645206398029       -7.2664524518637670               79
  -21.872387028474350       -5.4407106297874428               80
  -21.872387028474350       -3.6149688077111186               81
  -20.046645206398029       -1.7892269856347944               82
  -20.046645206398029       -3.6149688077111186               83
  -21.872387028474350       -1.7892269856347944               84
  -21.872387028474350        3.6514836441526199E-002          85
  -20.046645206398029        1.8622566585178504               86
  -20.046645206398029        3.6514836441526199E-002          87
  -21.872387028474350        1.8622566585178504               88
  -21.872387028474350        3.6879984805941746               89
  -20.046645206398029        5.5137403026704987               90
  -20.046645206398029        3.6879984805941746               91
  -21.872387028474350        5.5137403026704987               92
  -21.872387028474350        7.3394821247468229               93
  -20.046645206398029        9.1652239468231471               94
  -20.046645206398029        7.3394821247468229               95
  -21.872387028474350        9.1652239468231471               96
  -21.872387028474350        10.990965768899464               97
  -20.046645206398029        12.816707590975788               98
  -20.046645206398029        10.990965768899464               99
  -21.872387028474350        12.816707590975788              100
  -21.872387028474350        14.642449413052113              101
  -20.046645206398029        16.468191235128437              102
  -20.046645206398029        14.642449413052113              103
  -21.872387028474350        16.468191235128437              104
  -21.872387028474350        18.293933057204761              105
  -20.046645206398029        20.119674879281085              106
  -20.046645206398029        18.293933057204761              107
  -21.872387028474350        20.119674879281085              108
  -21.872387028474350        21.945416701357409              109
  -20.046645206398029        23.771158523433733              110
  -20.046645206398029        21.945416701357409              111
  -21.872387028474350        23.771158523433733              112
  -18.220903384321705       -25.523870672626998              113
  -16.395161562245384       -23.698128850550674              114
  -16.395161562245384       -25.523870672626998              115
  -18.220903384321705       -23.698128850550674              116
  -18.220903384321705       -21.872387028474350              117
  -16.395161562245384       -20.046645206398029              118
  -16.395161562245384       -21.872387028474350              119
  -18.220903384321705       -20.046645206398029              120
  -18.220903384321705       -18.220903384321705              121
  -16.395161562245384       -16.395161562245384              122
  -16.395161562245384       -18.220903384321705              123
  -18.220903384321705       -16.395161562245384              124
  -18.220903384321705       -14.569419740169058              125
  -16.395161562245384       -12.743677918092736              126
  -16.395161562245384       -14.569419740169058              127
  -18.220903384321705       -12.743677918092736              128
  -18.220903384321705       -10.917936096016412              129
  -16.395161562245384       -9.0921942739400876              130
  -16.395161562245384       -10.917936096016412              131
  -18.220903384321705       -9.0921942739400876              132
  -18.220903384321705       -7.2664524518637670              133
  -16.395161562245384       -5.4407106297874428              134
  -16.395161562245384       -7.2664524518637670              135
  -18.220903384321705       -5.4407106297874428              136
  -18.220903384321705       -3.6149688077111186              137
  -16.395161562245384       -1.7892269856347944              138
  -16.395161562245384       -3.6149688077111186              139
  -18.220903384321705       -1.7892269856347944              140
  -18.220903384321705        3.6514836441526199E-002         141
  -16.395161562245384        1.8622566585178504              142
  -16.395161562245384        3.6514836441526199E-002         143
  -18.220903384321705        1.8622566585178504              144
  -18.220903384321705        3.6879984805941746              145
  -16.395161562245384        5.5137403026704987              146
  -16.395161562245384        3.6879984805941746              147
  -18.220903384321705        5.5137403026704987              148
  -18.220903384321705        7.3394821247468229              149
  -16.395161562245384        9.1652239468231471              150
  -16.395161562245384        7.3394821247468229              151
  -18.220903384321705        9.1652239468231471              152
  -18.220903384321705        10.990965768899464              153
  -16.395161562245384        12.816707590975788              154
  -16.395161562245384        10.990965768899464              155
  -18.220903384321705        12.816707590975788              156
  -18.220903384321705        14.642449413052113              157
  -16.395161562245384        16.468191235128437              158
  -16.395161562245384        14.642449413052113              159
  -18.220903384321705        16.468191235128437              160
  -18.220903384321705        18.293933057204761              161
  -16.395161562245384        20.119674879281085              162
  -16.395161562245384        18.293933057204761              163
  -18.220903384321705        20.119674879281085              164
  -18.220903384321705        21.945416701357409              165
  -16.395161562245384        23.771158523433733              166
  -16.395161562245384        21.945416701357409              167
  -18.220903384321705        23.771158523433733              168
  -14.569419740169058       -25.523870672626998              169
  -12.743677918092736       -23.698128850550674              170
  -12.743677918092736       -25.523870672626998              171
  -14.569419740169058       -23.698128850550674              172
  -14.569419740169058       -21.872387028474350              173
  -12.743677918092736       -20.046645206398029              174
  -12.743677918092736       -21.872387028474350              175
  -14.569419740169058       -20.046645206398029              176
  -14.569419740169058       -18.220903384321705              177
  -12.743677918092736       -16.395161562245384              178
  -12.743677918092736       -18.220903384321705              179
  -14.569419740169058       -16.395161562245384              180
  -14.569419740169058       -14.569419740169058              181
  -12.743677918092736       -12.743677918092736              182
  -12.743677918092736       -14.569419740169058              183
  -14.569419740169058       -12.743677918092736              184
  -14.569419740169058       -10.917936096016412              185
  -12.743677918092736       -9.0921942739400876              186
  -12.743677918092736       -10.917936096016412              187
  -14.569419740169058       -9.0921942739400876              188
  -14.569419740169058       -7.2664524518637670              189
  -12.743677918092736       -5.4407106297874428              190
  -12.743677918092736       -7.2664524518637670              191
  -14.569419740169058       -5.4407106297874428              192
  -14.569419740169058       -3.6149688077111186              193
  -12.743677918092736       -1.7892269856347944              194
  -12.743677918092736       -3.6149688077111186              195
  -14.569419740169058       -1.7892269856347944              196
  -14.569419740169058        3.6514836441526199E-002         197
  -12.743677918092736        1.8622566585178504              198
  -12.743677918092736        3.6514836441526199E-002         199
  -14.569419740169058        1.8622566585178504              200
  -14.569419740169058        3.6879984805941746              201
  -12.743677918092736        5.5137403026704987              202
  -12.743677918092736        3.6879984805941746              203
  -14.569419740169058        5.5137403026704987              204
  -14.569419740169058        7.3394821247468229              205
  -12.743677918092736        9.1652239468231471              206
  -12.743677918092736        7.3394821247468229              207
  -14.569419740169058        9.1652239468231471              208
  -14.569419740169058        10.990965768899464              209
  -12.743677918092736        12.816707590975788              210
  -12.743677918092736        10.990965768899464              211
  -14.569419740169058        12.816707590975788              212
  -14.569419740169058        14.642449413052113              213
  -12.743677918092736        16.468191235128437              214
  -12.743677918092736        14.642449413052113              215
  -14.569419740169058        16.468191235128437              216
  -14.569419740169058        18.293933057204761              217
  -12.743677918092736        20.119674879281085              218
  -12.743677918092736        18.293933057204761              219
  -14.569419740169058        20.119674879281085              220
  -14.569419740169058        21.945416701357409              221
  -12.743677918092736        23.771158523433733              222
  -12.743677918092736        21.945416701357409              223
  -14.569419740169058        23.771158523433733              224
  -10.917936096016412       -25.523870672626998              225
  -9.0921942739400876       -23.698128850550674              226
  -9.0921942739400876       -25.523870672626998              227
  -10.917936096016412       -23.698128850550674              228
  -10.917936096016412       -21.872387028474350              229
  -9.0921942739400876       -20.046645206398029              230
  -9.0921942739400876       -21.872387028474350              231
  -10.917936096016412       -20.046645206398029              232
  -10.917936096016412       -18.220903384321705              233
  -9.0921942739400876       -16.395161562245384              234
  -9.0921942739400876       -18.220903384321705              235
  -10.917936096016412       -16.395161562245384              236
  -10.917936096016412       -14.569419740169058              237
  -9.0921942739400876       -12.743677918092736              238
  -9.0921942739400876       -14.569419740169058              239
  -10.917936096016412       -12.743677918092736              240
  -10.917936096016412       -10.917936096016412              241
  -9.0921942739400876       -9.0921942739400876              242
  -9.0921942739400876       -10.917936096016412              243
  -10.917936096016412       -9.0921942739400876              244
  -10.917936096016412       -7.2664524518637670              245
  -9.0921942739400876       -5.4407106297874428              246
  -9.0921942739400876       -7.2664524518637670              247
  -10.917936096016412       -5.4407106297874428              248
  -10.917936096016412       -3.6149688077111186              249
  -9.0921942739400876       -1.7892269856347944              250
  -9.0921942739400876       -3.6149688077111186              251
  -10.917936096016412       -1.7892269856347944              252
  -10.917936096016412        3.6514836441526199E-002         253
  -9.0921942739400876        1.8622566585178504              254
  -9.0921942739400876        3.6514836441526199E-002         255
  -10.917936096016412        1.8622566585178504              256
  -10.917936096016412        3.6879984805941746              257
  -9.0921942739400876        5.5137403026704987              258
  -9.0921942739400876        3.6879984805941746              259
  -10.917936096016412        5.5137403026704987              260
  -10.917936096016412        7.3394821247468229              261
  -9.0921942739400876        9.1652239468231471              262
  -9.0921942739400876        7.3394821247468229              263
  -10.917936096016412        9.1652239468231471              264
  -10.917936096016412        10.990965768899464              265
  -9.0921942739400876        12.816707590975788              266
  -9.0921942739400876        10.990965768899464              267
  -10.917936096016412        12.816707590975788              268
  -10.917936096016412        14.642449413052113              269
  -9.0921942739400876        16.468191235128437              270
  -9.0921942739400876        14.642449413052113              271
  -10.917936096016412        16.468191235128437              272
  -10.917936096016412        18.293933057204761              273
  -9.0921942739400876        20.119674879281085              274
  -9.0921942739400876        18.293933057204761              275
  -10.917936096016412        20.119674879281085              276
  -10.917936096016412        21.945416701357409              277
  -9.0921942739400876        23.771158523433733              278
  -9.0921942739400876        21.945416701357409              279
  -10.917936096016412        23.771158523433733              280
  -7.2664524518637670       -25.523870672626998              281
  -5.4407106297874428       -23.698128850550674              282
  -5.4407106297874428       -25.523870672626998              283
  -7.2664524518637670       -23.698128850550674              284
  -7.2664524518637670       -21.872387028474350              285
  -5.4407106297874428       -20.046645206398029              286
  -5.4407106297874428       -21.872387028474350              287
  -7.2664524518637670       -20.046645206398029              288
  -7.2664524518637670       -18.220903384321705              289
  -5.4407106297874428       -16.395161562245384              290
  -5.4407106297874428       -18.220903384321705              291
  -7.2664524518637670       -16.395161562245384              292
  -7.2664524518637670       -14.569419740169058              293
  -5.4407106297874428       -12.743677918092736              294
  -5.4407106297874428       -14.569419740169058              295
  -7.2664524518637670       -12.743677918092736              296
  -7.2664524518637670       -10.917936096016412              297
  -5.4407106297874428       -9.0921942739400876              298
  -5.4407106297874428       -10.917936096016412              299
  -7.2664524518637670       -9.0921942739400876              300
  -7.2664524518637670       -7.2664524518637670              301
  -5.4407106297874428       -5.4407106297874428              302
  -5.4407106297874428       -7.2664524518637670              303
  -7.2664524518637670       -5.4407106297874428              304
  -7.2664524518637670       -3.6149688077111186              305
  -5.4407106297874428       -1.7892269856347944              306
  -5.4407106297874428       -3.6149688077111186              307
  -7.2664524518637670       -1.7892269856347944              308
  -7.2664524518637670        3.6514836441526199E-002         309
  -5.4407106297874428        1.8622566585178504              310
  -5.4407106297874428        3.6514836441526199E-002         311
  -7.2664524518637670        1.8622566585178504              312
  -7.2664524518637670        3.6879984805941746              313
  -5.4407106297874428        5.5137403026704987              314
  -5.4407106297874428        3.6879984805941746              315
  -7.2664524518637670        5.5137403026704987              316
  -7.2664524518637670        7.3394821247468229              317
  -5.4407106297874428        9.1652239468231471              318
  -5.4407106297874428        7.3394821247468229              319
  -7.2664524518637670        9.1652239468231471              320
  -7.2664524518637670        10.990965768899464              321
  -5.4407106297874428        12.816707590975788              322
  -5.4407106297874428        10.990965768899464              323
  -7.2664524518637670        12.816707590975788              324
  -7.2664524518637670        14.642449413052113              325
  -5.4407106297874428        16.468191235128437              326
  -5.4407106297874428        14.642449413052113              327
  -7.2664524518637670        16.468191235128437              328
  -7.2664524518637670        18.293933057204761              329
  -5.4407106297874428        20.119674879281085              330
  -5.4407106297874428        18.293933057204761              331
  -7.2664524518637670        20.119674879281085              332
  -7.2664524518637670        21.945416701357409              333
  -5.4407106297874428        23.771158523433733              334
  -5.4407106297874428        21.945416701357409              335
  -7.2664524518637670        23.771158523433733              336
  -3.6149688077111186       -25.523870672626998              337
  -1.7892269856347944       -23.698128850550674              338
  -1.7892269856347944       -25.523870672626998              339
  -3.6149688077111186       -23.698128850550674              340
  -3.6149688077111186       -21.872387028474350              341
  -1.7892269856347944       -20.046645206398029              342
  -1.7892269856347944       -21.872387028474350              343
  -3.6149688077111186       -20.046645206398029              344
  -3.6149688077111186       -18.220903384321705              345
  -1.7892269856347944       -16.395161562245384              346
  -1.7892269856347944       -18.220903384321705              347
  -3.6149688077111186       -16.395161562245384              348
  -3.6149688077111186       -14.569419740169058              349
  -1.7892269856347944       -12.743677918092736              350
  -1.7892269856347944       -14.569419740169058              351
  -3.6149688077111186       -12.743677918092736              352
  -3.6149688077111186       -10.917936096016412              353
  -1.7892269856347944       -9.0921942739400876              354
  -1.7892269856347944       -10.917936096016412              355
  -3.6149688077111186       -9.0921942739400876              356
  -3.6149688077111186       -7.2664524518637670              357
  -1.7892269856347944       -5.4407106297874428              358
  -1.7892269856347944       -7.2664524518637670              359
  -3.6149688077111186       -5.4407106297874428              360
  -3.6149688077111186       -3.6149688077111186              361
  -1.7892269856347944       -1.7892269856347944              362
  -1.7892269856347944       -3.6149688077111186              363
  -3.6149688077111186       -1.7892269856347944              364
  -3.6149688077111186        3.6514836441526199E-002         365
  -1.7892269856347944        1.8622566585178504              366
  -1.7892269856347944        3.6514836441526199E-002         367
  -3.6149688077111186        1.8622566585178504              368
  -3.6149688077111186        3.6879984805941746              369
  -1.7892269856347944        5.5137403026704987              370
  -1.7892269856347944        3.6879984805941746              371
  -3.6149688077111186        5.5137403026704987              372
  -3.6149688077111186        7.3394821247468229              373
  -1.7892269856347944        9.1652239468231471              374
  -1.7892269856347944        7.3394821247468229              375
  -3.6149688077111186        9.1652239468231471              376
  -3.6149688077111186        10.990965768899464              377
  -1.7892269856347944        12.816707590975788              378
  -1.7892269856347944        10.990965768899464              379
  -3.6149688077111186        12.816707590975788              380
  -3.6149688077111186        14.642449413052113              381
  -1.7892269856347944        16.468191235128437              382
  -1.7892269856347944        14.642449413052113              383
  -3.6149688077111186        16.468191235128437              384
  -3.6149688077111186        18.293933057204761              385
  -1.7892269856347944        20.119674879281085              386
  -1.7892269856347944        18.293933057204761              387
  -3.6149688077111186        20.119674879281085              388
  -3.6149688077111186        21.945416701357409              389
  -1.7892269856347944        23.771158523433733              390
  -1.7892269856347944        21.945416701357409              391
  -3.6149688077111186        23.771158523433733              392
   3.6514836441526199E-002  -25.523870672626998              393
   1.8622566585178504       -23.698128850550674              394
   1.8622566585178504       -25.523870672626998              395
   3.6514836441526199E-002  -23.698128850550674              396
   3.6514836441526199E-002  -21.872387028474350              397
   1.8622566585178504       -20.046645206398029              398
   1.8622566585178504       -21.872387028474350              399
   3.6514836441526199E-002  -20.046645206398029              400
   3.6514836441526199E-002  -18.220903384321705              401
   1.8622566585178504       -16.395161562245384              402
   1.8622566585178504       -18.220903384321705              403
   3.6514836441526199E-002  -16.395161562245384              404
   3.6514836441526199E-002  -14.569419740169058              405
   1.8622566585178504       -12.743677918092736              406
   1.8622566585178504       -14.569419740169058              407
   3.6514836441526199E-002  -12.743677918092736              408
   3.6514836441526199E-002  -10.917936096016412              409
   1.8622566585178504       -9.0921942739400876              410
   1.8622566585178504       -10.917936096016412              411
   3.6514836441526199E-002  -9.0921942739400876              412
   3.6514836441526199E-002  -7.2664524518637670              413
   1.8622566585178504       -5.4407106297874428              414
   1.8622566585178504       -7.2664524518637670              415
   3.6514836441526199E-002  -5.4407106297874428              416
   3.6514836441526199E-002  -3.6149688077111186              417
   1.8622566585178504       -1.7892269856347944              418
   1.8622566585178504       -3.6149688077111186              419
   3.6514836441526199E-002  -1.7892269856347944              420
   3.6514836441526199E-002   3.6514836441526199E-002         421
   1.8622566585178504        1.8622566585178504              422
   1.8622566585178504        3.6514836441526199E-002         423
   3.6514836441526199E-002   1.8622566585178504              424
   3.6514836441526199E-002   3.6879984805941746              425
   1.8622566585178504        5.5137403026704987              426
   1.8622566585178504        3.6879984805941746              427
   3.6514836441526199E-002   5.5137403026704987              428
   3.6514836441526199E-002   7.3394821247468229              429
   1.8622566585178504        9.1652239468231471              430
   1.8622566585178504        7.3394821247468229              431
   3.6514836441526199E-002   9.1652239468231471              432
   3.6514836441526199E-002   10.990965768899464              433
   1.8622566585178504        12.816707590975788              434
   1.8622566585178504        10.990965768899464              435
   3.6514836441526199E-002   12.816707590975788              436
   3.6514836441526199E-002   14.642449413052113              437
   1.8622566585178504        16.468191235128437              438
   1.8622566585178504        14.642449413052113              439
   3.6514836441526199E-002   16.468191235128437              440
   3.6514836441526199E-002   18.293933057204761              441
   1.8622566585178504        20.119674879281085              442
   1.8622566585178504        18.293933057204761              443
   3.6514836441526199E-002   20.119674879281085              444
   3.6514836441526199E-002   21.945416701357409              445
   1.8622566585178504        23.771158523433733              446
   1.8622566585178504        21.945416701357409              447
   3.6514836441526199E-002   23.771158523433733              448
   3.6879984805941746       -25.523870672626998              449
   5.5137403026704987       -23.698128850550674              450
   5.5137403026704987       -25.523870672626998              451
   3.6879984805941746       -23.698128850550674              452
   3.6879984805941746       -21.872387028474350              453
   5.5137403026704987       -20.046645206398029              454
   5.5137403026704987       -21.872387028474350              455
   3.6879984805941746       -20.046645206398029              456
   3.6879984805941746       -18.220903384321705              457
   5.5137403026704987       -16.395161562245384              458
   5.5137403026704987       -18.220903384321705              459
   3.6879984805941746       -16.395161562245384              460
   3.6879984805941746       -14.569419740169058              461
   5.5137403026704987       -12.743677918092736              462
   5.5137403026704987       -14.569419740169058              463
   3.6879984805941746       -12.743677918092736              464
   3.6879984805941746       -10.917936096016412              465
   5.5137403026704987       -9.0921942739400876              466
   5.5137403026704987       -10.917936096016412              467
   3.6879984805941746       -9.0921942739400876              468
   3.6879984805941746       -7.2664524518637670              469
   5.5137403026704987       -5.4407106297874428              470
   5.5137403026704987       -7.2664524518637670              471
   3.6879984805941746       -5.4407106297874428              472
   3.6879984805941746       -3.6149688077111186              473
   5.5137403026704987       -1.7892269856347944              474
   5.5137403026704987       -3.6149688077111186              475
   3.6879984805941746       -1.7892269856347944              476
   3.6879984805941746        3.6514836441526199E-002         477
   5.5137403026704987        1.8622566585178504              478
   5.5137403026704987        3.6514836441526199E-002         479
   3.6879984805941746        1.8622566585178504              480
   3.6879984805941746        3.6879984805941746              481
   5.5137403026704987        5.5137403026704987              482
   5.5137403026704987        3.6879984805941746              483
   3.6879984805941746        5.5137403026704987              484
   3.6879984805941746        7.3394821247468229              485
   5.5137403026704987        9.1652239468231471              486
   5.5137403026704987        7.3394821247468229              487
   3.6879984805941746        9.1652239468231471              488
   3.6879984805941746        10.990965768899464              489
   5.5137403026704987        12.816707590975788              490
   5.5137403026704987        10.990965768899464              491
   3.6879984805941746        12.816707590975788              492
   3.6879984805941746        14.642449413052113              493
   5.5137403026704987        16.468191235128437              494
   5.5137403026704987        14.642449413052113              495
   3.6879984805941746        16.468191235128437              496
   3.6879984805941746        18.293933057204761              497
   5.5137403026704987        20.119674879281085              498
   5.5137403026704987        18.293933057204761              499
   3.6879984805941746        20.119674879281085              500
   3.6879984805941746        21.945416701357409              501
   5.5137403026704987        23.771158523433733              502
   5.5137403026704987        21.945416701357409              503
   3.6879984805941746        23.771158523433733              504
   7.3394821247468229       -25.523870672626998              505
   9.1652239468231471       -23.698128850550674              506
   9.1652239468231471       -25.523870672626998              507
   7.3394821247468229       -23.698128850550674              508
   7.3394821247468229       -21.872387028474350              509
   9.1652239468231471       -20.046645206398029              510
   9.1652239468231471       -21.872387028474350              511
   7.3394821247468229       -20.046645206398029              512
   7.3394821247468229       -18.220903384321705              513
   9.1652239468231471       -16.395161562245384              514
   9.1652239468231471       -18.220903384321705              515
   7.3394821247468229       -16.395161562245384              516
   7.3394821247468229       -14.569419740169058              517
   9.1652239468231471       -12.743677918092736              518
   9.1652239468231471       -14.569419740169058              519
   7.3394821247468229       -12.743677918092736              520
   7.3394821247468229       -10.917936096016412              521
   9.1652239468231471       -9.0921942739400876              522
   9.1652239468231471       -10.917936096016412              523
   7.3394821247468229       -9.0921942739400876              524
   7.3394821247468229       -7.2664524518637670              525
   9.1652239468231471       -5.4407106297874428              526
   9.1652239468231471       -7.2664524518637670              527
   7.3394821247468229       -5.4407106297874428              528
   7.3394821247468229       -3.6149688077111186              529
   9.1652239468231471       -1.7892269856347944              530
   9.1652239468231471       -3.6149688077111186              531
   7.3394821247468229       -1.7892269856347944              532
   7.3394821247468229        3.6514836441526199E-002         533
   9.1652239468231471        1.8622566585178504              534
   9.1652239468231471        3.6514836441526199E-002         535
   7.3394821247468229        1.8622566585178504              536
   7.3394821247468229        3.6879984805941746              537
   9.1652239468231471        5.5137403026704987              538
   9.1652239468231471        3.6879984805941746              539
   7.3394821247468229        5.5137403026704987              540
   7.3394821247468229        7.3394821247468229              541
   9.1652239468231471        9.1652239468231471              542
   9.1652239468231471        7.3394821247468229              543
   7.3394821247468229        9.1652239468231471              544
   7.3394821247468229        10.990965768899464              545
   9.1652239468231471        12.816707590975788              546
   9.1652239468231471        10.990965768899464              547
   7.3394821247468229        12.816707590975788              548
   7.3394821247468229        14.642449413052113              549
   9.1652239468231471        16.468191235128437              550
   9.1652239468231471        14.642449413052113              551
   7.3394821247468229        16.468191235128437              552
   7.3394821247468229        18.293933057204761              553
   9.1652239468231471        20.119674879281085              554
   9.1652239468231471        18.293933057204761              555
   7.3394821247468229        20.119674879281085              556
   7.3394821247468229        21.945416701357409              557
   9.1652239468231471        23.771158523433733              558
   9.1652239468231471        21.945416701357409              559
   7.3394821247468229        23.771158523433733              560
   10.990965768899464       -25.523870672626998              561
   12.816707590975788       -23.698128850550674              562
   12.816707590975788       -25.523870672626998              563
   10.990965768899464       -23.698128850550674              564
   10.990965768899464       -21.872387028474350              565
   12.816707590975788       -20.046645206398029              566
   12.816707590975788       -21.872387028474350              567
   10.990965768899464       -20.046645206398029              568
   10.990965768899464       -18.220903384321705              569
   12.816707590975788       -16.395161562245384              570
   12.816707590975788       -18.220903384321705              571
   10.990965768899464       -16.395161562245384              572
   10.990965768899464       -14.569419740169058              573
   12.816707590975788       -12.743677918092736              574
   12.816707590975788       -14.569419740169058              575
   10.990965768899464       -12.743677918092736              576
   10.990965768899464       -10.917936096016412              577
   12.816707590975788       -9.0921942739400876              578
   12.816707590975788       -10.917936096016412              579
   10.990965768899464       -9.0921942739400876              580
   10.990965768899464       -7.2664524518637670              581
   12.816707590975788       -5.4407106297874428              582
   12.816707590975788       -7.2664524518637670              583
   10.990965768899464       -5.4407106297874428              584
   10.990965768899464       -3.6149688077111186              585
   12.816707590975788       -1.7892269856347944              586
   12.816707590975788       -3.6149688077111186              587
   10.990965768899464       -1.7892269856347944              588
   10.990965768899464        3.6514836441526199E-002         589
   12.816707590975788        1.8622566585178504              590
   12.816707590975788        3.6514836441526199E-002         591
   10.990965768899464        1.8622566585178504              592
   10.990965768899464        3.6879984805941746              593
   12.816707590975788        5.5137403026704987              594
   12.816707590975788        3.6879984805941746              595
   10.990965768899464        5.5137403026704987              596
   10.990965768899464        7.3394821247468229              597
   12.816707590975788        9.1652239468231471              598
   12.816707590975788        7.3394821247468229              599
   10.990965768899464        9.1652239468231471              600
   10.990965768899464        10.990965768899464              601
   12.816707590975788        12.816707590975788              602
   12.816707590975788        10.990965768899464              603
   10.990965768899464        12.816707590975788              604
   10.990965768899464        14.642449413052113              605
   12.816707590975788        16.468191235128437              606
   12.816707590975788        14.642449413052113              607
   10.990965768899464        16.468191235128437              608
   10.990965768899464        18.293933057204761              609
   12.816707590975788        20.119674879281085              610
   12.816707590975788        18.293933057204761              611
   10.990965768899464        20.119674879281085              612
   10.990965768899464        21.945416701357409              613
   12.816707590975788        23.771158523433733              614
   12.816707590975788        21.945416701357409              615
   10.990965768899464        23.771158523433733              616
   14.642449413052113       -25.523870672626998              617
   16.468191235128437       -23.698128850550674              618
   16.468191235128437       -25.523870672626998              619
   14.642449413052113       -23.698128850550674              620
   14.642449413052113       -21.872387028474350              621
   16.468191235128437       -20.046645206398029              622
   16.468191235128437       -21.872387028474350              623
   14.642449413052113       -20.046645206398029              624
   14.642449413052113       -18.220903384321705              625
   16.468191235128437       -16.395161562245384              626
   16.468191235128437       -18.220903384321705              627
   14.642449413052113       -16.395161562245384              628
   14.642449413052113       -14.569419740169058              629
   16.468191235128437       -12.743677918092736              630
   16.468191235128437       -14.569419740169058              631
   14.642449413052113       -12.743677918092736              632
   14.642449413052113       -10.917936096016412              633
   16.468191235128437       -9.0921942739400876              634
   16.468191235128437       -10.917936096016412              635
   14.642449413052113       -9.0921942739400876              636
   14.642449413052113       -7.2664524518637670              637
   16.468191235128437       -5.4407106297874428              638
   16.468191235128437       -7.2664524518637670              639
   14.642449413052113       -5.4407106297874428              640
   14.642449413052113       -3.6149688077111186              641
   16.468191235128437       -1.7892269856347944              642
   16.468191235128437       -3.6149688077111186              643
   14.642449413052113       -1.7892269856347944              644
   14.642449413052113        3.6514836441526199E-002         645
   16.468191235128437        1.8622566585178504              646
   16.468191235128437        3.6514836441526199E-002         647
   14.642449413052113        1.8622566585178504              648
   14.642449413052113        3.6879984805941746              649
   16.468191235128437        5.5137403026704987              650
   16.468191235128437        3.6879984805941746              651
   14.642449413052113        5.5137403026704987              652
   14.642449413052113        7.3394821247468229              653
   16.468191235128437        9.1652239468231471              654
   16.468191235128437        7.3394821247468229              655
   14.642449413052113        9.1652239468231471              656
   14.642449413052113        10.990965768899464              657
   16.468191235128437        12.816707590975788              658
   16.468191235128437        10.990965768899464              659
   14.642449413052113        12.816707590975788              660
   14.642449413052113        14.642449413052113              661
   16.468191235128437        16.468191235128437              662
   16.468191235128437        14.642449413052113              663
   14.642449413052113        16.468191235128437              664
   14.642449413052113        18.293933057204761              665
   16.468191235128437        20.119674879281085              666
   16.468191235128437        18.293933057204761              667
   14.642449413052113        20.119674879281085              668
   14.642449413052113        21.945416701357409              669
   16.468191235128437        23.771158523433733              670
   16.468191235128437        21.945416701357409              671
   14.642449413052113        23.771158523433733              672
   18.293933057204761       -25.523870672626998              673
   20.119674879281085       -23.698128850550674              674
   20.119674879281085       -25.523870672626998              675
   18.293933057204761       -23.698128850550674              676
   18.293933057204761       -21.872387028474350              677
   20.119674879281085       -20.046645206398029              678
   20.119674879281085       -21.872387028474350              679
   18.293933057204761       -20.046645206398029              680
   18.293933057204761       -18.220903384321705              681
   20.119674879281085       -16.395161562245384              682
   20.119674879281085       -18.220903384321705              683
   18.293933057204761       -16.395161562245384              684
   18.293933057204761       -14.569419740169058              685
   20.119674879281085       -12.743677918092736              686
   20.119674879281085       -14.569419740169058              687
   18.293933057204761       -12.743677918092736              688
   18.293933057204761       -10.917936096016412              689
   20.119674879281085       -9.0921942739400876              690
   20.119674879281085       -10.917936096016412              691
   18.293933057204761       -9.0921942739400876              692
   18.293933057204761       -7.2664524518637670              693
   20.119674879281085       -5.4407106297874428              694
   20.119674879281085       -7.2664524518637670              695
   18.293933057204761       -5.4407106297874428              696
   18.293933057204761       -3.6149688077111186              697
   20.119674879281085       -1.7892269856347944              698
   20.119674879281085       -3.6149688077111186              699
   18.293933057204761       -1.7892269856347944              700
   18.293933057204761        3.6514836441526199E-002         701
   20.119674879281085        1.8622566585178504              702
   20.119674879281085        3.6514836441526199E-002         703
   18.293933057204761        1.8622566585178504              704
   18.293933057204761        3.6879984805941746              705
   20.119674879281085        5.5137403026704987              706
   20.119674879281085        3.6879984805941746              707
   18.293933057204761        5.5137403026704987              708
   18.293933057204761        7.3394821247468229              709
   20.119674879281085        9.1652239468231471              710
   20.119674879281085        7.3394821247468229              711
   18.293933057204761        9.1652239468231471              712
   18.293933057204761        10.990965768899464              713
   20.119674879281085        12.816707590975788              714
   20.119674879281085        10.990965768899464              715
   18.293933057204761        12.816707590975788              716
   18.293933057204761        14.642449413052113              717
   20.119674879281085        16.468191235128437              718
   20.119674879281085        14.642449413052113              719
   18.293933057204761        16.468191235128437              720
   18.293933057204761        18.293933057204761              721
   20.119674879281085        20.119674879281085              722
   20.119674879281085        18.293933057204761              723
   18.293933057204761        20.119674879281085              724
   18.293933057204761        21.945416701357409              725
   20.119674879281085        23.771158523433733              726
   20.119674879281085        21.945416701357409              727
   18.293933057204761        23.771158523433733              728
   21.945416701357409       -25.523870672626998              729
   23.771158523433733       -23.698128850550674              730
   23.771158523433733       -25.523870672626998              731
   21.945416701357409       -23.698128850550674              732
   21.945416701357409       -21.872387028474350              733
   23.771158523433733       -20.046645206398029              734
   23.771158523433733       -21.872387028474350              735
   21.945416701357409       -20.046645206398029              736
   21.945416701357409       -18.220903384321705              737
   23.771158523433733       -16.395161562245384              738
   23.771158523433733       -18.220903384321705              739
   21.945416701357409       -16.395161562245384              740
   21.945416701357409       -14.569419740169058              741
   23.771158523433733       -12.743677918092736              742
   23.771158523433733       -14.569419740169058              743
   21.945416701357409       -12.743677918092736              744
   21.945416701357409       -10.917936096016412              745
   23.771158523433733       -9.0921942739400876              746
   23.771158523433733       -10.917936096016412              747
   21.945416701357409       -9.0921942739400876              748
   21.945416701357409       -7.2664524518637670              749
   23.771158523433733       -5.4407106297874428              750
   23.771158523433733       -7.2664524518637670              751
   21.945416701357409       -5.4407106297874428              752
   21.945416701357409       -3.6149688077111186              753
   23.771158523433733       -1.7892269856347944              754
   23.771158523433733       -3.6149688077111186              755
   21.945416701357409       -1.7892269856347944              756
