                  200  0.89710490819471544       -8.5067225192857795E-004   5.1115838860818297     
                  400  0.92040000996107441       -8.9655935574956826E-004   13.858118001044193     
                  600  0.91924168059549871       -8.9500993512810505E-004   20.823688788170987     
                  800  0.94963954219989388       -9.5344624032478952E-004   29.750217551691705     
                 1000  0.94033424359970430       -9.3657706357644984E-004   35.593902397176656     
                 1200  0.94909656599957448       -9.5364548783118011E-004   45.497197486964964     
                 1400  0.94502116612015785       -9.4467194820586800E-004   52.304475878058298     
                 1600  0.95039823353884323       -9.5577994964409082E-004   59.319660531332950     
                 1800  0.94617360107567428       -9.4802205767437089E-004   69.497632365102362     
                 2000  0.95391290511350302       -9.6284053250774977E-004   79.114821663126477     
                 2200  0.93522777445260874       -9.2498779852782118E-004   87.431273445284035     
                 2400  0.95003454298477941       -9.5530489526445678E-004   94.782712924601284     
                 2600  0.94415240350171958       -9.4372330538952437E-004   103.00969598343252     
                 2800  0.91788775751194440       -8.9346932262113709E-004   111.27961715312678     
                 3000  0.95259240296422465       -9.6020155731010414E-004   120.72987671435597     
                 3200  0.95999971181444144       -9.7591752350454850E-004   131.02341053660263     
                 3400  0.93842425276124797       -9.3214037199310605E-004   137.94090554602047     
                 3600  0.91305836363506643       -8.8288983231178989E-004   146.60943727421625     
                 3800  0.94580308533637092       -9.4617007127193343E-004   155.54289877636504     
                 4000  0.95889236397924249       -9.7229012531078616E-004   164.22175002224103     
                 4200  0.94169156301278811       -9.3687153411166411E-004   173.60623855571782     
                 4400  0.93700226694732047       -9.2893681264178481E-004   181.03800651946744     
                 4600  0.93304298013572429       -9.2142675081197892E-004   189.77873612817197     
                 4800  0.92930330895222146       -9.1546658854814781E-004   198.27697914522696     
                 5000  0.93711949044033105       -9.2914714318664533E-004   205.43635388781556     
                 5200  0.93199249845996190       -9.2001631518235597E-004   215.03386205174417     
                 5400  0.95012922212043827       -9.5497615266762969E-004   224.48958855959430     
                 5600  0.96005239386701802       -9.7436681563980239E-004   232.85388818910741     
                 5800  0.96217679731408634       -9.7899843361996699E-004   242.81843700941337     
                 6000  0.94028519811222755       -9.3595224036169993E-004   253.98862799321472     
                 6200  0.93799540826219041       -9.3173586472461239E-004   261.53251863030340     
                 6400  0.95272877519702970       -9.6131913967997210E-004   268.89875064882466     
                 6600  0.93593849426113862       -9.2895090170608545E-004   277.87596577309023     
                 6800  0.94552821183419555       -9.4652299906936607E-004   286.22048906115702     
                 7000  0.91554518595522505       -8.8889315465317121E-004   295.61860587155064     
                 7200  0.95177026961561062       -9.5859467446401253E-004   304.70448898737038     
                 7400  0.94627924764423044       -9.4920975659287994E-004   311.77037044933928     
                 7600  0.94172158194830680       -9.3938744362777619E-004   321.92351500240937     
                 7800  0.93707581177638843       -9.3091423224942826E-004   330.04248736299832     
                 8000  0.94219111229967767       -9.4028858438831666E-004   339.00310222766763     
                 8200  0.93973124937845209       -9.3563184756449670E-004   348.99653072905653     
                 8400  0.94469520164858756       -9.4686068850298249E-004   357.42959108608721     
                 8600  0.95599188355909936       -9.6629903578490477E-004   366.56513754520671     
                 8800  0.95033729605763617       -9.5642799258079786E-004   375.68531154182426     
                 9000  0.95909365802011493       -9.7298477752881182E-004   383.11436782901859     
                 9200  0.93821780262185717       -9.3118514128480629E-004   393.56187822222108     
                 9400  0.96874332168559441       -9.9085824163437967E-004   403.81731148541240     
                 9600  0.92793963554058456       -9.1127371996685272E-004   414.51956082758466     
                 9800  0.93660880930282409       -9.2725101326015212E-004   421.04676325127519     
                10000  0.94691444867901275       -9.4818418327423078E-004   432.78132446160276     
                10200  0.95117017143228666       -9.5632865120563910E-004   442.18274794485518     
                10400  0.93761592693043494       -9.3042505266831873E-004   449.55422598386735     
                10600  0.94235216461188342       -9.3923085777243543E-004   460.01744130459537     
                10800  0.95481508657795444       -9.6491469627593782E-004   468.19065934572166     
                11000  0.93431016058082883       -9.2432048816432967E-004   475.32015087505908     
                11200  0.95581468881780829       -9.6626389357878386E-004   485.36139255576222     
                11400  0.92648796263262401       -9.1029005395958454E-004   494.16037773723423     
                11600  0.93756204048353009       -9.3083907804342061E-004   503.45749826807867     
                11800  0.95649770271195123       -9.6680898611464002E-004   512.49918771199839     
                12000  0.94146900435349234       -9.3809131231613341E-004   522.16288377131923     
                12200  0.93419245786318228       -9.2393898924070857E-004   528.33207518397762     
                12400  0.94858559730684322       -9.5143881095046800E-004   535.78653561080250     
                12600  0.93488316465744059       -9.2567474757801905E-004   542.67897260289499     
                12800  0.92836868956431517       -9.1302900117349749E-004   551.60846591237578     
                13000  0.95518222983260725       -9.6552587188610700E-004   560.64895169611555     
                13200  0.95791755590910221       -9.7122863042127191E-004   571.58770751983161     
                13400  0.93459543288368419       -9.2443464741619262E-004   579.73090287771595     
                13600  0.94278384929862002       -9.4050074275074875E-004   589.64968995803076     
                13800  0.94010463910249864       -9.3553529034607870E-004   595.91349839148711     
                14000  0.95797391188521219       -9.7062905616047480E-004   607.10459881185238     
                14200  0.94556636744599842       -9.4624915297750656E-004   615.09795336489242     
                14400  0.92452570152522151       -9.0553102820799833E-004   623.79565407013092     
                14600  0.93391899436789561       -9.2428606536268322E-004   633.96245882357152     
                14800  0.93505890788413903       -9.2484011750992889E-004   641.14106054974241     
                15000  0.90835957978241766       -8.7465985956326276E-004   652.78885400661034     
                15200  0.94124237076342410       -9.3545417554536270E-004   660.64814426974920     
                15400  0.94613125365631479       -9.4756450460850268E-004   667.75351531813806     
                15600  0.93956848172892560       -9.3425207795557678E-004   675.38935257569074     
                15800  0.90633561698689835       -8.6936888600389051E-004   685.69212142252638     
                16000  0.94428460695305627       -9.4442464148308326E-004   692.30909252731146     
                16200  0.92521496385865121       -9.0716690159162519E-004   701.11873959115655     
                16400  0.93801056109370506       -9.3192377966829355E-004   711.10149823983829     
                16600  0.94879133976708596       -9.5312652265169893E-004   719.52751446851005     
                16800  0.92249557305532437       -8.9933497987810846E-004   726.94622171785124     
                17000  0.92818180664379646       -9.1292706290276070E-004   735.15599778822173     
                17200  0.92401485305412068       -9.0445492153491311E-004   744.46307375138929     
                17400  0.92353021613851749       -9.0518882749738509E-004   752.71557848547229     
                17600  0.92473628929050367       -9.0648705882556907E-004   761.02207348539753     
                17800  0.93159101932240007       -9.2043672376689967E-004   770.37546434382114     
                18000  0.95903863253133159       -9.7265973170967133E-004   781.96930104957653     
                18200  0.94153118176225237       -9.3875169904734219E-004   791.68582983541000     
                18400  0.93475659764577934       -9.2517460124451854E-004   797.79534315949320     
                18600  0.92351877818623218       -9.0320398702621715E-004   806.64777173181119     
                18800  0.96063023651199098       -9.7578511012867523E-004   815.58835181413599     
                19000  0.94596670584481868       -9.4705166346512265E-004   825.04310020525918     
                19200  0.94598881304140880       -9.4887619945721461E-004   837.94227972052147     
                19400  0.93317059069387143       -9.2283469508304915E-004   847.00096079289710     
                19600  0.92242111749863676       -9.0004171391868174E-004   857.29266312433560     
                19800  0.91158225126505388       -8.8171088491630545E-004   866.84302539862040     
                20000  0.94257966143188221       -9.4062827144634781E-004   875.60943498764061     
                20200  0.93723712400705983       -9.2916990316301690E-004   885.44302428578180     
                20400  0.93072450473518353       -9.1835561565460210E-004   892.46588356498023     
                20600  0.91270805760991613       -8.8242725758911830E-004   901.40124550197129     
                20800  0.93447567620968375       -9.2458440327270971E-004   910.04964421656143     
                21000  0.94947618558807823       -9.5411983569250371E-004   920.67365964201770     
                21200  0.94443806802553620       -9.4412580744904857E-004   927.92649544603978     
                21400  0.94022558591973360       -9.3649277559152008E-004   938.24581951999312     
                21600  0.94368784932697325       -9.4246286450551690E-004   946.53221831825192     
                21800  0.92986022316269568       -9.1674672257750344E-004   956.14412250687121     
                22000  0.92129996141934811       -8.9956488265680642E-004   960.43818139786310     
                22200  0.94050248241107115       -9.3604913108166787E-004   967.23101935864702     
                22400  0.93073210627846525       -9.1870791763780932E-004   976.84284237360555     
                22600  0.92803203614983165       -9.1153404169831622E-004   985.30269443632437     
                22800  0.95308757079093009       -9.6188902921680243E-004   994.87500625639359     
                23000  0.95900664980102623       -9.7240242558716125E-004   1001.2733012271319     
                23200  0.94731186944293455       -9.4998245121745819E-004   1010.4431455701938     
                23400  0.93105442721281095       -9.1877409273591110E-004   1017.3052369316763     
                23600  0.92309882592064063       -9.0336096396198692E-004   1027.1558258817174     
                23800  0.93330312971421259       -9.2524291620809382E-004   1038.3658603879276     
                24000  0.94339939529763861       -9.4137995810248190E-004   1047.6508255321664     
                24200  0.94507592131656415       -9.4548308837460137E-004   1055.4456426674856     
                24400  0.93273493635197224       -9.2132801299304003E-004   1064.7855903982831     
                24600  0.94774681755673107       -9.5109161415013823E-004   1075.0207166668190     
                24800  0.92826847412690972       -9.1150420784570575E-004   1083.9657047703663     
                25000  0.91702839894284593       -8.9071202810275731E-004   1094.0235809034004     
                25200  0.92226509683950975       -9.0187701659879009E-004   1101.7809449854524     
                25400  0.91805940052435764       -8.9257764512167925E-004   1108.8123887834672     
                25600  0.92990443897596087       -9.1622917598610488E-004   1118.2296741555338     
                25800  0.93897320721402255       -9.3376611660167042E-004   1128.1543076936921     
                26000  0.93204532737927415       -9.1952722725465569E-004   1137.1290607773194     
                26200  0.94665561499976247       -9.4954531113337827E-004   1146.2537376893206     
                26400  0.94937374325650703       -9.5455627926010697E-004   1157.0628916331782     
                26600  0.95763519828973376       -9.6917501416070035E-004   1165.7611651286143     
                26800  0.93472431520513233       -9.2473316875566803E-004   1174.8954864322357     
                27000  0.93311775040201128       -9.2115559468309725E-004   1184.2667432380886     
                27200  0.91726453031731703       -8.9159227096538834E-004   1193.2726404306768     
                27400  0.93509164775790476       -9.2539918451390246E-004   1202.0236279907638     
                27600  0.92677668414145686       -9.0951025046201927E-004   1210.4888132730910     
                27800  0.95725541443439910       -9.6942102217618010E-004   1219.1076946579858     
                28000  0.93650114217444902       -9.2792320933277809E-004   1226.8108166512022     
                28200  0.93957830455291569       -9.3459795257009183E-004   1235.5039800451259     
                28400  0.92266157385163672       -9.0130264806340436E-004   1245.6574586076508     
                28600  0.95307503156694429       -9.5961627041292030E-004   1254.9236535675495     
                28800  0.93343681747538221       -9.2292375587113356E-004   1264.6221560621038     
                29000  0.90849105979261213       -8.7443844582893730E-004   1274.8992889008960     
                29200  0.93634294312778832       -9.2838150839348913E-004   1283.4073262837014     
                29400  0.92894310468906605       -9.1393875860177915E-004   1290.6528389420098     
                29600  0.96109346468680190       -9.7757223899264177E-004   1299.1832431144496     
                29800  0.95786202260996378       -9.6994881278631047E-004   1309.9172233453701     
                30000  0.95864155811734153       -9.7251016141911147E-004   1318.2537819181371     
                30200  0.94660841210073621       -9.4709478511009022E-004   1327.2811942768221     
                30400  0.94214065369227029       -9.3889736649116051E-004   1336.6398223073234     
                30600  0.94984643877417541       -9.5491027448815443E-004   1345.9340890952585     
                30800  0.96136932581519119       -9.7776485862839961E-004   1355.9576553312281     
                31000  0.94331095679753207       -9.4309346110571502E-004   1366.7782190143876     
                31200  0.93514583161159803       -9.2678521437469493E-004   1376.8778265999938     
                31400  0.93919681969540247       -9.3423917608213033E-004   1386.6710382986903     
                31600  0.94600116157904346       -9.4701222808828763E-004   1397.2673315177983     
                31800  0.93589638528205221       -9.2625024283196633E-004   1406.8809463796051     
                32000  0.93661809807911867       -9.3041284948360014E-004   1413.4173289936009     
                32200  0.93188845328186087       -9.2016268691568317E-004   1423.3467972514486     
                32400  0.92677275270069615       -9.0944719377324958E-004   1433.8360692249730     
                32600  0.94278560216663554       -9.4094166644238830E-004   1440.3105561717109     
                32800  0.94335706595370949       -9.4298926735894844E-004   1450.8987693464694     
                33000  0.94987642690508212       -9.5432059987106323E-004   1459.3705734811913     
                33200  0.92669214164301872       -9.1022672370715354E-004   1466.7698017782511     
                33400  0.94525907188965641       -9.4732034862514316E-004   1475.8964896892794     
                33600  0.92646083185604067       -9.0886072655807872E-004   1486.3242334265160     
                33800  0.91464659823742600       -8.8704973327284956E-004   1495.4253173269879     
                34000  0.92419107772671516       -9.0567990272190195E-004   1503.2377746509646     
                34200  0.93961405796536235       -9.3522277806821477E-004   1511.1446655686889     
                34400  0.95790222122467372       -9.6982164958508857E-004   1520.6172161744814     
                34600  0.96230170004587634       -9.7851179873820670E-004   1529.3334656577081     
                34800  0.94425199642015722       -9.4501152944704583E-004   1538.5876817845881     
                35000  0.92292604293698555       -9.0242630793226000E-004   1548.7626751354683     
                35200  0.93973046275510952       -9.3587326957267683E-004   1556.5107142355528     
                35400  0.89604032744941209       -8.4974712908084549E-004   1565.3336960697593     
                35600  0.93816091470928276       -9.3092829155919218E-004   1574.4885552535993     
                35800  0.91926107766185206       -8.9495677933226368E-004   1581.9435329180139     
                36000  0.93823051688613668       -9.3208885587187963E-004   1591.3518005843177     
                36200  0.94056748830490189       -9.3653394417882771E-004   1600.8559671067708     
                36400  0.94326188839667779       -9.4095344024113393E-004   1610.0751718068707     
                36600  0.95633833446388306       -9.6758635665516969E-004   1620.3611606486727     
                36800  0.95135143932123656       -9.5724603659241912E-004   1627.7901716532890     
                37000  0.93380451383358321       -9.2351461684173888E-004   1638.5163724472541     
                37200  0.91627219648307257       -8.9081817836809225E-004   1648.2118751029020     
                37400  0.94591908368489419       -9.4731172669557714E-004   1657.4356172436690     
                37600  0.94397771750292636       -9.4459266379658135E-004   1666.5008645842940     
                37800  0.94853620720806031       -9.5289984179079744E-004   1674.9054253240959     
                38000  0.92891910242456543       -9.1435849155505880E-004   1684.2596031410699     
                38200  0.92255777583892906       -9.0218620882133926E-004   1693.5520335867996     
                38400  0.93029497636515179       -9.1728658279606912E-004   1702.4003098362696     
                38600  0.92171104135993276       -8.9940413233823436E-004   1711.8507516072004     
                38800  0.96693210661165185       -9.8758107697042435E-004   1720.9330203699194     
                39000  0.95409653057270283       -9.6298594492150744E-004   1730.8371358466102     
                39200  0.93478485601119921       -9.2556352501793886E-004   1738.3990416074248     
                39400  0.93582809169690317       -9.2859660412079751E-004   1747.6604748850250     
                39600  0.93868550403415874       -9.3485952213527199E-004   1756.8485423855793     
                39800  0.93384083247894745       -9.2410824123309847E-004   1766.1406191854198     
                40000  0.93789891201967712       -9.3119699981506680E-004   1773.3181970582054     
                40200  0.93263640849176310       -9.2134701326508823E-004   1782.6562817441325     
                40400  0.94828127028492015       -9.5175489045323293E-004   1793.1803806483288     
                40600  0.95782108915058251       -9.7069739673310760E-004   1802.9188081061884     
                40800  0.96220381110042386       -9.7771871458962730E-004   1812.2341899708670     
                41000  0.94682829439233585       -9.5031223750669945E-004   1819.6176875535921     
                41200  0.94143324978324727       -9.3783055550629316E-004   1827.9827250588291     
                41400  0.94350906703256510       -9.4257369840966305E-004   1836.3649140890241     
                41600  0.92921970263898279       -9.1379554076305425E-004   1843.1969749987586     
                41800  0.93531221848495705       -9.2711583607267719E-004   1853.5902962278797     
                42000  0.92904505963565387       -9.1488905555998684E-004   1863.2306596584267     
                42200  0.91819997085282257       -8.9288867575937488E-004   1871.4950572665546     
                42400  0.92390861301509564       -9.0453852670470218E-004   1879.8319483876551     
                42600  0.91722871580762289       -8.9183698505191451E-004   1890.9188838022872     
                42800  0.91885396326436519       -8.9474302185075334E-004   1899.7518371096212     
                43000  0.93713105326466095       -9.3107996052704280E-004   1909.8881149100573     
                43200  0.93963701864402183       -9.3483543127944886E-004   1918.8269762400473     
                43400  0.94213763005613316       -9.3867216139329455E-004   1926.6834772994057     
                43600  0.93862694882133957       -9.3339132657272968E-004   1935.7423988320113     
                43800  0.95616750355608027       -9.6834129127457635E-004   1944.5298562871494     
                44000  0.94855329542736466       -9.5124486173079443E-004   1953.9540328134854     
                44200  0.95089813462660944       -9.5621945981085726E-004   1963.8362627063943     
                44400  0.94328820008099334       -9.4171603225829857E-004   1971.4467630001348     
                44600  0.94089888771234942       -9.3775889729679808E-004   1978.0063644919226     
                44800  0.93856851987500201       -9.3348507529272037E-004   1988.9222593573004     
                45000  0.94245168993177864       -9.4003676742560429E-004   1998.2430727410228     
                45200  0.93990430918458090       -9.3521219488613906E-004   2007.7541781647878     
                45400  0.94112920374205233       -9.3757649096915809E-004   2015.5713866915796     
                45600  0.95997090808864305       -9.7422715785045291E-004   2024.2220310212736     
                45800  0.94699463699065189       -9.4807263652380805E-004   2033.6865853046131     
                46000  0.94856937948789077       -9.5306089053115483E-004   2044.2815749497404     
                46200  0.94511045382037762       -9.4497037455498105E-004   2054.8913645188986     
                46400  0.92404409727837533       -9.0310576090095744E-004   2061.5803174741668     
                46600  0.96084750845296074       -9.7646321415023325E-004   2069.1626261964266     
                46800  0.93340541673965016       -9.2200376076574545E-004   2077.7684000317940     
                47000  0.93461949668717914       -9.2562166075132058E-004   2085.3123512507755     
                47200  0.93019779392218238       -9.1546145574886617E-004   2092.0797342946853     
                47400  0.94184494651911699       -9.3872941901019852E-004   2101.2581158941457     
                47600  0.91471288010711049       -8.8510265784869720E-004   2111.0152938470446     
                47800  0.94555394925048963       -9.4643824139982794E-004   2119.9332545078796     
                48000  0.95479163471413586       -9.6418943979590245E-004   2129.7641538969815     
                48200  0.95346187983846031       -9.6132266596410875E-004   2138.3799810945038     
                48400  0.93637727395749493       -9.2681649354412897E-004   2145.6328805174448     
                48600  0.95147314019354889       -9.5763254466798707E-004   2153.0845743803620     
                48800  0.95452005243489013       -9.6361693581015337E-004   2160.3239242175464     
                49000  0.93654601199233822       -9.2860598326392513E-004   2169.7236569002275     
                49200  0.93291133967406437       -9.2042920058767099E-004   2177.0559242341619     
                49400  0.93064835130859869       -9.1839586556609842E-004   2187.9597022535536     
                49600  0.94389889339609379       -9.4322241091911575E-004   2193.9415964960394     
                49800  0.93907263905257032       -9.3323777692879101E-004   2204.1534625921231     
                50000  0.93928807998574371       -9.3431800219928563E-004   2212.7871022547033     
                50200  0.92768025828240186       -9.1281183502079635E-004   2219.7696164235299     
                50400  0.95037613847392366       -9.5678855972619332E-004   2227.9131274267265     
                50600  0.94141540463084805       -9.3747244207580507E-004   2234.9020275506500     
                50800  0.95316818234459766       -9.6120434930425718E-004   2242.9531540613280     
                51000  0.93725039470701377       -9.3055844010374886E-004   2253.1213970860899     
                51200  0.95744172625132129       -9.6852035387787368E-004   2262.6064564159915     
                51400  0.93135662175037748       -9.1943301094231085E-004   2270.2508946697767     
                51600  0.94580874758546729       -9.4884621013490811E-004   2280.0210030257972     
                51800  0.94469523089678098       -9.4599951395529260E-004   2289.4316592560044     
                52000  0.94705495413290131       -9.4849705344206086E-004   2297.1230512389129     
                52200  0.94422788944355718       -9.4344445887023986E-004   2304.4132256981370     
                52400  0.94792194597012513       -9.4900775448211023E-004   2311.8425676656989     
                52600  0.93252234674268575       -9.1997807716664916E-004   2319.9293046406483     
                52800  0.95138228830578553       -9.5780945502740584E-004   2327.3690013095293     
                53000  0.97135960674199151       -9.9624579794905990E-004   2337.1820697846251     
                53200  0.95226549657170823       -9.5888338177795430E-004   2347.8192678014575     
                53400  0.96403707468111377       -9.8200272047950748E-004   2356.5409510314535     
                53600  0.94474872763220608       -9.4417212203651204E-004   2364.9832272777844     
                53800  0.95614489091895594       -9.6643393122368187E-004   2374.5721134797896     
                54000  0.92251014242278784       -9.0091603877970469E-004   2381.8111283854041     
                54200  0.93505489418801990       -9.2506022360853784E-004   2389.9492665435150     
                54400  0.95711347661342738       -9.6920471142903828E-004   2398.6547892326389     
                54600  0.94578069403630405       -9.4632804949945268E-004   2406.7962699018331     
                54800  0.92572736028234481       -9.0742904846491173E-004   2416.4922743925449     
                55000  0.94655284781746207       -9.4903659179947574E-004   2426.0276999192238     
                55200  0.95838066670002597       -9.7177937078241549E-004   2434.2193635981926     
                55400  0.94701150661912314       -9.4876506091984638E-004   2441.7767853189703     
                55600  0.95416914035986211       -9.6428736066199255E-004   2451.7162782568489     
                55800  0.95382585007986243       -9.6367587806227696E-004   2463.5211053784155     
                56000  0.96135526246780034       -9.7877419156602538E-004   2470.7364807851936     
                56200  0.93405466849458751       -9.2507209723766842E-004   2482.7318490504508     
                56400  0.93297517918558026       -9.1998570943600290E-004   2491.4256045000502     
                56600  0.94907939446372747       -9.5383047862205228E-004   2500.3413075357794     
                56800  0.95480815927824025       -9.6689012764214954E-004   2509.2456062376955     
                57000  0.94933259157292427       -9.5405996756629113E-004   2518.2118758539873     
                57200  0.92914282219381250       -9.1462123056436579E-004   2526.8932467913501     
                57400  0.94737811841538599       -9.5004178902977088E-004   2536.7875100185724     
                57600  0.93231611509817247       -9.1950728856147709E-004   2545.0623620996871     
                57800  0.93304939034392442       -9.2308436347635602E-004   2553.3564672013222     
                58000  0.93681723242675041       -9.2936299684077484E-004   2562.5505909263547     
                58200  0.96942214608326882       -9.9173852581703578E-004   2570.0523630138036     
                58400  0.95251007894844009       -9.5858626090288067E-004   2578.7640445630914     
                58600  0.93134132133052516       -9.1908040175505161E-004   2589.0416830700974     
                58800  0.93682483537217409       -9.3062181771601075E-004   2597.6138308228242     
                59000  0.94042908729992414       -9.3619111411331456E-004   2606.2838532763917     
                59200  0.95960544538384385       -9.7242569149810386E-004   2614.1381026352224     
                59400  0.94026625267189545       -9.3571450428806739E-004   2623.7467677414716     
                59600  0.94126994788897600       -9.3751126639020593E-004   2632.6341680853438     
                59800  0.94402310135701228       -9.4328882911905599E-004   2641.8104789021386     
                60000  0.93587238079759905       -9.2699961495294313E-004   2649.9623743839538     
                60200  0.93146755859091956       -9.1766543506691957E-004   2659.8540032230148     
                60400  0.93047899650533994       -9.1818515157597884E-004   2668.6373300223177     
                60600  0.96205448969688223       -9.7707140316429745E-004   2677.3503580658989     
                60800  0.94137229073036988       -9.3747812401764993E-004   2685.7834992704493     
                61000  0.95370215785090651       -9.6211221429748286E-004   2694.9264052182384     
                61200  0.93366059387008959       -9.2144909497204918E-004   2702.8337281720896     
                61400  0.93349918188866765       -9.2341203515433601E-004   2711.5014970932612     
                61600  0.92415376507073876       -9.0524631642761085E-004   2720.8366815070926     
                61800  0.96068405444910820       -9.7423184345420426E-004   2732.3913932641058     
                62000  0.95944488774541004       -9.7289514296979506E-004   2739.9121806552930     
                62200  0.94298427513544736       -9.4140340778628418E-004   2748.7672264621337     
                62400  0.96264597254819084       -9.7826516023493890E-004   2758.5558773162006     
                62600  0.93303505313416157       -9.2232172885810162E-004   2766.4835768902681     
                62800  0.96134331609208623       -9.7629726421013163E-004   2776.2704925257844     
                63000  0.94182756789259858       -9.3971282889957657E-004   2785.1110491776540     
                63200  0.92359122273767424       -9.0423808347442586E-004   2795.9841469619541     
                63400  0.94652224211801139       -9.4722650746648410E-004   2804.6060749185372     
                63600  0.93874195851870756       -9.3263558857396866E-004   2814.3900578212447     
                63800  0.94372026377459906       -9.4196810499646850E-004   2823.1075613299640     
                64000  0.93622092396398049       -9.2795816022961191E-004   2831.1136797269251     
                64200  0.94296468344510409       -9.4150869511038741E-004   2840.4120994015780     
                64400  0.94286830906861674       -9.4225308383299414E-004   2849.9650585594900     
                64600  0.93242296647699141       -9.1991947538773021E-004   2861.1905878288317     
                64800  0.93036585836401808       -9.1603020018580963E-004   2869.9065887443994     
                65000  0.93202707284997055       -9.1967844641734835E-004   2877.5870787983831     
                65200  0.93908567268568754       -9.3369445939580731E-004   2886.7543937804753     
                65400  0.95214330410991033       -9.5820676806079115E-004   2896.3010745931188     
                65600  0.94596009792597135       -9.4751531284008295E-004   2906.9893953051437     
                65800  0.93362117275417822       -9.2362083520929690E-004   2915.2353044406068     
                66000  0.93065202357523114       -9.1740472997216065E-004   2925.5535134148840     
                66200  0.94956387968398237       -9.5280984921765886E-004   2934.5474371173618     
                66400  0.96367300406642820       -9.8280456974813289E-004   2942.3266938009670     
                66600  0.94698616526653123       -9.4911279453745525E-004   2951.7627224186576     
                66800  0.95544817267249649       -9.6565690539149145E-004   2959.8601457905297     
                67000  0.92700160284898825       -9.0930018132190252E-004   2972.0869530456735     
                67200  0.94990774686379020       -9.5352469537504701E-004   2983.1481125465853     
                67400  0.93849698351690847       -9.3219594831609777E-004   2992.0505803537612     
                67600  0.93328796084939369       -9.2084605589310700E-004   3001.9558226844524     
                67800  0.93613927571987288       -9.2706618523913777E-004   3010.0004691606882     
                68000  0.94110569579299030       -9.3822632785067609E-004   3017.4756541527581     
                68200  0.94334421519137868       -9.4118402968942764E-004   3026.1940800572047     
                68400  0.95610145124877510       -9.6521028697829864E-004   3033.9411290351532     
                68600  0.93237162609058954       -9.1944940135118473E-004   3039.2289904920099     
                68800  0.92073695040431880       -8.9777533071904868E-004   3048.6628123497526     
                69000  0.92305343180611299       -9.0260481531941332E-004   3057.1133466534334     
                69200  0.93222004728932495       -9.2049352828378432E-004   3065.0390647216059     
                69400  0.93338062571882863       -9.2189213748815487E-004   3073.2835559945029     
                69600  0.94852606390898841       -9.4995030408280415E-004   3080.1357031694688     
                69800  0.93726435529707319       -9.3124211151802223E-004   3088.8339427308238     
                70000  0.94823224270869810       -9.5176334802394723E-004   3098.1322315437151     
                70200  0.94460038202194407       -9.4488352865277649E-004   3106.5902127884578     
                70400  0.94261347442436905       -9.3881854860052439E-004   3117.0059078626246     
                70600  0.93364812896941951       -9.2175032617887139E-004   3125.2781495122977     
                70800  0.93374257893578272       -9.2469195622555398E-004   3132.5259611301026     
                71000  0.92677901026842080       -9.0991880166924489E-004   3142.0814493022485     
                71200  0.94587079567288468       -9.4589604086252094E-004   3152.2301093705528     
                71400  0.94338881558596699       -9.4164316675420618E-004   3158.4276542117232     
                71600  0.94201929093635894       -9.3962042849843764E-004   3165.7372301888749     
                71800  0.94167236308039648       -9.3873274315164088E-004   3173.5108653401362     
                72000  0.96064756717762201       -9.7402824835972519E-004   3182.6141337664462     
                72200  0.94136780045896840       -9.3739522607740261E-004   3191.8193146411718     
                72400  0.92800140411716259       -9.1143207290398211E-004   3199.8729646178640     
                72600  0.93915626982889766       -9.3269550099773862E-004   3206.7173250341816     
                72800  0.95023407217586930       -9.5458365548222346E-004   3214.0919147941431     
                73000  0.93017459540972092       -9.1693095723813451E-004   3223.7875210790235     
                73200  0.95172820393384550       -9.5821163699032913E-004   3231.7959581220380     
                73400  0.94847683234853386       -9.5196143372560239E-004   3240.1710978223318     
                73600  0.92472723497032694       -9.0658441314863812E-004   3250.3010535912349     
                73800  0.95700483701982453       -9.6790701452124602E-004   3259.4990378924413     
                74000  0.94160765349181963       -9.3737085211285953E-004   3268.6162652496037     
                74200  0.94261927382571509       -9.4026501096524252E-004   3277.9595485593559     
                74400  0.95154130371286971       -9.5847479780698222E-004   3284.8989706551247     
                74600  0.93017213202621007       -9.1601051943216035E-004   3294.7658811536535     
                74800  0.96002337551307226       -9.7553803880159765E-004   3304.8320577238392     
                75000  0.96065924943462033       -9.7447886885167895E-004   3313.5010719419352     
                75200  0.95244488461570620       -9.5836254212402648E-004   3321.7931609669113     
                75400  0.94843548578339620       -9.5084595697607116E-004   3331.1176859370598     
                75600  0.93952683842417584       -9.3498761482967640E-004   3338.4318132027761     
                75800  0.95025012567309386       -9.5602774714058012E-004   3348.5677399694428     
                76000  0.95104830719361544       -9.5665941424093659E-004   3359.2206599492956     
                76200  0.94712290424298140       -9.4885791763598282E-004   3367.8047702200679     
                76400  0.94675167852385489       -9.4796606569000374E-004   3375.6478496723194     
                76600  0.95462017151377143       -9.6427545606620824E-004   3385.5988739662434     
                76800  0.92745279174759176       -9.1104603296972839E-004   3394.3867433986716     
                77000  0.92973337250568355       -9.1571238083846087E-004   3400.3586396065739     
                77200  0.93997263161685429       -9.3530609483847725E-004   3409.9238089279465     
                77400  0.92975992745499336       -9.1466155019268101E-004   3418.2903642391743     
                77600  0.91898335170865064       -8.9474109591941022E-004   3427.8002435145072     
                77800  0.92897325411292775       -9.1411347703591580E-004   3439.2036663634080     
                78000  0.93850627957376831       -9.3149219128605873E-004   3449.3091755514224     
                78200  0.95939817386705062       -9.7241953726283348E-004   3457.6817546843631     
                78400  0.96929015779925021       -9.9172831964059881E-004   3468.1146712099426     
                78600  0.93844339832569323       -9.3338093129342089E-004   3476.7094632538324     
                78800  0.93597290607275385       -9.2750869420277454E-004   3487.3004687546750     
                79000  0.94958460682587009       -9.5346449517683444E-004   3495.5444126281482     
                79200  0.95558445189043251       -9.6470907860620012E-004   3504.9255336454517     
                79400  0.94027000428671115       -9.3722711189757021E-004   3513.1872326144266     
                79600  0.94652072620589423       -9.4790669508411319E-004   3523.9837472528616     
                79800  0.93974504018704352       -9.3678626630428440E-004   3531.2420088701583     
                80000  0.96410569078020025       -9.8299687214420243E-004   3542.0291984462615     
                80200  0.96292820540741408       -9.8154825700959032E-004   3552.7975010612508     
                80400  0.92825626859018262       -9.1203070323781941E-004   3561.6840915967064     
                80600  0.95407506579806023       -9.6285435281744265E-004   3569.9110708206354     
                80800  0.94356182082126505       -9.4237905314617173E-004   3577.8339389442467     
                81000  0.94118389442898942       -9.3691709968834460E-004   3584.9832192450122     
                81200  0.92051974206832476       -8.9678389908012346E-004   3592.1626939779253     
                81400  0.94455415171978863       -9.4340710730134939E-004   3600.6627810010677     
                81600  0.96758676565765778       -9.8950513335542317E-004   3608.2251359835245     
                81800  0.95389173939672067       -9.6244715936407452E-004   3616.7637283938798     
                82000  0.93545646970381480       -9.2675337502267263E-004   3626.3672006861175     
                82200  0.92278199590413756       -9.0321575449487800E-004   3635.2809522206894     
                82400  0.94781090802961987       -9.4971942359554147E-004   3647.7375246359702     
                82600  0.94024213192965111       -9.3524958545417557E-004   3656.7677443638117     
                82800  0.95703571829527112       -9.6797474561904147E-004   3665.1525518088852     
                83000  0.94016813730807203       -9.3651580922318885E-004   3674.1032076014872     
                83200  0.91401381168490092       -8.8444984129496418E-004   3684.2856138869483     
                83400  0.93427936511183429       -9.2404633790804441E-004   3693.4080185113307     
                83600  0.95358124619199613       -9.6135924964097820E-004   3703.9696053199996     
                83800  0.95114003085362653       -9.5710576426481645E-004   3712.7167683254329     
                84000  0.93490898677753764       -9.2470843360425157E-004   3722.0162792639230     
                84200  0.93416230420229152       -9.2459725089098028E-004   3729.4537602553460     
                84400  0.93351274778681226       -9.2200686267910085E-004   3737.7260226586404     
                84600  0.93168250868500435       -9.1904710762010509E-004   3745.8705655999433     
                84800  0.92087094677282078       -8.9843076155684913E-004   3753.2776718932068     
                85000  0.96832270886289018       -9.9035859242035777E-004   3763.5846489297651     
                85200  0.93905776016604914       -9.3512596262721587E-004   3773.7424880866452     
                85400  0.90976038487046063       -8.7798483249880020E-004   3784.7821874750566     
                85600  0.96319397567075438       -9.8032404026857892E-004   3794.5873431329424     
                85800  0.97760133576843478       -1.0080544080404341E-003   3803.9136119493082     
                86000  0.94501904108129708       -9.4607506106442337E-004   3811.2858715189313     
                86200  0.93473943049418218       -9.2532981253345850E-004   3820.1163111705650     
                86400  0.94530979718356922       -9.4662191413998000E-004   3829.8348479154947     
                86600  0.94409899453953205       -9.4457659468167796E-004   3838.1212804640122     
                86800  0.94440409904980960       -9.4292515365064012E-004   3846.7043631102811     
                87000  0.94435950106037481       -9.4327007519053648E-004   3856.7595500299453     
                87200  0.93716267577630730       -9.2994896535779012E-004   3867.7285470418683     
                87400  0.93528057554918087       -9.2648881026216156E-004   3876.4072049821880     
                87600  0.94948200841319907       -9.5349647525016482E-004   3884.7793680429168     
                87800  0.96107565476880796       -9.7631715112550933E-004   3895.5108659232142     
                88000  0.93205067711588685       -9.2106771994765143E-004   3902.2519224149560     
                88200  0.95301802695535620       -9.6241783751922847E-004   3911.2577041483805     
                88400  0.95635487408466591       -9.6790489692899961E-004   3921.4817177961791     
                88600  0.94165433475640181       -9.3824695773561911E-004   3928.4101955060646     
                88800  0.93971470462525419       -9.3595694881911675E-004   3934.1112652307970     
                89000  0.94347822362771683       -9.4030000891359364E-004   3941.8670831781537     
                89200  0.95791944933916817       -9.6982110435878100E-004   3949.7583695319477     
                89400  0.90144761815417740       -8.6053882396212834E-004   3957.6539524310992     
                89600  0.94596443874982328       -9.4608309240141813E-004   3965.8480727659280     
                89800  0.93896103575981993       -9.3296824667092550E-004   3973.3417365290184     
                90000  0.94978955951581245       -9.5486551964421053E-004   3983.3848141468534     
                90200  0.92845289367400541       -9.1307818942422370E-004   3993.5313608027827     
                90400  0.92577392496358324       -9.0839680210555982E-004   4002.2420025216375     
                90600  0.94642262238302322       -9.4863857094107092E-004   4012.2720943042455     
                90800  0.92587370036206007       -9.0791324323020333E-004   4022.1229581843404     
                91000  0.93507006155812700       -9.2653631805028798E-004   4032.0499940386885     
                91200  0.93473594497782397       -9.2555976069279148E-004   4039.2310907529186     
                91400  0.93343915639010344       -9.2222911734040551E-004   4048.9048013173833     
                91600  0.93121138929379665       -9.1809695791330930E-004   4058.9988053452648     
                91800  0.94480153408119760       -9.4542379115375853E-004   4067.5436884219803     
                92000  0.94615498893039063       -9.4743843411475520E-004   4077.6726795233881     
                92200  0.94256108677124073       -9.4077649208155795E-004   4087.9892569822373     
                92400  0.93866363212961046       -9.3446551487540023E-004   4095.3689148866542     
                92600  0.94153805553485814       -9.3846588690513102E-004   4103.8554245362739     
                92800  0.94355683219559427       -9.4290556224228697E-004   4114.3877374817775     
                93000  0.93648207659842087       -9.2798650772008484E-004   4122.7227249293610     
                93200  0.95355396161408745       -9.6243587340598229E-004   4132.7771583049225     
                93400  0.94140614588464722       -9.3918677117093034E-004   4141.5526890367382     
                93600  0.93565389357463091       -9.2699349851131315E-004   4151.8553337382418     
                93800  0.90540458833883153       -8.6819280584841442E-004   4160.8022017144613     
                94000  0.94030997528646176       -9.3489653925441743E-004   4168.9428005882182     
                94200  0.92316289078931124       -9.0149427318327805E-004   4179.3453377882597     
                94400  0.92980269484857170       -9.1590303025671047E-004   4187.2796427758594     
                94600  0.96019825790541502       -9.7444456705920383E-004   4196.0623156621114     
                94800  0.94405469918854468       -9.4292276501760114E-004   4205.8549651162220     
                95000  0.95490451422263611       -9.6554115904565988E-004   4212.9274478052566     
                95200  0.94631640156868213       -9.4897915373099470E-004   4220.7917044589367     
                95400  0.94429482048599289       -9.4522291078381860E-004   4230.8979515785722     
                95600  0.94165026220011927       -9.3880523457512150E-004   4239.3278091095235     
                95800  0.96017207923118664       -9.7569848556140000E-004   4248.4068632960380     
                96000  0.94147857263211010       -9.3791359873172996E-004   4258.8633896802285     
                96200  0.94866041039061333       -9.5259910254702018E-004   4265.5625801514343     
                96400  0.94021146832277114       -9.3643464891082447E-004   4277.3728644689800     
                96600  0.94629407575712376       -9.4766995334299889E-004   4284.1292559153826     
                96800  0.92736493090796512       -9.1145344495008622E-004   4292.5385063435033     
                97000  0.95405936851514195       -9.6237980867706875E-004   4300.8918509171090     
                97200  0.93695782763729885       -9.2783000480051593E-004   4307.9891761898562     
                97400  0.94783549437228154       -9.5067981075766821E-004   4316.4278975656425     
                97600  0.94608161658176093       -9.4669373382673839E-004   4325.3130266865446     
                97800  0.96344258043012698       -9.8122784181207371E-004   4332.8603961258214     
                98000  0.94385075350209535       -9.4294665945418761E-004   4343.2046127234998     
                98200  0.94771005591383595       -9.4858907243240990E-004   4351.0188332029556     
                98400  0.95504936709867549       -9.6482152113333542E-004   4359.3347413103611     
                98600  0.92535158800263961       -9.0610159337787448E-004   4368.5962340649176     
                98800  0.95952468155862314       -9.7314567243744646E-004   4378.3947664887892     
                99000  0.92724316534098028       -9.1099968592376452E-004   4388.5526465619978     
                99200  0.93869125851760882       -9.3184786146723335E-004   4396.3783454211361     
                99400  0.94724993634920251       -9.5096482157856755E-004   4405.3221946162548     
                99600  0.94377538360566104       -9.4290046826768688E-004   4413.9952019739076     
                99800  0.94902105383185764       -9.5328773355698646E-004   4423.3447272323956     
               100000  0.93871073679139116       -9.3296045712271559E-004   4430.7230087275002     
               100200  0.92773202090529183       -9.1196646378690282E-004   4441.1747548207468     
               100400  0.93637435304384320       -9.2858371096439670E-004   4451.6500582286399     
               100600  0.93712404512311576       -9.2908164644379444E-004   4459.8010802009931     
               100800  0.93687138109892498       -9.2813940027700330E-004   4468.5162135473611     
               101000  0.93293926174142805       -9.2116845689484573E-004   4475.6352617574303     
               101200  0.92183148516484736       -9.0069948374548099E-004   4486.0696514503888     
               101400  0.92909978925939152       -9.1370709320396043E-004   4495.7290448268441     
               101600  0.95198857866874720       -9.5786160795550013E-004   4505.4941387228755     
               101800  0.95760479697729672       -9.6931981483294120E-004   4513.9848829877646     
               102000  0.94093148232694535       -9.3677662817049604E-004   4523.5140848459650     
               102200  0.95026202156906103       -9.5428768370175001E-004   4531.2571332140151     
               102400  0.96458244320610020       -9.8229144843718511E-004   4539.8257040076796     
               102600  0.94125274625011224       -9.3626918004081992E-004   4551.3664622439192     
               102800  0.92760508530084851       -9.0993625027377455E-004   4559.7541563065433     
               103000  0.94378783939427169       -9.4289697369287181E-004   4568.3801390402841     
               103200  0.92363073223971615       -9.0396415867883824E-004   4579.3028054131564     
               103400  0.92579079095334205       -9.0703761980071463E-004   4586.5418262576650     
               103600  0.95145924037601937       -9.5940487480484550E-004   4595.5522029041931     
               103800  0.93688990516241033       -9.2880306944626413E-004   4606.7596246083622     
               104000  0.92510557364074231       -9.0608129840327994E-004   4615.0854645401132     
               104200  0.95332432576010728       -9.6044677464526243E-004   4623.3259633901362     
               104400  0.92406210893442498       -9.0312875848273127E-004   4631.8621962848092     
               104600  0.94696333808954936       -9.4925969398412704E-004   4641.7307078564954     
               104800  0.96737487298303870       -9.8938909699729520E-004   4653.6484458621944     
               105000  0.95234138134200985       -9.5976930162424931E-004   4665.6779210357854     
               105200  0.95298759214927453       -9.6058922189067573E-004   4675.3066024311893     
               105400  0.95650015666416499       -9.6778545421042684E-004   4684.9497994388094     
               105600  0.95269164485278668       -9.5955578250720883E-004   4692.5357217021165     
               105800  0.96613823155950074       -9.8592155266472243E-004   4701.5875961339270     
               106000  0.94255738150526736       -9.4159998088774862E-004   4710.8050932969645     
               106200  0.94601392654888761       -9.4710568190616658E-004   4719.6882028107293     
               106400  0.94042791987320051       -9.3576555683878371E-004   4729.7916186718057     
               106600  0.93937602046090318       -9.3382860961584364E-004   4737.1529366207124     
               106800  0.91924564031325828       -8.9452566790912207E-004   4746.6808882393270     
               107000  0.93919381246274669       -9.3292914432702243E-004   4754.0318997655604     
               107200  0.95712990366934148       -9.6876825112530746E-004   4762.9253529278476     
               107400  0.94121411130066790       -9.3805077857417416E-004   4774.4277610231293     
               107600  0.93602597043439872       -9.2654052289589542E-004   4785.4889414067711     
               107800  0.94148907069477905       -9.3822755383107684E-004   4792.8430703861832     
               108000  0.93281269122498700       -9.2148639445826413E-004   4803.0661284773305     
               108200  0.94513955294481666       -9.4512079260215831E-004   4813.2651642206411     
               108400  0.94108180505059669       -9.3750867825345631E-004   4822.1213550756447     
               108600  0.93065702705477893       -9.1696627320742236E-004   4830.4080886145721     
               108800  0.93800202456808968       -9.3067592699118222E-004   4836.6127763070017     
               109000  0.94405789810333873       -9.4320171909729783E-004   4844.5474770000828     
               109200  0.92812784211954458       -9.1125058327840946E-004   4853.4381629644931     
               109400  0.93708620335311066       -9.2872380131291815E-004   4861.1110233610270     
               109600  0.91163304044757820       -8.7955445365528679E-004   4870.6149633996847     
               109800  0.93227702627402864       -9.1995762943696848E-004   4878.8768380633928     
               110000  0.95109379679026651       -9.5657202769487660E-004   4886.9033280631293     
               110200  0.92268782292031037       -9.0146871371747607E-004   4897.8299623470739     
               110400  0.94890243775386218       -9.5327783766619605E-004   4909.6810303097445     
               110600  0.95110260945825031       -9.5633115662815461E-004   4916.9971781513641     
               110800  0.93088663581536624       -9.1873488040142119E-004   4925.5590288269450     
               111000  0.93436434740318841       -9.2391916675231263E-004   4935.5468530565777     
               111200  0.89005635107917180       -8.3757730269402462E-004   4946.4095175427110     
               111400  0.94431697194472486       -9.4383536777711125E-004   4954.6907622112167     
               111600  0.92701192075087546       -9.1022329057620745E-004   4961.8265883683225     
               111800  0.93552049610841170       -9.2656233194781594E-004   4971.8902802078410     
               112000  0.90941963662816461       -8.7551813178415763E-004   4979.0156354763640     
               112200  0.92234724306360005       -9.0069560747394015E-004   4987.0953345610706     
               112400  0.93498681371078052       -9.2621474089388473E-004   4995.5684395428925     
               112600  0.95014836640693534       -9.5423719904523627E-004   5004.7794848577241     
               112800  0.96027540642420350       -9.7407719187705337E-004   5013.0596304979190     
               113000  0.94734226033841540       -9.4879195339753870E-004   5021.9225932720219     
               113200  0.93282902332998885       -9.2028496487402676E-004   5030.3902720695869     
               113400  0.94099550251705788       -9.3788330215241076E-004   5037.1496954060713     
               113600  0.94367186261564040       -9.4341927873539092E-004   5045.3510447888912     
               113800  0.94932532869626474       -9.5263476479465453E-004   5054.4719436657160     
               114000  0.92925698126963696       -9.1471661609735986E-004   5063.8078110432034     
               114200  0.93601330295024465       -9.2675988401732146E-004   5073.1371121375514     
               114400  0.94169193053731892       -9.3882920540098850E-004   5082.2455470664436     
               114600  0.94794341609496124       -9.5141576757066734E-004   5092.8103015442293     
               114800  0.91367312238363785       -8.8427186848029360E-004   5102.2080222338536     
               115000  0.95135570425341331       -9.5752921357084551E-004   5111.4766274128742     
               115200  0.93115848883328456       -9.1891398827432624E-004   5120.6483719955495     
               115400  0.94742751789354951       -9.4941047450371055E-004   5130.7031023098216     
               115600  0.94177168941678502       -9.3839900988263261E-004   5139.5622569624802     
               115800  0.94018703284150684       -9.3477025855985985E-004   5149.4724178462848     
               116000  0.94782419700532661       -9.4933893921971490E-004   5158.4097706428547     
               116200  0.92892724087548717       -9.1454275123867951E-004   5166.6357286004359     
               116400  0.94050470607324388       -9.3636224492371764E-004   5177.6788263174240     
               116600  0.95545598569686196       -9.6593840126258865E-004   5187.3703051140337     
               116800  0.95932911487573724       -9.7270540930297132E-004   5196.1673949685937     
               117000  0.94065481133903750       -9.3651684877694909E-004   5202.8899603278260     
               117200  0.95150579131225599       -9.5721588907107726E-004   5211.6826128562880     
               117400  0.93691446173322923       -9.2848379657351583E-004   5220.1107604081208     
               117600  0.94414519736743763       -9.4406131761951408E-004   5228.5580185857671     
               117800  0.94385175788086861       -9.4341779723626615E-004   5237.6271559009010     
               118000  0.94182010233459956       -9.3962265362233300E-004   5245.7532829907177     
               118200  0.96525019571467319       -9.8429226414305693E-004   5253.4291579014262     
               118400  0.94814116693370842       -9.5029649561204836E-004   5262.3824602452896     
               118600  0.94069332793890326       -9.3818262020766558E-004   5271.4051129483169     
               118800  0.94725784631026166       -9.4903935185308729E-004   5279.5089263268783     
               119000  0.95057341226676029       -9.5560518744525929E-004   5287.1995372763013     
               119200  0.94388223732457310       -9.4255550353848215E-004   5295.3079458162501     
               119400  0.93788588459209543       -9.3076842008538564E-004   5305.0793646240918     
               119600  0.94910410493759700       -9.5274680969189022E-004   5315.3217384782311     
               119800  0.94268696432481247       -9.4142249411833362E-004   5326.5809779508918     
               120000  0.95044896043322258       -9.5646326648362158E-004   5334.5021671832101     
               120200  0.93293895045185926       -9.2238162283576897E-004   5344.1669301030734     
               120400  0.93130451305076867       -9.1756260165999290E-004   5354.8246976460705     
               120600  0.92433367608948280       -9.0428896148224056E-004   5362.4085416319067     
               120800  0.93887172713846101       -9.3460818035028047E-004   5373.3199548774965     
               121000  0.92420815855037530       -9.0421584566466101E-004   5384.8418872558705     
               121200  0.93871823328034820       -9.3387168164819803E-004   5392.4658184542777     
               121400  0.94812596156990203       -9.5100103600820449E-004   5401.6099189504330     
               121600  0.95886088598532238       -9.7306797773485216E-004   5411.5554723797895     
               121800  0.96472406143268963       -9.8447524891926764E-004   5421.1585309106031     
               122000  0.95104806272461972       -9.5840912473900777E-004   5430.4869128950531     
               122200  0.92206608848765248       -9.0168600516657492E-004   5439.0189734083115     
               122400  0.93735960985905209       -9.3003663721791014E-004   5445.2201594122671     
               122600  0.93299346280673312       -9.2069713236294477E-004   5454.0690116969909     
               122800  0.96418947769817043       -9.8161636111043045E-004   5462.6294103759346     
               123000  0.95261127806624391       -9.6067978284117750E-004   5473.4156129989915     
               123200  0.96007778528404997       -9.7403250186714940E-004   5480.7257295904583     
               123400  0.94866813346518875       -9.5118548758973032E-004   5490.7361517839245     
               123600  0.92445637632429312       -9.0532791366451149E-004   5499.0266217881099     
               123800  0.94803952022175175       -9.5039619232316439E-004   5509.0560651021597     
               124000  0.96201233754266580       -9.7913012992375918E-004   5516.2880401293305     
               124200  0.97345851896031044       -1.0009456951785914E-003   5524.1616003306235     
               124400  0.94027300031542704       -9.3693074349758467E-004   5533.4087325302435     
               124600  0.93383003322617875       -9.2359117382759314E-004   5544.1308815114526     
               124800  0.96506039637901786       -9.8450753439004906E-004   5551.6004033622148     
               125000  0.94083237756995830       -9.3726450548601767E-004   5559.3745556964595     
               125200  0.94330240591496639       -9.4186806330450791E-004   5570.2107366247892     
               125400  0.94961329788215065       -9.5370045590970228E-004   5576.1918569546688     
               125600  0.94267955629705413       -9.4103659478376306E-004   5585.5582448059540     
               125800  0.93273354857400426       -9.2197749503418046E-004   5593.7475302694793     
               126000  0.93478625328497134       -9.2523754440115358E-004   5599.7005400251810     
               126200  0.92479865237641989       -9.0784689091225838E-004   5608.6560704061376     
               126400  0.93933719879505650       -9.3579977423551616E-004   5619.0207381512928     
               126600  0.92462976958565746       -9.0591655879201981E-004   5626.9946391433759     
               126800  0.96231050323263378       -9.7889291403556174E-004   5637.5231655509588     
               127000  0.95184518048500955       -9.5898309638391024E-004   5645.6755466660879     
               127200  0.92376244276526787       -9.0436195437054484E-004   5654.4530656087836     
               127400  0.93908885528985897       -9.3408405794240604E-004   5663.0126768337641     
               127600  0.93873782460303534       -9.3296605104019065E-004   5670.2679738948245     
               127800  0.94396895201073705       -9.4343190460569179E-004   5680.3402206082255     
               128000  0.96361596209775380       -9.8165799622538098E-004   5687.7395119172197     
               128200  0.94798576960937997       -9.5258397061657324E-004   5697.3892308999175     
               128400  0.93817758059237477       -9.3059371754275694E-004   5706.7035823651058     
               128600  0.94430740419177606       -9.4429083639788549E-004   5715.1178130558337     
               128800  0.91632976694427370       -8.8979125818054922E-004   5721.9667105912213     
               129000  0.94402463266206793       -9.4263467799321000E-004   5732.5584658695725     
               129200  0.93249580769894291       -9.2059970334327948E-004   5741.2821733619476     
               129400  0.92541238473496701       -9.0693965172347277E-004   5748.1475005895318     
               129600  0.95375883663070948       -9.6257914771038719E-004   5755.8431614147976     
