                    1  -8.4547122432444138E-002  -1.8516609143617163E-003
                    2  0.93271823781158503       0.71049851086082016     
                    3   1.8914566424102903       -7.3066091495421190E-002
                    4   2.6410749921000036       0.70748177854967387     
                    5   3.6267721956404029        6.9183273060404588E-002
                    6   4.4801252541041512       0.79184303753401286     
                    7   5.3311631006027387        5.6578536084984060E-002
                    8   6.3317370197028913       0.73469462746825487     
                    9   7.2182376955511929        4.7490723190659306E-002
                   10   8.1949767522460526       0.71608921723058039     
                   11   8.9012279364950295       -2.6073213966302661E-003
                   12   9.8164334943275300       0.67045360385593167     
                   13   10.759119667269450       -5.9712065916434465E-002
                   14   11.791964021766795       0.65510737676639885     
                   15   12.530958195094241        2.2330340427578033E-002
                   16   13.576461934261271       0.62339909975773045     
                   17   14.364268655189720        1.4073731159994510E-002
                   18   15.278482847671105       0.79772202312194784     
                   19   16.190872591442485       -4.7165655023794793E-002
                   20   17.083440173563677       0.78663701849895640     
                   21   18.032795520426422        7.9073723362300952E-004
                   22   18.915434164580894       0.68197854171218886     
                   23   19.848817410114311        1.7902186267368100E-002
                   24   20.793491338309941       0.63054240309351850     
                   25   21.684060833460638        4.1501004019505239E-002
                   26   22.489877678845936       0.62921954429874516     
                   27   23.454377206598132        2.5264373652187616E-002
                   28   24.326363217948987       0.65136292948170316     
                   29   25.106594922893692        6.2882230313727999E-002
                   30   26.004498698786822       0.68574338465811824     
                   31   26.927862823534891        9.8875014346965912E-002
                   32   27.971908973380732       0.68511899627900485     
                   33   28.896029649078574       -2.5534719313123733E-002
                   34   29.729420630464769       0.79127671478382555     
                   35   30.698377024301564       -6.5275600831970676E-002
                   36   31.537611994209630       0.71661104269676568     
                   37   32.338646258078995       -2.1814037028844990E-003
                   38   33.309276763985828       0.66980503516935641     
                   39   34.168224770682315       -9.9742952948222524E-002
                   40   35.023588908870046       0.73864056418180224     
                   41   36.006774360217733       -5.9035473209107840E-002
                   42   36.929291988486185       0.65605781160568610     
                   43   37.775755463223106       -7.5124208322892683E-002
                   44   38.760960072708940       0.78347339562691687     
                   45   39.519663231789927       -8.9590629275571237E-002
                   46   40.493153487360630       0.69928547699329136     
                   47   41.429086923426645       -6.2529748191989046E-002
                   48   42.355222707867753       0.62151076365632862     
                   49   43.197668351767653        3.9574052678126276E-002
                   50   44.065592926776624       0.72227071908771845     
                   51   44.912968878734205       -4.5825955421712097E-002
                   52   45.880967139859649       0.79815308926500927     
                   53   46.856983268605468       -9.5020169132125257E-002
                   54   47.703709218617348       0.70063484472349524     
                   55   48.526202957728110        1.6794117801409075E-002
                   56   49.492305696793508       0.65370009442709320     
                   57   50.365018581441326        7.4303322233285118E-002
                   58   51.326339647390768       0.78549944319928644     
                   59   52.260591212477223       -4.1490377897579478E-003
                   60   53.075776737963096       0.77180455232808798     
                   61   54.003486297350946        2.5262516186380007E-002
                   62   54.977867661737982       0.73460302034542557     
                   63   55.777944093217897       -2.2506047117920550E-002
                   64   56.790652632526182       0.61902593824761309     
                   65   57.523299758369177        7.0028038902093387E-002
                   66   58.597349993896678       0.65604534578121931     
                   67   59.328329480646644        9.5574280985058185E-002
                   68   60.390902440523320       0.61398210000669706     
                   69   61.164710343407300        2.3596580045628937E-002
                   70   62.106834511288490       0.61554494389668757     
                   71   62.920799054837843        2.0120591159608708E-002
                   72   63.890074765878474       0.75834227091085493     
                   73   64.893102936895431        3.6651137495786218E-002
                   74   65.775967092208290       0.75350690748960403     
                   75   66.615647584927260        8.7905027699711147E-002
                   76   67.435828866516218       0.70291475477636589     
                   77   68.316402520468088        2.7474455392747760E-002
                   78   69.203204329002574       0.67620180994305712     
                   79   70.119677152610365       -6.7983481516006056E-002
                   80   71.152164711507027       0.71087297275817551     
                   81   72.016195246224882        9.4476478182701024E-002
                   82   72.982286125393273       0.78617466119364954     
                   83   73.724131272532773        9.7770012812461726E-002
                   84   74.766968742292150       0.61914285983513095     
                   85   75.611689312426108        7.9773875611024281E-002
                   86   76.541767000267882       0.77564673379006988     
                   87   77.391187798263161       -6.8945452613105085E-002
                   88   78.249184262672387       0.75756185623241667     
                   89   79.215761144155096        6.4648760886054063E-002
                   90   80.176380280187587       0.73677465135832065     
                   91   81.039152978287063       -7.9342472342198517E-002
                   92   81.960850104724102       0.76679477548131370     
                   93   82.805088767374386       -2.2304371591365432E-002
                   94   83.722592145321457       0.60537395598014609     
                   95   84.505867396651240       -7.4226208652882958E-002
                   96   85.540069415191766       0.74969471078061078     
                   97   86.419871622705230        3.5439725520482745E-003
                   98   87.312341112274979       0.68997709165601606     
                   99   88.162370833571529       -5.6170620862466179E-002
                  100   89.181201949369211       0.65199936769613620     
                  101   90.092765078474969        6.3751497900178616E-002
                  102   90.978057609314931       0.73193295567421046     
                  103   91.768947856337149        8.0536241813086246E-002
                  104   92.722107605932777       0.78921802332190827     
                  105   93.617063646571822       -6.9943623312628544E-002
                  106   94.550571580423295       0.69899773815400179     
                  107   95.361728776478188       -2.3687749643332590E-002
                  108   96.321118991112328       0.74320424428917053     
                  109   97.297349760431331        4.1162868495513982E-003
                  110   98.158996607947515       0.71275377293307229     
                  111   99.026161589425783       -4.9448901543369221E-002
                  112   99.928101524554194       0.69403778657835102     
                  113   100.84493079524775        7.2100476079220960E-002
                  114   101.71499527102581       0.79524741038386959     
                  115   102.57219390766886        7.3704127973782368E-002
                  116   103.48781196845992       0.63748446156451499     
                  117   104.39067470594752       -2.3515526871215844E-002
                  118   105.32446205134831       0.65940150501191785     
                  119   106.20489451150712       -9.6742630001337135E-002
                  120   107.12433778492877       0.62248790668870724     
                  121   107.98644272178929       -1.5289265878119018E-002
                  122   108.93993560268102       0.73793176236793623     
                  123   109.71280210146891       -4.5173624321914137E-002
                  124   110.74214615045835       0.73111408840285186     
                  125   111.51071232662271       -5.7993623646506294E-002
                  126   112.56178253573013       0.70766014217446915     
                  127   113.30415830780912        9.6041875488138778E-002
                  128   114.22877880911381       0.62157257746276817     
                  129   115.15558432272047       -4.4305636090893011E-002
                  130   116.11437027299129       0.74864692913733011     
                  131   116.90476286112997        9.7648505410382724E-002
                  132   117.86175898841212       0.78748476730080941     
                  133   118.87877683532022        7.7039670151517581E-002
                  134   119.69894730214352       0.73415636674776319     
                  135   120.56464627402548        2.3043996567420649E-002
                  136   121.46519525182200       0.74465464444018004     
                  137   122.32941635611760       -2.4155840778080556E-002
                  138   123.30211485918072       0.60259897907854965     
                  139   124.24363893959300       -8.8819950470225076E-002
                  140   125.02722725688106       0.69920276126845338     
                  141   125.96095669606923       -7.1704526981596767E-002
                  142   126.86434795460849       0.66555901968829112     
                  143   127.82008380519265       -1.7922468920381698E-002
                  144   128.69307846010582       0.62540896744043939     
                  145   129.51893721738423       -7.3036126839485196E-002
                  146   130.57331261215484       0.64570290276567244     
                  147   131.39664855261049       -2.2410594266116024E-002
                  148   132.21838244990261       0.64879056892394193     
                  149   133.25202000048202       -7.5380925445023200E-002
                  150   134.09311978180173       0.79713066501977736     
                  151   134.95616087258517        4.6662250751556195E-002
                  152   135.83468020730851       0.75989895419660480     
                  153   136.79229862936458        4.1600712246498806E-002
                  154   137.77803594734632       0.72174705129746686     
                  155   138.54667065206181        2.3598914278271127E-002
                  156   139.55567207427137       0.78785769557875751     
                  157   140.45487895684204       -2.0603541006895057E-002
                  158   141.30347155710331       0.63867426250485138     
                  159   142.23817889570569        6.7895684813515322E-002
                  160   143.18274602509717       0.72605733393601413     
                  161   144.09530857192186        8.8546859645358383E-002
                  162   144.84599524751135       0.65276416281046301     
                  163   145.88992081007197        3.0607170001990813E-004
                  164   146.68680294855733       0.69632760886832068     
                  165   147.54884669607640        6.3274953316487303E-002
                  166   148.47861442752600       0.66994320564267662     
                  167   149.39359315358681        6.4395200353953130E-002
                  168   150.25949228459638       0.77710823722188760     
                  169   151.11585510486060       -7.4609613938373523E-002
                  170   152.17580101404766       0.73276542515983345     
                  171   152.98444326200794       -6.0443520718783929E-002
                  172   153.81698909922557       0.67409986256860377     
                  173   154.86799274119991       -5.7872883630848422E-002
                  174   155.73591424525958       0.77696552704459321     
                  175   156.50534832299292       -6.8824835561940953E-002
                  176   157.40390548455181       0.65847129796305737     
                  177   158.48169866559672        6.1082043305067002E-002
                  178   159.36438164100295       0.68659822084048783     
                  179   160.13837853399266        1.3839986358477607E-003
                  180   161.11743648479774       0.61073613843242436     
                  181   162.09563844005115        1.1469282352201723E-002
                  182   162.91474866682123       0.62911884762431769     
                  183   163.78715455444794       -4.6289335279733036E-002
                  184   164.77087012120242       0.70340715154733480     
                  185   165.60432637997781        1.0154572613157650E-002
                  186   166.43070281514363       0.67487647092233005     
                  187   167.34946914172247        2.4424568577805131E-002
                  188   168.24730901809161       0.77797020696172148     
                  189   169.29718678380709       -4.4645785101186525E-002
                  190   170.15371434376317       0.68425549580710265     
                  191   171.04290793046729       -5.8624916979175073E-002
                  192   171.99305894165445       0.70538330246361103     
                  193   172.88826682580313        2.8261754835647912E-002
                  194   173.68868296169120       0.67592142065055361     
                  195   174.53382331181936       -8.4448050047804646E-002
                  196   175.50190179013740       0.68459556136056554     
                  197   176.39665886033484       -6.4418641642924809E-002
                  198   177.25193709494096       0.62450812260700550     
                  199   178.13099624596444       -7.8809629160139422E-002
                  200   179.10570897344363       0.68131896142037873     
                  201   180.06199036020499       -5.9183161154671114E-002
                  202   180.97641635910821       0.71258813244038344     
                  203   181.75025805798515       -2.5240775277428185E-002
                  204   182.72136948247922       0.75609590648232095     
                  205   183.63423438540036        2.8856887560705480E-002
                  206   184.51354849565365       0.77603081235174853     
                  207   185.44414518387055       -2.8893998121560543E-002
                  208   186.27708748912619       0.77140103583561825     
                  209   187.18470525310047       -2.0124645879478556E-002
                  210   188.14150525002799       0.79355431153149114     
                  211   189.07588994332943       -3.9690956413458399E-002
                  212   189.87014208079617       0.70245862298751149     
                  213   190.81949363627143        4.3731045485551123E-002
                  214   191.76548906325880       0.61356609464441170     
                  215   192.68062712878401       -3.4695200891082939E-003
                  216   193.44477743982003       0.68021724857261112     
                  217   194.43613719646862       -2.0768434024256321E-002
                  218   195.23160284168836       0.63077407972126043     
                  219   196.21917757777422       -3.6355881347792704E-002
                  220   197.19979544589489       0.69376144015388774     
                  221   197.94233440090420       -4.3453183508976832E-002
                  222   198.93280127783825       0.60923464080838274     
                  223   199.76208252915771       -4.1960733151964670E-002
                  224   200.73599543463388       0.66896478903863033     
                  225   201.68784415237891       -2.4469446093502947E-002
                  226   202.40285430123066       0.75891458727635974     
                  227   203.33638034754520        3.3137949299822389E-002
                  228   204.34126121238839       0.65346890853684070     
                  229   205.13434368719166       -9.9038904412525261E-002
                  230   206.18623240084102       0.60434114815801865     
                  231   207.05198578926769       -1.2592696777596085E-002
                  232   207.86282777108121       0.65699375989446740     
                  233   208.77508936021277       -6.5011120133134731E-002
                  234   209.75438857702630       0.70785293515387249     
                  235   210.57183092918535       -3.1007343944257859E-002
                  236   211.54821506747030       0.62612550842900749     
                  237   212.30061270975054       -9.4500742517952305E-002
                  238   213.30519458942308       0.67387289697419672     
                  239   214.27130678272962       -6.6195881522044975E-002
                  240   215.04279689817864       0.69120201227133826     
                  241   215.98389715900473        9.7949271982613800E-002
                  242   216.95732171941748       0.71328524218482170     
                  243   217.89449748602482        1.7816022082701721E-002
                  244   218.79440055417479       0.77579576057629307     
                  245   219.67160907390837       -6.9127378431879660E-003
                  246   220.52927350076951       0.70821800323833106     
                  247   221.44507483349625        6.9712861063781467E-002
                  248   222.33711941349762       0.76688473350660347     
                  249   223.29005197219831       -7.8908888333585309E-002
                  250   224.12028656375679       0.65791547186207122     
                  251   224.92806488658192       -5.8825496826519851E-002
                  252   225.97163208842375       0.70627025238343277     
                  253   226.72619130687917        8.4060138181347221E-002
                  254   227.67817261078719       0.72887254885668118     
                  255   228.65060480024218       -5.4201592102466847E-002
                  256   229.49686084263203       0.68838990899595720     
                  257   230.47456773938427       -4.1883272916530143E-002
                  258   231.20406453439745       0.77978366331974169     
                  259   232.20730632484248        1.9451982984672267E-002
                  260   233.07354673260977       0.67915278625177256     
                  261   233.93874235571684        1.6680054323124222E-002
                  262   234.83152347926128       0.73710061008530436     
                  263   235.78651505976967        5.4138523619815193E-002
                  264   236.63549181953218       0.66698443340095981     
                  265   237.57727877770702        1.2048452997748454E-002
                  266   238.44400114686798       0.66949366146917277     
                  267   239.34535720467068        9.3137349225255989E-002
                  268   240.35747480311136       0.60593620141375726     
                  269   241.15560635843079       -9.5142332966663037E-002
                  270   242.06026535555716       0.70959596998083074     
                  271   243.04833622822463       -3.2061518524062485E-002
                  272   243.88247125936755       0.73300872447714305     
                  273   244.73347587281904        7.7276681362992566E-002
                  274   245.63011489293538       0.64770238092578303     
                  275   246.56051436299001       -5.7084000909226537E-002
                  276   247.40192201338522       0.66018914927561190     
                  277   248.31067594369122        5.6428948582033983E-002
                  278   249.32713386521385       0.61349506253772890     
                  279   250.16427100423701       -8.5578137649052297E-002
                  280   251.12083104632634       0.60469876174392767     
                  281   252.03141649103961       -2.4794467161194003E-002
                  282   252.85210395061134       0.60865155018062578     
                  283   253.79967499272840        8.1392570880502058E-002
                  284   254.76459025455054       0.78170458159483480     
                  285   255.67376178489883        8.8523714129591480E-002
                  286   256.55499824755975       0.65933387617323036     
                  287   257.46751323883058        5.1846967062750049E-002
                  288   258.24642495975428       0.75341987329615501     
                  289   259.12497133405236       -5.5855239883690157E-002
                  290   260.17202669404901       0.68838761233196710     
                  291   260.94743493214099       -2.2842934890514477E-002
                  292   261.93456764302880       0.61979812682373892     
                  293   262.88548611537254        3.4648077183854903E-002
                  294   263.67710438409500       0.67803571220659098     
                  295   264.51041137751662        2.8629146611780842E-002
                  296   265.46896774215440       0.65048025712366220     
                  297   266.47688716417304       -7.1096123238551662E-002
                  298   267.24855496979262       0.64404973369809992     
                  299   268.16396361429599        2.9317681699606968E-002
                  300   269.15505287355444       0.74510235209134845     
                  301   269.94067133978206       -4.7909172569079742E-002
                  302   270.85097515223350       0.76354997485272236     
                  303   271.89612135074049        7.7546244433568418E-002
                  304   272.68515021038149       0.74162754555401644     
                  305   273.64449697285892        1.3588118803913946E-002
                  306   274.56309503795040       0.66209341025846791     
                  307   275.32051542053654        7.3473073335222711E-002
                  308   276.31805478170310       0.75031139453113682     
                  309   277.15849554890531        1.5755058275323808E-002
                  310   278.19926574136002       0.71964073178044341     
                  311   279.08586090209565        4.6015271578816935E-002
                  312   279.82369192441195       0.79670573915433707     
                  313   280.88923895016444        3.7534335535983482E-002
                  314   281.60927841035016       0.71768454175698737     
                  315   282.68335828508754       -8.1785431037789569E-002
                  316   283.45492315899497       0.64222121366019491     
                  317   284.42909927213128       -4.9828889695780171E-002
                  318   285.38448013889536       0.78987707584230460     
                  319   286.15190244182668       -7.8554030475541076E-002
                  320   287.13982845200201       0.62940525735500474     
                  321   287.90493784427872       -7.6415226092313437E-003
                  322   288.90603280911876       0.64529623509487921     
                  323   289.72475182975876       -4.6631136124809631E-002
                  324   290.77475228427608       0.71220690227656724     
                  325   291.63737286770203        4.5598687231136470E-002
                  326   292.50380786100186       0.69295958940854330     
                  327   293.36693086375777        6.5978211455989089E-002
                  328   294.35236422758459       0.71232646924320786     
                  329   295.10664269071708        8.5130403287985545E-002
                  330   296.05361188608543       0.70507135460075698     
                  331   296.95466869711731        9.9519522906350077E-002
                  332   297.80631548619357       0.66909433108573180     
                  333   298.81206695941205       -9.4964438897838344E-002
                  334   299.69476400589735       0.74633382825963390     
                  335   300.67951566072497        2.6231704228356773E-002
                  336   301.48238035073513       0.75852354121483700     
                  337   302.31058472496863       -8.2263739704981187E-002
                  338   303.32305049329165       0.79215081532765252     
                  339   304.29839792831325       -9.6565588193236851E-002
                  340   305.11853527418810       0.75655478799182696     
                  341   305.91978141865735       -5.8960852434466644E-002
                  342   306.99198231406609       0.63146666820450492     
                  343   307.80892677579544       -2.3705497437748468E-002
                  344   308.61285848931863       0.78742157377779232     
                  345   309.61467178778497        8.7225398852368297E-004
                  346   310.52299763804007       0.71531193721758157     
                  347   311.49670637530005       -9.1693375048175124E-002
                  348   312.30787070927465       0.63512764828568813     
                  349   313.27947814346817        4.1635327184900650E-002
                  350   314.11952510950880       0.73711282727028793     
                  351   315.00108160771373       -1.2306206021004323E-002
                  352   315.88735307892597       0.62518467435677794     
                  353   316.77440287440481        7.2438532444669357E-002
                  354   317.76164797419216       0.75569937891405736     
                  355   318.55363209375537       -1.1409327891957588E-002
                  356   319.56037594304678       0.65780478774618167     
                  357   320.30403992619614       -3.2834752341645373E-002
                  358   321.34384917647441       0.66193414433228659     
                  359   322.28169662932828        3.7654266508562129E-002
                  360   323.08885823859896       0.76803486197701687     
                  361   323.99790980098504       -4.9103308341794570E-002
                  362   324.94852655213526       0.71060394280191286     
                  363   325.80673191918873        8.4947919261170540E-002
                  364   326.74606865141095       0.79222701421108477     
                  365   327.53074497901082       -3.1858195187435087E-002
                  366   328.49678646795218       0.69325604182987399     
                  367   329.48658394666899       -6.3205120575569540E-002
                  368   330.30322395413617       0.77784012432274963     
                  369   331.11489797018089       -9.7258231871432385E-002
                  370   332.10376388066538       0.60666251491368473     
                  371   333.02869924713349       -7.8893128009997621E-003
                  372   333.98357651607205       0.63117955797889558     
                  373   334.79026638814435       -5.8239603033585892E-002
                  374   335.62464483857428       0.65121617470267357     
                  375   336.59630497020726       -7.7593416757598274E-002
                  376   337.44387138298919       0.62263539469778306     
                  377   338.40085570409479       -2.0819527760280496E-002
                  378   339.24067077258405       0.63011265222354662     
                  379   340.26163713923745        6.1327539999614905E-002
                  380   341.02751972312103       0.71268530169904687     
                  381   342.06863322113242       -4.1767762316104518E-002
                  382   342.92345990124437       0.71959641305994937     
                  383   343.83638945476611        5.3278687222751170E-002
                  384   344.61293078836314       0.75374063654296197     
                  385   345.63517359182299       -8.1240323224862923E-002
                  386   346.56226122038083       0.78414895649275618     
                  387   347.38606915162495        1.6125384864948647E-002
                  388   348.25111130269738       0.75361320070079063     
                  389   349.29725412974989        1.2299261010353710E-002
                  390   350.01430471846481       0.60309867585544663     
                  391   350.98027512286399       -9.8401311523261537E-002
                  392   351.80357626518668       0.78379267108239470     
                  393   352.86024658858679       -8.7548181629168623E-002
                  394   353.67355104856404       0.68488398945230178     
                  395   354.51332334224969       -4.0342755013317945E-002
                  396   355.49037711299349       0.77055358352574765     
                  397   356.36572023915147        6.7248841264809789E-002
                  398   357.32440230027652       0.60149979563743394     
                  399   358.11693895733617       -8.2422694619303405E-002
                  400   359.17962824275173       0.62735977890622974     
                  401   359.91982054973982        1.7972961940337095E-002
                  402   360.87730282422240       0.76316117111864645     
                  403   361.79702302095217       -5.6922639779945237E-002
                  404   362.66010606623911       0.79884482425292169     
                  405   363.64464157051765       -7.3658775724757236E-002
                  406   364.59055471159905       0.78357098848474183     
                  407   365.39121905910116       -4.3681994550436282E-002
                  408   366.27127114900526       0.60707347267446732     
                  409   367.13983081775615       -5.4597509546858047E-002
                  410   368.00396312292247       0.68462383631759505     
                  411   369.08274904477889        3.5578882401647388E-002
                  412   369.85919467841450       0.70311530980625636     
                  413   370.81799615153108        1.7329964313113663E-002
                  414   371.68184904006409       0.70760122501709821     
                  415   372.69536826676142       -4.5751371218481364E-002
                  416   373.57395784045991       0.60628945663352496     
                  417   374.30433968837355        6.2611464508389586E-002
                  418   375.30718637864692       0.66361248226316605     
                  419   376.29439853874987       -5.4006915089042332E-002
                  420   377.19572490253012       0.75199341435684353     
                  421   377.93564552639936        4.0964504049813277E-002
                  422   378.89116895312895       0.68941227485193068     
                  423   379.81715651495517        7.4936640159855988E-002
                  424   380.67057388897172       0.66332863103513073     
                  425   381.54901442347676        9.8031193789449578E-002
                  426   382.42157086684148       0.76514540369339668     
                  427   383.37133911468158        2.9960886874454418E-002
                  428   384.28004914310748       0.78589099671270968     
                  429   385.16614615884913        2.5710941694967820E-002
                  430   386.19288696408057       0.78427239569998608     
                  431   386.92091316877259       -1.4092182186065297E-002
                  432   387.83902191596201       0.69739995261987098     
                  433   388.78155888375409       -8.3571253298121900E-002
                  434   389.79352192728840       0.77555510169139508     
                  435   390.64044289060729       -4.7038817665469440E-003
                  436   391.41465044794063       0.74339777882157132     
                  437   392.35766796149471        7.9780820156300142E-002
                  438   393.23691101853069       0.72947536285388459     
                  439   394.13975471312534       -3.2488063211194754E-002
                  440   395.01637321573941       0.72388244663285850     
                  441   395.94791276132156        9.6623624938268010E-002
                  442   396.85842488152451       0.62405594743565240     
                  443   397.85112423145210        7.8549625854550387E-002
                  444   398.64081624301099       0.71284531690707753     
                  445   399.69519715228660        8.3826533569075823E-002
                  446   400.42986265817007       0.63476159841572977     
                  447   401.49233608417427       -9.5450002183193133E-002
                  448   402.21608704139311       0.63321689315038798     
                  449   403.28495840785234        4.4956532318971038E-002
                  450   404.05605648338013       0.77270551852657821     
                  451   405.06117524950258        6.3828700757863038E-002
                  452   405.94120217451308       0.69645993445302290     
                  453   406.86228069172915        4.9920331263228868E-002
                  454   407.61430229449115       0.74020426272294004     
                  455   408.65923100613276        6.9428493022141241E-002
                  456   409.55711561380230       0.70595403090337938     
                  457   410.35206810333108       -6.2172054703061287E-002
                  458   411.25939481555673       0.77505183983823656     
                  459   412.10158719914040       -3.5978427788998249E-002
                  460   413.09375080907955       0.69487077539484299     
                  461   413.96873878335367        3.5001755872851509E-002
                  462   414.89905008623907       0.76686941780198370     
                  463   415.76592248996764       -4.3223252600921379E-002
                  464   416.65926412737218       0.76519651013584356     
                  465   417.63717409034581        2.8048666290356739E-003
                  466   418.40268461664061       0.75917076083792479     
                  467   419.36437291853713       -1.6120701997405784E-002
                  468   420.27469590776127       0.65924075321774644     
                  469   421.14735009886709        4.7552895426051567E-002
                  470   422.03248498446754       0.64403465467547638     
                  471   422.94315027672059       -1.6182089233451588E-002
                  472   423.87360671964376       0.70532535868018231     
                  473   424.71787395111573       -8.1942285701379236E-002
                  474   425.74030881116113       0.63883723928008684     
                  475   426.64055932653548        9.7737879848123460E-002
                  476   427.50133220944258       0.67736837676563744     
                  477   428.46437365812142        3.9681940710848851E-002
                  478   429.22783147704780       0.72373005679917157     
                  479   430.23346138358045        8.4664426822942479E-002
                  480   431.09531856937241       0.71190550643576322     
                  481   432.05263950024806        3.0813457657315524E-002
                  482   432.86347432875795       0.70857627339662033     
                  483   433.81702303753548       -8.3414492652060940E-002
                  484   434.60395845804339       0.78620295893879677     
                  485   435.63498651837511        7.8339008346930555E-002
                  486   436.50690112674147       0.60259289362077828     
                  487   437.31176901586957       -1.1433814815501722E-002
                  488   438.26523666960782       0.77541069518860883     
                  489   439.21906929064011        5.2891937179625259E-002
                  490   440.06266655487144       0.75305638945322706     
                  491   440.98423766588309        6.4722643880342490E-003
                  492   441.86567844090450       0.64396815431128451     
                  493   442.87127476961120        4.3318612473520396E-002
                  494   443.71600838726289       0.64320737638663927     
                  495   444.51510585762281       -5.8019528658202167E-002
                  496   445.45586223521531       0.62744768125549677     
                  497   446.38400359644805       -8.7207176521943139E-002
                  498   447.35052916452861       0.70783372142151058     
                  499   448.29553192531307       -9.8798413595475615E-002
                  500   449.04376498256465       0.63957340258536666     
                  501   450.01469231683308        3.5754246478025525E-002
                  502   450.93337973220275       0.69297483311377472     
                  503   451.84356433213492       -8.9568827553114572E-002
                  504   452.72968556598386       0.73499457716458094     
                  505   453.55618359384516        5.9769580414084367E-002
                  506   454.46321374013775       0.71890604085934018     
                  507   455.42333319793238        1.0238320861204173E-002
                  508   456.23111248668630       0.74213781055694861     
                  509   457.19280927448131       -3.4867291779245121E-002
                  510   458.15485055716454       0.62277116643606323     
                  511   459.06550322572770       -8.2298110242964934E-002
                  512   459.94795177180731       0.72157623930773795     
                  513   460.74784884538235       -2.2222952504289420E-002
                  514   461.78456604936969       0.64519843139056376     
                  515   462.56870782918287       -9.5162248349908163E-003
                  516   463.50616051928927       0.72314362192223025     
                  517   464.49070294704683        8.2119240726315407E-002
                  518   465.38468657434879       0.71948722283308741     
                  519   466.16982395611956       -1.6332024856507379E-002
                  520   467.15626368640739       0.79156325851082865     
                  521   468.05887538437690       -8.7939415205554636E-002
                  522   468.87059460312645       0.67958609994981778     
                  523   469.74013371353567       -3.0592879804499623E-002
                  524   470.73012727145692       0.66102374132449437     
                  525   471.56801442071082       -3.8586403815704683E-002
                  526   472.48229071831963       0.63421375159221138     
                  527   473.47775968821685        1.2665560629390393E-002
                  528   474.31901741624768       0.70179728386238716     
                  529   475.29171173402864       -1.4997009228331915E-003
                  530   476.10666746894447       0.76690201327354790     
                  531   477.01514325376348       -7.9022315617469405E-002
                  532   477.94701827984107       0.77134898309819722     
                  533   478.88452658276361        4.3374840487923533E-002
                  534   479.61595324589808       0.65133374922186871     
                  535   480.67907539154146        2.6725611778808361E-002
                  536   481.59184244660719       0.64300932729965266     
                  537   482.48617839608193       -6.0190042849019972E-002
                  538   483.39819726463031       0.76425669677607388     
                  539   484.17659554016382        1.6185561048279257E-002
                  540   485.00499605095570       0.76534184404082473     
                  541   486.02940276746193       -3.7749976539742436E-002
                  542   486.83293436569528       0.70590954510182402     
                  543   487.74587335794575       -5.3574506451127962E-002
                  544   488.75380363388246       0.65614817135746017     
                  545   489.63533836017518       -8.0590262941964474E-002
                  546   490.59589891960138       0.71691269293474225     
                  547   491.30623719418151       -4.7131251174463748E-002
                  548   492.22006397588905       0.77996966628378139     
                  549   493.15257691455588        5.8378343948202766E-002
                  550   494.12453331742984       0.76442484063600979     
                  551   494.99510589697599       -9.0485344851004484E-002
                  552   495.92893077152507       0.77967237259377198     
                  553   496.76778069907328        2.0049576617522394E-002
                  554   497.63598632056949       0.69827080009907250     
                  555   498.51726880575535        3.1752918877726161E-002
                  556   499.59902640996518       0.79961262272772360     
                  557   500.36396080339210       -9.2660355148193319E-002
                  558   501.29214392477007       0.65152182899337485     
                  559   502.17113155359976       -2.7531786821617873E-002
                  560   503.11633984884895       0.65409877679535433     
                  561   503.99830731594284        1.9652542323907618E-002
                  562   504.81762148295081       0.62789592331352151     
                  563   505.70488093288651       -2.8970974916158895E-002
                  564   506.73772485717285       0.70469125006982836     
                  565   507.67339542974514       -9.7415597240105081E-002
                  566   508.58227751971106       0.60654399468558684     
                  567   509.44596151941681       -2.0468911836359169E-002
                  568   510.28264191770756       0.72950829718291033     
                  569   511.15497333979914        4.2972770151040146E-002
                  570   512.09675655179080       0.64515676131438870     
                  571   513.01872538541375       -2.6773368296931860E-002
                  572   513.91635972553229       0.76028295104105315     
                  573   514.71585950346389       -3.0361665936464832E-002
                  574   515.69807300329069       0.61494797751972308     
                  575   516.63978863493685        1.3136537423823591E-002
                  576   517.48444567879949       0.70905431511700268     
                  577   518.46564768032772        7.6016572032913676E-003
                  578   519.31641744679825       0.75385597847286656     
                  579   520.19380665119957        4.6215894759844611E-002
                  580   521.08763407641959       0.63074906016957188     
                  581   522.07124721816831        3.7429605225222790E-003
                  582   522.90108804669080       0.65215971056435307     
                  583   523.87511087083021       -9.1514813235120909E-002
                  584   524.75162086394039       0.73505318888334825     
                  585   525.61365238569817       -8.0192518451396883E-002
                  586   526.55653732721851       0.74761692649689782     
                  587   527.46427589024563       -8.0391096024314657E-002
                  588   528.30270102001168       0.61692499154069746     
                  589   529.20685155929368        6.6141151166596912E-002
                  590   530.00460847866441       0.74201907375728338     
                  591   530.92940454489872       -1.1993775307398341E-002
                  592   531.94571669755476       0.78648785701801771     
                  593   532.74933252971209       -5.4858451876781206E-002
                  594   533.68458453299411       0.77097208136389117     
                  595   534.61790599803726        7.0968276112833906E-002
                  596   535.58876236335811       0.63535653493998356     
                  597   536.43172366341321       -7.2882446654463584E-002
                  598   537.34378661310450       0.79032402809411484     
                  599   538.18142555763188       -6.5997926711212809E-002
                  600   539.05442838527642       0.62609765365165748     
                  601   539.92652977009107        5.0813760923393403E-002
                  602   540.98377646768029       0.62950955713228729     
                  603   541.82449903813654        2.0990659101992146E-002
                  604   542.71629359593419       0.77457670490857622     
                  605   543.63150732800659       -6.4184517016033060E-002
                  606   544.54470892698373       0.68839892181998885     
                  607   545.34615436368665        4.4552630406927585E-002
                  608   546.24862557380595       0.63002444424926041     
                  609   547.24237216860752       -8.4193633747924754E-002
                  610   548.09058322971748       0.70788693528615709     
                  611   548.96319366445687       -6.5559114052155504E-002
                  612   549.99158518233025       0.61410261084874429     
                  613   550.81497149942334       -6.1018600812851556E-002
                  614   551.76609874971109       0.78312894442601755     
                  615   552.63544409333235        4.0021217501927248E-002
                  616   553.59702250448663       0.65735845753952382     
                  617   554.33230021908628       -8.1498529295389088E-002
                  618   555.37460719940771       0.66304101529415660     
                  619   556.20828690301551       -2.3082042569961117E-002
                  620   557.16839050379417       0.61412925982121713     
                  621   557.96419965701386       -2.5307574420274551E-002
                  622   558.81827007686525       0.72423830915236354     
                  623   559.80985728622045       -9.1445735411175844E-002
                  624   560.77990958633279       0.78645491109094334     
                  625   561.58464099344167        5.8215808823122994E-003
                  626   562.48276852090203       0.60072397281387213     
                  627   563.44208212402452        7.1174759629818729E-002
                  628   564.31437311927004       0.64968430251815468     
                  629   565.24100020281128       -1.6130145208369570E-002
                  630   566.05931359542853       0.62355882299678622     
                  631   567.03800468000554        6.1860673786193088E-002
                  632   567.88849355250488       0.63607744105154429     
                  633   568.72302891420702        6.8332516714292829E-002
                  634   569.61358316436440       0.63926696796442217     
                  635   570.58172226997613        8.7837789907667801E-002
                  636   571.52571268920917       0.60888441743004673     
                  637   572.37813487196433       -6.7839922169842901E-002
                  638   573.33507274816759       0.78726217376431762     
                  639   574.21283461562200       -8.9191553606133844E-003
                  640   575.14886221464428       0.72468811732734817     
                  641   575.90062065876987        6.6855911304354254E-002
                  642   576.94648551610260       0.61234446740353454     
                  643   577.80627236989710        4.1799502007957567E-002
                  644   578.78803796685895       0.78784066091129878     
                  645   579.66034203185961        1.7415738520016877E-002
                  646   580.55072726664980       0.63446363241727188     
                  647   581.32005731750132        2.1552040715950460E-002
                  648   582.32517036670311       0.72034737710906660     
                  649   583.18792171343455        1.4540153698984218E-002
                  650   584.08460741636918       0.78994237557924285     
                  651   584.91549815733322        6.1268139185655796E-002
                  652   585.90639904672469       0.72466669569267783     
                  653   586.74900781329086       -1.1542595305050876E-002
                  654   587.70766616257981       0.60490121323973922     
                  655   588.57412102748003       -5.8646180442202309E-002
                  656   589.49218379632123       0.71210150874997402     
                  657   590.41508122412586        1.3071545144672889E-002
                  658   591.22024934133117       0.75446104819239057     
                  659   592.12222697539926       -5.4496192690853915E-002
                  660   593.00354655851777       0.77284471894615059     
                  661   594.04471107971358       -3.4531046579681285E-002
                  662   594.92122259417556       0.62852980300320016     
                  663   595.89124832550294        5.6453977254570464E-002
                  664   596.63703926073981       0.73209096480639779     
                  665   597.52302043261682        1.7544958276668091E-002
                  666   598.43681482889679       0.60039712817097290     
                  667   599.43537104215909        6.0001600391349413E-002
                  668   600.25627090481441       0.78721261042101021     
                  669   601.18777522068478       -3.3189709275459930E-002
                  670   602.00677248656120       0.73503822017019349     
                  671   603.00726226728921        4.6407736360747159E-002
                  672   603.88881434338862       0.68825989708453550     
                  673   604.80226221195187       -4.2589610959264848E-002
                  674   605.74486297389478       0.69054473942708339     
                  675   606.50224076747816       -5.0856219719472934E-002
                  676   607.53739969072478       0.66840269727884138     
                  677   608.32695554600082       -5.8737322640925738E-002
                  678   609.33882216619554       0.60954764420299612     
                  679   610.11054658727141        2.4690044573395242E-003
                  680   611.01339492823138       0.76916142348466221     
                  681   612.02510507097679        9.3135034008089368E-002
                  682   612.99979170289532       0.64926792227496843     
                  683   613.87127268347854       -7.5385956857257963E-002
                  684   614.77111128790136       0.66621124206543669     
                  685   615.50659213944346        3.7785711730731891E-003
                  686   616.45846276201985       0.72786391235288894     
                  687   617.35108313109095        8.9926246840534019E-004
                  688   618.28728191724349       0.63851552656715993     
                  689   619.19674918725195        2.9492906538528540E-002
                  690   620.08837452673311       0.62601817017469030     
                  691   620.98233659347670       -1.5198543215971236E-002
                  692   621.93707852153000       0.70417525947630488     
                  693   622.71406617716195       -9.6760027338722646E-002
                  694   623.70403485525708       0.74083608556436631     
                  695   624.62658225565349        6.5303621206474344E-002
                  696   625.55527331824442       0.72556357999351717     
                  697   626.32830755361636       -9.8740347248524332E-002
                  698   627.22280489440925       0.69903204412349373     
                  699   628.25602076945734        6.3311869698658818E-002
                  700   629.10885834144347       0.72649942089364883     
                  701   630.09878203699532       -2.4256784649428736E-002
                  702   630.99166262882682       0.66735168460097816     
                  703   631.89011779880286       -2.5926146755088503E-003
                  704   632.64183312268074       0.74895970836255998     
                  705   633.61244034457320        9.1803611423004555E-002
                  706   634.40562455961162       0.63656633465786061     
                  707   635.48411852389211       -6.2271410639169224E-002
                  708   636.21798657276281       0.74433192018128624     
                  709   637.13491646252032       -3.7692334937041994E-002
                  710   638.03631021295303       0.70393551866968063     
                  711   638.93890991206956       -4.1915636018641005E-002
                  712   639.92311576582586       0.70369826079635489     
                  713   640.89259797140858        1.0095469146337868E-002
                  714   641.67040783769141       0.64946133218919100     
                  715   642.56229627422692       -7.6957271204590810E-002
                  716   643.51745310466367       0.65375579800415784     
                  717   644.35500400128478       -8.1376299261752827E-002
                  718   645.22627841114399       0.70342848485278153     
                  719   646.29172770112109       -8.8844200042144356E-002
                  720   647.06994459249267       0.60424791419186508     
                  721   647.98343068011513        2.0056288749898316E-002
                  722   648.92362201877074       0.63228721649020614     
                  723   649.73765743336139        9.3000327948105005E-002
                  724   650.71696754522975       0.63691883695339369     
                  725   651.53361929974972        3.7413534038744006E-002
                  726   652.53654950406212       0.63476967510160831     
                  727   653.41515287083996        2.2749849794540172E-002
                  728   654.27258132653481       0.70972087728192323     
                  729   655.24086892288824       -3.5170393864645988E-002
                  730   656.11679574305788       0.77871809328760389     
                  731   657.00864361862830       -5.1334379817390009E-002
                  732   657.93877590314673       0.63307342026220970     
                  733   658.86679942503133        5.6270868575621413E-002
                  734   659.71121884354159       0.77079114342794797     
                  735   660.63181863403031       -5.1123164071451212E-002
                  736   661.46275532270784       0.62343402732395370     
                  737   662.38060819202951       -5.9881531005958472E-002
                  738   663.33263408745540       0.75213494943023107     
                  739   664.15719965696519       -6.9483601681541177E-002
                  740   665.17607764467675       0.73857256796700133     
                  741   666.06884529060687       -2.9350898991165761E-002
                  742   666.92035924184745       0.68330945888610117     
                  743   667.81078871602165        1.8065937431814130E-002
                  744   668.67228933333911       0.67508825006226625     
                  745   669.69542536066490       -9.0947347157858766E-002
                  746   670.44203810993781       0.62137940439920869     
                  747   671.34852126475710        9.0595119450621459E-002
                  748   672.28721173814006       0.66749075389897028     
                  749   673.14115862874019       -5.8246389139847934E-002
                  750   674.03838774064820       0.64462577378316399     
                  751   675.03676118573844        6.8950152579936363E-002
                  752   675.83537683108034       0.65319801275805389     
                  753   676.76907165210946       -7.8695698521228791E-002
                  754   677.75033068778964       0.79491253183451649     
                  755   678.61579344164704       -3.4125426192733316E-002
                  756   679.56555365985457       0.66106107394146352     
                  757   680.45838408706982        7.7423311883469542E-002
                  758   681.21501217935077       0.79401937240044496     
                  759   682.15894621724647        8.7298456023845034E-003
                  760   683.03423618582849       0.74845204919867969     
                  761   683.95270975167807       -8.5135140261284145E-002
                  762   684.80567637170395       0.78849362532773437     
                  763   685.85335977021032        9.4825484116465436E-002
                  764   686.68779457883818       0.78719017376808775     
                  765   687.62460137103676       -8.3459255153188666E-002
                  766   688.41494337647032       0.60920783850407778     
                  767   689.46328835526697        2.0433217868084746E-002
                  768   690.27014225524238       0.79718497542048516     
                  769   691.24963249281404        7.4151732532991566E-003
                  770   692.14064905628265       0.72337210115538120     
                  771   692.92238165374226       -4.2230027465605807E-003
                  772   693.87360033562845       0.62121501393065270     
                  773   694.77202081666996       -3.8059265088446863E-002
                  774   695.76284728155531       0.67602558028701987     
                  775   696.66400291981893        2.3042792753585103E-002
                  776   697.54205166069391       0.65136046958207072     
                  777   698.31785023192560        8.1761943430707418E-002
                  778   699.22330260705996       0.75555103371487720     
                  779   700.22676787512285        7.2229439992892469E-002
                  780   701.00157634471213       0.63250041335885754     
                  781   701.99029033878753        1.3079687198437204E-002
                  782   702.97158215910326       0.73166685257377717     
                  783   703.74627650814182        5.0892565217055818E-002
                  784   704.64704409637727       0.73774212729910349     
                  785   705.52230381260927        9.1683280055657013E-002
                  786   706.41993161163487       0.69487767606075512     
                  787   707.49637961389908       -2.0663279316061864E-002
                  788   708.27933155169842       0.61314561423409719     
                  789   709.20399548657815        6.3337438500356030E-002
                  790   710.11734725178667       0.71735383988313839     
                  791   711.05728474928094        5.4818497080844825E-002
                  792   711.84089954672402       0.73767224370516149     
                  793   712.71564555902626        4.5475026052203243E-002
                  794   713.63983896766524       0.71905545599428555     
                  795   714.66210657124907       -8.3726863065397866E-002
                  796   715.46500806094548       0.65421075931726813     
                  797   716.40521673646333        1.1430957940374478E-002
                  798   717.24891033166296       0.75872839499185196     
                  799   718.15592075058896       -9.4136816597341369E-002
                  800   719.08648168641446       0.75597401613540038     
                  801   720.03779645205179       -1.9045547613562822E-002
                  802   720.91860496792322       0.77950741234222043     
                  803   721.89219995123426        9.9339166565995035E-002
                  804   722.67668276190307       0.78889712778058563     
                  805   723.53573431538564        6.9172554490630478E-002
                  806   724.52679490947742       0.74146263982869387     
                  807   725.47101155913469        3.4584777266235378E-002
                  808   726.31918570205573       0.69634605633910929     
                  809   727.23473560329853        8.6594606313962236E-002
                  810   728.10066963219163       0.66212558251422060     
                  811   728.96534837264403        9.1796623917015679E-002
                  812   729.86985885808099       0.66374253834742269     
                  813   730.88575223295777       -2.4336327904351251E-002
                  814   731.69651131137095       0.65160563567275342     
                  815   732.66767084385913        9.7425591299718728E-002
                  816   733.56611673203099       0.77153088688272464     
                  817   734.48763279192826        9.3612631856947903E-002
                  818   735.32600216872879       0.60354658686867824     
                  819   736.22498063537148        1.9058725851487879E-002
                  820   737.12422268713988       0.67175232963414599     
                  821   738.09949742836648       -7.9132794452934946E-002
                  822   738.84700535675279       0.69986150515484868     
                  823   739.83189972802018        6.6458816445048613E-002
                  824   740.77165756590614       0.65960290091014429     
                  825   741.57800255261145        6.8724693558513295E-002
                  826   742.52947546895223       0.76978550576962368     
                  827   743.35316341160853        1.0497289046816641E-002
                  828   744.21063979347173       0.68377270983770777     
                  829   745.21335517660668       -2.9767148798822404E-002
                  830   746.04079644624073       0.63789382795364136     
                  831   747.02176734005900        8.4976868530998145E-002
                  832   747.99131442337864       0.78356448959741531     
                  833   748.87043336173952       -9.4466165791162182E-002
                  834   749.78823808355946       0.72634072071611877     
                  835   750.54136838750708        8.4439136203294740E-002
                  836   751.55165482846360       0.68200354849040556     
                  837   752.30099916598942       -8.6560313215008650E-002
                  838   753.26999821888910       0.64876112173144429     
                  839   754.15643881673452       -3.9328453129216130E-002
                  840   755.11925761521252       0.77184621591234381     
                  841   755.92152260210923       -6.0285654826838370E-003
                  842   756.87167309572260       0.63272643534590056     
                  843   757.76398747350640       -5.6051321938263093E-002
                  844   758.61757416333080       0.72198622346943631     
                  845   759.60923853768941        7.2130330760115241E-002
                  846   760.57463655073605       0.73055486546773618     
                  847   761.43834896193346        2.9212669754661108E-002
                  848   762.30622447239307       0.73495252807661837     
                  849   763.21063972150478        4.4833336302842697E-002
                  850   764.15964041115330       0.75142841664969540     
                  851   764.91950637687410       -9.0858835624573614E-002
                  852   765.83187650318962       0.68160378057901960     
                  853   766.89343294420519       -8.1371792016912942E-002
                  854   767.63791877945243       0.63114365382515814     
                  855   768.54955258451594       -6.9182535375484411E-002
                  856   769.42083338746659       0.70913932779377176     
                  857   770.41100172144559       -6.7370052837507910E-002
                  858   771.20227699711984       0.72549873831083400     
                  859   772.28659073815186        6.0435955839275773E-002
                  860   773.04740618595486       0.78369460595851903     
                  861   774.09319942173659        7.9552688023838386E-002
                  862   774.87858490965993       0.77215703032410321     
                  863   775.84263355266341        7.8817717303626134E-002
                  864   776.72583772638416       0.62611517548158147     
                  865   777.55744515160973       -7.7853804597074916E-002
                  866   778.50216046089702       0.72356879835800147     
                  867   779.44424585152979        9.7691338599269623E-002
                  868   780.28385687737955       0.78917369826727835     
                  869   781.28485751581400       -6.5559137764405528E-002
                  870   782.10209622651428       0.64596287450818557     
                  871   782.95890926489380       -2.9050721797365120E-002
                  872   783.87076493832694       0.66125016062355368     
                  873   784.73248588360104        3.5458442002300194E-002
                  874   785.73732290978523       0.63506645422379959     
                  875   786.66201840443557        5.0281258493790365E-002
                  876   787.55457980983829       0.77873000872450160     
                  877   788.30396017292526        2.3850319687454088E-002
                  878   789.26173127806578       0.73770393387996436     
                  879   790.10602150175828        6.9360037200876773E-002
                  880   791.07404275521333       0.78186744204841663     
                  881   791.99671988569560       -9.5376917511191858E-002
                  882   792.99692804271137       0.64326072721764138     
                  883   793.77062789074387       -7.8467467210747571E-003
                  884   794.69419020963210       0.63698348644601721     
                  885   795.66341463229082        9.2256111344791364E-002
                  886   796.42797601200698       0.64317817458083648     
                  887   797.48015862725083        1.1413049962087848E-002
                  888   798.24008974548838       0.70637189091239894     
                  889   799.14710917305752        3.9568904601991722E-002
                  890   800.11279847558922       0.64709250765708248     
                  891   800.92739687249968       -3.7446388271185641E-002
                  892   801.96523869843190       0.65913591578845609     
                  893   802.77217802680616       -8.1356460716265316E-002
                  894   803.61588274240091       0.73275162148149420     
                  895   804.54993419232358        4.7975442028684590E-004
                  896   805.45371424803943       0.74364264034751359     
                  897   806.37262556515304        3.1858646110205668E-002
                  898   807.21300364130116       0.69374152752586338     
                  899   808.22002378187631        4.6561428714272907E-002
                  900   809.06488786187629       0.75801101567956808     
                  901   809.94584915755763        8.4763138489859613E-002
                  902   810.86766426299505       0.65908918058266908     
                  903   811.76955700996052       -5.4280479436397792E-002
                  904   812.66916796325313       0.61232465461189711     
                  905   813.50738694244944       -8.1359331356159026E-002
                  906   814.52556274697861       0.79188701234355519     
                  907   815.34300321686146        3.5797067004721655E-002
                  908   816.37408628217338       0.78406449626656038     
                  909   817.28123573239805        5.6453442138964915E-002
                  910   818.01532382441303       0.73974338006572127     
