                  200  0.96293758260349593        3.9444640035147964E-002
                  400   1.1217346052716661        3.8234038570419848E-002
                  600   1.2114987874082781        3.7564817273004307E-002
                  800   1.0991533812236998        3.8429106925418469E-002
                 1000   1.1025776325000822        3.8394808915733915E-002
                 1200   1.2123828975220348        3.7585414912289998E-002
                 1400   1.2125749832868313        3.7581501217971831E-002
                 1600   1.2263444436196631        3.7459849085240506E-002
                 1800   1.2459150664250689        3.7322735122988886E-002
                 2000   1.2763548718441886        3.7101184173457584E-002
                 2200   1.2752087260379121        3.7107271951713372E-002
                 2400   1.2318090057915205        3.7450711602792765E-002
                 2600   1.3508937982158367        3.6547363124275346E-002
                 2800   1.4029542351060598        3.6144876465005055E-002
                 3000   1.3600464568404975        3.6473946400108585E-002
                 3200   1.3236138500524410        3.6743715092985234E-002
                 3400   1.4243708804832929        3.5986286645986104E-002
                 3600   1.4166369089137902        3.6049894249625375E-002
                 3800   1.4384213708683338        3.5882798451033530E-002
                 4000   1.3932433583484303        3.6224259921765450E-002
                 4200   1.4255469935838836        3.5974001793595646E-002
                 4400   1.4062834582132913        3.6118695742654632E-002
                 4600   1.4157666423957691        3.6056386450472620E-002
                 4800   1.4159341569254604        3.6051393872266593E-002
                 5000   1.4139815399774749        3.6066626822185817E-002
                 5200   1.3801238637894628        3.6323527919754642E-002
                 5400   1.4506341747062665        3.5790389153732241E-002
                 5600   1.4294174349257336        3.5958251642746214E-002
                 5800   1.4692520470028911        3.5646258009361602E-002
                 6000   1.4531470300033744        3.5777040588482231E-002
                 6200   1.4309846747807826        3.5943365854938784E-002
                 6400   1.4291936460519248        3.5947474038299787E-002
                 6600   1.4109064416227584        3.6095767274714093E-002
                 6800   1.4154774109209520        3.6058776452001791E-002
                 7000   1.3965015505312819        3.6210484452717337E-002
                 7200   1.3578088609523238        3.6498795085252701E-002
                 7400   1.3243196856113231        3.6737573227461483E-002
                 7600   1.3527441429411113        3.6517544910444927E-002
                 7800   1.2989470894012660        3.6928826505833005E-002
                 8000   1.3095090749157607        3.6844980199976556E-002
                 8200   1.3308592678555244        3.6686274344992040E-002
                 8400   1.2744812402632797        3.7110685417647837E-002
                 8600   1.2357366187320673        3.7407073193947246E-002
                 8800   1.1500912775678622        3.8052116173596565E-002
                 9000   1.2173057973638959        3.7528658976643973E-002
                 9200   1.1939489576770506        3.7707457671524183E-002
                 9400   1.1944869293549460        3.7706183343540443E-002
                 9600   1.1531805344889825        3.8026102708792094E-002
                 9800   1.1256839362132787        3.8226121627184473E-002
                10000   1.1478764740957839        3.8054974170651151E-002
                10200   1.2159657188403443        3.7534803638993017E-002
                10400   1.2002285744131915        3.7655053533137486E-002
                10600   1.2658140293716638        3.7182056191928291E-002
                10800   1.2851028871175152        3.7008906911635303E-002
                11000   1.2595048072058981        3.7210526809235964E-002
                11200   1.3292313646171985        3.6680364169723020E-002
                11400   1.2483614900742461        3.7283381131813426E-002
                11600   1.3096598976652472        3.6837379363554357E-002
                11800   1.2617576040335887        3.7201425163877699E-002
                12000   1.2876820335317003        3.7021749945445638E-002
                12200   1.3554449648578983        3.6494735602667132E-002
                12400   1.3994765176586832        3.6157494781823972E-002
                12600   1.2962691197217231        3.6956918379386486E-002
                12800   1.4092342793313399        3.6097583999750715E-002
                13000   1.3462170733306698        3.6561666976551999E-002
                13200   1.3998239002980066        3.6158388836433492E-002
                13400   1.3971262039176546        3.6203472405993552E-002
                13600   1.3073846900801029        3.6877624363922647E-002
                13800   1.4245834715205969        3.5988593527572950E-002
                14000   1.4248217929913658        3.5971017680359214E-002
                14200   1.3752672165451687        3.6355177855480002E-002
                14400   1.4097281698519983        3.6095931086775328E-002
                14600   1.4542397104162434        3.5747265377314229E-002
                14800   1.4183186501415093        3.6037457047743464E-002
                15000   1.4316220768617691        3.5936330683983268E-002
                15200   1.3865809219322520        3.6285716875478609E-002
                15400   1.3950299752126634        3.6207028545390110E-002
                15600   1.4235034910698703        3.5986969168486815E-002
                15800   1.3813888218805288        3.6315419538492551E-002
                16000   1.3272687488852903        3.6725286728902622E-002
                16200   1.3495335171695855        3.6551137999924342E-002
                16400   1.3711773543203551        3.6382960139919499E-002
                16600   1.3930091533833553        3.6214965767085237E-002
                16800   1.3134300166309658        3.6824623013014000E-002
                17000   1.2630536029080792        3.7214624636322156E-002
                17200   1.2435977381210721        3.7342980924647877E-002
                17400   1.2941674658112461        3.6966325794555964E-002
                17600   1.2576802656448034        3.7236717772669001E-002
                17800   1.2034188187570876        3.7639966135781952E-002
                18000   1.1922112641178602        3.7718894271355156E-002
                18200   1.2689085043489912        3.7137798927819425E-002
                18400   1.2383703630015213        3.7371977613330713E-002
                18600   1.2319239906086015        3.7430007080638879E-002
                18800   1.0811927849748773        3.8557850337530619E-002
                19000   1.1571351467694568        3.7972235478422496E-002
                19200   1.2735366013672980        3.7095368178643721E-002
                19400   1.2616651482141266        3.7199988429757427E-002
                19600   1.1941155608241520        3.7707927664689715E-002
                19800   1.1540456209793422        3.8008093531425639E-002
                20000   1.2509533619490134        3.7267471765020176E-002
                20200   1.1106470832670803        3.8347524420388343E-002
                20400   1.1327520676391480        3.8175463120023956E-002
                20600   1.1623791178477776        3.7955477730020198E-002
                20800   1.1847023624267614        3.7787021518755876E-002
                21000   1.1778282939915621        3.7843099949362538E-002
                21200   1.2657451454778348        3.7176453969237265E-002
                21400   1.2451130038940694        3.7316886140154860E-002
                21600   1.3236195371565065        3.6738570646302024E-002
                21800   1.2299747267808807        3.7456357512317524E-002
                22000   1.2417548490110262        3.7365392222135758E-002
                22200   1.3002092140833805        3.6916127037594400E-002
                22400   1.2797232128840634        3.7070873391798390E-002
                22600   1.3165983539972701        3.6797465210564560E-002
                22800   1.3354984700064740        3.6659567534890636E-002
                23000   1.3006990386665542        3.6915982910916467E-002
                23200   1.2696388682756452        3.7158855254244241E-002
                23400   1.3347280980820482        3.6650036501690866E-002
                23600   1.3818633660401405        3.6302792641803930E-002
                23800   1.3462854891304097        3.6577433735222868E-002
                24000   1.3380420135395386        3.6638849831091634E-002
                24200   1.3324639765462931        3.6681736594743324E-002
                24400   1.3534538427361575        3.6524668225157118E-002
                24600   1.3364653989906214        3.6641663628430778E-002
                24800   1.3497518409124756        3.6550600229518719E-002
                25000   1.2993347910109652        3.6927781549317987E-002
                25200   1.2907316683725629        3.6997456737919279E-002
                25400   1.3788524318529320        3.6324638392272950E-002
                25600   1.3118575623384732        3.6836301086295521E-002
                25800   1.3319691858242759        3.6687791714056422E-002
                26000   1.4179211249536796        3.6041430510791367E-002
                26200   1.2909290146618466        3.7001854449038994E-002
                26400   1.2850042596715507        3.7045918928324179E-002
                26600   1.3378891269146607        3.6641536540087151E-002
                26800   1.2763816000219896        3.7101466754813253E-002
                27000   1.2774473012307106        3.7095603373022264E-002
                27200   1.2305058913252978        3.7448431495541584E-002
                27400   1.2980475223344732        3.6931187074891431E-002
                27600   1.3364529695329874        3.6636200617210693E-002
                27800   1.2943551245548479        3.6948788664924563E-002
                28000   1.2331069920651108        3.7440198278689919E-002
                28200   1.2390121671985741        3.7388967635667111E-002
                28400   1.2446930272597205        3.7306821568097628E-002
                28600   1.2093706505782702        3.7598617665125816E-002
                28800   1.2650983163430221        3.7168261035254994E-002
                29000   1.1304460584843969        3.8205560356655247E-002
                29200   1.1747186716064788        3.7871491546934005E-002
                29400   1.1572588185171269        3.8002026757787431E-002
                29600   1.2429363645993656        3.7339099796426592E-002
                29800   1.1775466205731373        3.7840532513195108E-002
                30000   1.2066351730083837        3.7617202039306206E-002
                30200   1.3043377618844607        3.6875716013475314E-002
                30400   1.2367611150379927        3.7387394791455190E-002
                30600   1.1880146493195813        3.7768738337739478E-002
                30800   1.2037785238220655        3.7649535721634549E-002
                31000   1.2718658635206503        3.7123190374995840E-002
                31200   1.2192959232495291        3.7538416784195817E-002
                31400   1.2481193555474170        3.7314059068371930E-002
                31600   1.2952797323047462        3.6942980720487614E-002
                31800   1.1884805996299783        3.7774169043391433E-002
                32000   1.2299910600875745        3.7444585280808268E-002
                32200   1.1749959397086309        3.7861084113158944E-002
                32400   1.2823185859621866        3.7054330636583678E-002
                32600   1.2710558315110865        3.7143251578558842E-002
                32800   1.3120144495718142        3.6835400115443853E-002
                33000   1.2768169797189735        3.7103143362505663E-002
                33200   1.3016670841365392        3.6913034565478786E-002
                33400   1.2991566678362052        3.6928428681422862E-002
                33600   1.2751592586419158        3.7113175902767262E-002
                33800   1.3011374841784800        3.6924026505241674E-002
                34000   1.2922763224518132        3.6977010829720276E-002
                34200   1.3858513339873322        3.6264421651006684E-002
                34400   1.3009643164729627        3.6911508019655169E-002
                34600   1.3115278374579000        3.6823253828886161E-002
                34800   1.3310571639210975        3.6694034761241140E-002
                35000   1.3176441207078891        3.6805458594663970E-002
                35200   1.3471772122621686        3.6567567967504051E-002
                35400   1.3515066187141451        3.6544445313888486E-002
                35600   1.3349978645775160        3.6669696169895044E-002
                35800   1.3233555289338386        3.6749604909460658E-002
                36000   1.2707084833311462        3.7154931839238216E-002
                36200   1.3296822142440183        3.6703406582864653E-002
                36400   1.3345203022229073        3.6669876735070973E-002
                36600   1.4258589222560227        3.5973241872107355E-002
                36800   1.3400236727802131        3.6625865639810573E-002
                37000   1.4198656315104945        3.6008363807532126E-002
                37200   1.2942305471813362        3.6975338763050918E-002
                37400   1.2351340062727441        3.7421980674917851E-002
                37600   1.3310440072670870        3.6690606271836651E-002
                37800   1.3950158612591232        3.6211038053881831E-002
                38000   1.2057040935575885        3.7637565356803418E-002
                38200   1.2349376772233640        3.7393569532772009E-002
                38400   1.2575145050585597        3.7236897321217141E-002
                38600   1.3013625697694320        3.6919828189934771E-002
                38800   1.3616855681808437        3.6463655172068864E-002
                39000   1.2888583501806641        3.7009196424480896E-002
                39200   1.3067808502794280        3.6865198365495434E-002
                39400   1.2323739723084715        3.7420236182992901E-002
                39600   1.1733489174658154        3.7882321345529366E-002
                39800   1.1622960854496831        3.7971564986379845E-002
                40000   1.2130432953720516        3.7580779073301852E-002
                40200   1.1810178137355911        3.7816976574494628E-002
                40400   1.2159664148895009        3.7549240553045218E-002
                40600   1.2104728748649136        3.7602226473363379E-002
                40800   1.2297055722336518        3.7444030876353000E-002
                41000   1.2227475986886160        3.7519147547875949E-002
                41200   1.2245663964219007        3.7489043172281147E-002
                41400   1.1689671302156788        3.7921873329066130E-002
                41600   1.1892763799834412        3.7754679844493023E-002
                41800   1.2331433854588916        3.7414843375301737E-002
                42000   1.3216062750084743        3.6756470446826776E-002
                42200   1.2326096241018576        3.7419952146217551E-002
                42400   1.1675201758961740        3.7923596394303039E-002
                42600   1.2395437904371776        3.7386863607005452E-002
                42800   1.2418633431500976        3.7359858764589339E-002
                43000   1.2210340860501026        3.7526575056084012E-002
                43200   1.2739872563355048        3.7128318805046197E-002
                43400   1.3119295013642971        3.6833324470200254E-002
                43600   1.2873677303430640        3.7026813546206828E-002
                43800   1.3278861705568230        3.6732631777523006E-002
                44000   1.2638792351023707        3.7211054778679586E-002
                44200   1.2881903124941048        3.7026300856384996E-002
                44400   1.3442389309005436        3.6596546696961892E-002
                44600   1.3564871389698909        3.6513654534368778E-002
                44800   1.3582911894850798        3.6495722626089966E-002
                45000   1.3136323193208148        3.6830681225091699E-002
                45200   1.3298914580456696        3.6705790768562750E-002
                45400   1.3684862423379676        3.6412534014015133E-002
                45600   1.3181391191120031        3.6796909576933663E-002
                45800   1.3317857487244336        3.6690136219049263E-002
                46000   1.3113969912444141        3.6838546717528189E-002
                46200   1.3536319481901122        3.6516068276562487E-002
                46400   1.3435152575520573        3.6602611731346942E-002
                46600   1.3442413301179263        3.6586654336057935E-002
                46800   1.2471712353249884        3.7330226418735825E-002
                47000   1.3306000242709375        3.6689390463867474E-002
                47200   1.3257325387518051        3.6729435673472685E-002
                47400   1.3017589661981428        3.6916487786920152E-002
                47600   1.3347019046869120        3.6662001795588581E-002
                47800   1.2627601488555167        3.7213116673104694E-002
                48000   1.1708571048301035        3.7902692261829705E-002
                48200   1.2879884979037488        3.7009601544768456E-002
                48400   1.2762688065372219        3.7110872671406982E-002
                48600   1.2551168935254702        3.7262491322111839E-002
                48800   1.2468689036837677        3.7320798490014566E-002
                49000   1.2074513572466516        3.7620266713413640E-002
                49200   1.1588080784849881        3.7990097136749085E-002
                49400   1.1396949635657325        3.8138250395172039E-002
                49600   1.2259384395477031        3.7486668713280109E-002
                49800   1.2059945880072918        3.7641044939770760E-002
                50000   1.2758554139422977        3.7100289841108185E-002
                50200   1.2596666175720030        3.7216038401338913E-002
                50400   1.3033167491296642        3.6890951912895195E-002
                50600   1.1544265355301795        3.8020239781277228E-002
                50800   1.1843116667970557        3.7810296998616454E-002
                51000   1.1346681533826370        3.8152115395233867E-002
                51200   1.2015453241215541        3.7650112356018152E-002
                51400   1.2435057730803880        3.7337199487533335E-002
                51600   1.1352714275709295        3.8167372869025135E-002
                51800   1.2335925665312992        3.7394961333229546E-002
                52000   1.1841707373557846        3.7783558465191741E-002
                52200   1.1165775307616945        3.8300241013967819E-002
                52400   1.1574670040555171        3.8010027865521809E-002
                52600   1.1624529959224459        3.7978320526557710E-002
                52800   1.2483899350291459        3.7299831392304486E-002
                53000   1.1767900133316289        3.7837511150336962E-002
                53200   1.2420505585216708        3.7355968675207456E-002
                53400   1.2733830160128408        3.7124711977441140E-002
                53600   1.2756268787075447        3.7108556637979490E-002
                53800   1.2872102307191104        3.7026891074483835E-002
                54000   1.2903144302310847        3.6992071588642761E-002
                54200   1.2231749340333118        3.7523324252343254E-002
                54400   1.2819616118089865        3.7050528603721274E-002
                54600   1.3104361618050218        3.6841712574130416E-002
                54800   1.3008675618724839        3.6918131802848426E-002
                55000   1.2950386444482149        3.6970017520795220E-002
                55200   1.2891384139493600        3.7031158703277750E-002
                55400   1.2806591749693461        3.7079446317218115E-002
                55600   1.3549299142951789        3.6520748428517991E-002
                55800   1.3266100617351042        3.6723859699849808E-002
                56000   1.2176213797018225        3.7549674753681692E-002
                56200   1.2358304052027138        3.7416473250123969E-002
                56400   1.2613479415694868        3.7209087894095778E-002
                56600   1.2657352720455415        3.7200410144976902E-002
                56800   1.3174794429535219        3.6801144766357728E-002
                57000   1.2589158217013783        3.7247486144849754E-002
                57200   1.3269407201258827        3.6722005629835373E-002
                57400   1.2990431194208651        3.6923528625089852E-002
                57600   1.2998405546816048        3.6926896594984757E-002
                57800   1.2191147323932923        3.7531512460539242E-002
                58000   1.2727023222793288        3.7120660759552525E-002
                58200   1.2862831778911796        3.7008532149884379E-002
                58400   1.2886412273856473        3.7011611864985590E-002
                58600   1.2565554095735032        3.7249521331250771E-002
                58800   1.2769977637618106        3.7094305661866438E-002
                59000   1.2701951247632282        3.7126465709235432E-002
                59200   1.2517584272642088        3.7287886570062434E-002
                59400   1.2151453414095155        3.7554707289335708E-002
                59600   1.1901878778962243        3.7740529913822179E-002
                59800   1.1885364164867753        3.7764486555889452E-002
                60000   1.2555923069775090        3.7256231141798456E-002
                60200   1.2627203576829329        3.7203891094819433E-002
                60400   1.1182758806048922        3.8292352216955011E-002
                60600   1.1234982229382557        3.8253782867769905E-002
                60800   1.1688098020150108        3.7918586522141064E-002
                61000   1.2241256898362260        3.7508318287025486E-002
                61200   1.2097717478749566        3.7603312069370266E-002
                61400   1.2079215419585014        3.7614498399647839E-002
                61600   1.1287562543997842        3.8224064790488649E-002
                61800   1.2670987456228755        3.7167072176853964E-002
                62000   1.1722903501047182        3.7891861014799882E-002
                62200   1.1877690760070472        3.7760227219928263E-002
                62400   1.2252534974058675        3.7495145250674093E-002
                62600   1.1640737495772067        3.7975704717502563E-002
                62800   1.2634445864793018        3.7171383411161114E-002
                63000   1.1112321919868011        3.8346475720487563E-002
                63200   1.2839101485729156        3.7036870286392874E-002
                63400   1.3201227919271337        3.6758649241931667E-002
                63600   1.2712280420581266        3.7138157758520585E-002
                63800   1.2857539541035008        3.7028223197721317E-002
                64000   1.1594074351603811        3.7993512125810924E-002
                64200   1.2291477753787701        3.7456876128560183E-002
                64400   1.2692768751668464        3.7156623389876131E-002
                64600   1.2219646544206604        3.7514663224274519E-002
                64800   1.2442837004625948        3.7344178717523477E-002
                65000   1.2730576567570098        3.7136939742347178E-002
                65200   1.2553724208419079        3.7260741659717926E-002
                65400   1.2827954915749202        3.7040421355201650E-002
                65600   1.2206423688517520        3.7526174983717700E-002
                65800   1.2514938011629357        3.7279835887976953E-002
                66000   1.3417850750193003        3.6602186115684360E-002
                66200   1.2026146526854666        3.7674924249242320E-002
                66400   1.2308967818508352        3.7452695710477407E-002
                66600   1.2094643904493143        3.7609411771939660E-002
                66800   1.2935594617670865        3.6987413696291348E-002
                67000   1.3288066782009305        3.6708370045953474E-002
                67200   1.2778880425682333        3.7097153299831730E-002
                67400   1.2718872445189551        3.7134027981138858E-002
                67600   1.2792808378530722        3.7085011670275989E-002
                67800   1.2699715638870079        3.7154460195449553E-002
                68000   1.2993674504009824        3.6924879672032299E-002
                68200   1.2215785932734793        3.7530270440901126E-002
                68400   1.2820684260205875        3.7057014321176154E-002
                68600   1.2555910387173372        3.7261324224321254E-002
                68800   1.1845288430754211        3.7797617110825819E-002
                69000   1.2527387655113547        3.7297923721519778E-002
                69200   1.2674430584823433        3.7175208868442555E-002
                69400   1.2659674850397411        3.7181253998330360E-002
                69600   1.2737196729442615        3.7112516635294628E-002
                69800   1.2418128050097119        3.7371863659757094E-002
                70000   1.1282716488594524        3.8233592184426998E-002
                70200   1.2416956286130216        3.7358931999161675E-002
                70400   1.2715225002774850        3.7152790143465383E-002
                70600   1.1784886085161004        3.7849561591338961E-002
                70800   1.2231255398882122        3.7502531970985027E-002
                71000   1.2396409058148048        3.7395081231226535E-002
                71200   1.1869942282740447        3.7789396037069288E-002
                71400   1.2221980975253808        3.7511448922298470E-002
                71600   1.1702096844757681        3.7906554611488549E-002
                71800   1.2389547075237031        3.7380585016982326E-002
                72000   1.1534808834244163        3.8038172421497075E-002
                72200   1.1761467053604986        3.7859552931053933E-002
                72400   1.2877610757624909        3.7018905180799103E-002
                72600   1.1529606619066497        3.8039772026463803E-002
                72800   1.2539566849960764        3.7274706555098541E-002
                73000   1.2733655330019547        3.7106435869581504E-002
                73200   1.1662082061756804        3.7948370722672368E-002
                73400   1.2792329260674926        3.7080570825007098E-002
                73600   1.2616599977528775        3.7215594487970127E-002
                73800   1.1815141530078410        3.7823447998570799E-002
                74000   1.2184534887531511        3.7542134746150958E-002
                74200   1.1759831700431005        3.7874287205890061E-002
                74400   1.1777335476079860        3.7852736117811418E-002
                74600   1.2498577796236607        3.7317004690078481E-002
                74800   1.3262263450081733        3.6709518971617658E-002
                75000   1.2471374713081227        3.7337697532730169E-002
                75200   1.2937136740043935        3.6978814073155883E-002
                75400   1.2279520601723242        3.7474168870197437E-002
                75600   1.2423299902764966        3.7350705885746738E-002
                75800   1.2016624068783950        3.7671882068372686E-002
                76000   1.2547482089873272        3.7273365626074993E-002
                76200   1.2368870704462391        3.7420732161582981E-002
                76400   1.2221444984086620        3.7508834779571794E-002
                76600   1.2307695389381876        3.7454417512162823E-002
                76800   1.2029128666867266        3.7668154889038769E-002
                77000   1.2896276253615939        3.6997228267318771E-002
                77200   1.2450856456271020        3.7348158451747770E-002
                77400   1.1473331819596200        3.8089124861020590E-002
                77600   1.3137583653192355        3.6835958566532184E-002
                77800   1.2573566484165277        3.7246603673400713E-002
                78000   1.2309183402245842        3.7447951696612025E-002
                78200   1.2843445457797713        3.7032517144203740E-002
                78400   1.2337786543842366        3.7424455101548494E-002
                78600   1.2273592046453725        3.7457297794208644E-002
                78800   1.2321532872935317        3.7436791184802226E-002
                79000   1.2483133896597960        3.7308213211841419E-002
                79200   1.2226002373929499        3.7491338134894178E-002
                79400   1.2408453686866299        3.7359734602938274E-002
                79600   1.2732300644405805        3.7118975598328385E-002
                79800   1.2036158597549123        3.7654755897651451E-002
                80000   1.3016642779272141        3.6897232954529284E-002
                80200   1.2391313080526458        3.7388022659740998E-002
                80400   1.3174058612889235        3.6787690883232964E-002
                80600   1.1656336609451767        3.7931218871153152E-002
                80800   1.2274793152698698        3.7463567292723793E-002
                81000   1.2815010112446883        3.7047237863499186E-002
                81200   1.2351517648170254        3.7398864072287021E-002
                81400   1.3229377892045804        3.6738789963668833E-002
                81600   1.2454037681885233        3.7330044398996641E-002
                81800   1.1636878336865599        3.7941223022611215E-002
                82000   1.2237547835637523        3.7480493958979767E-002
                82200   1.2192128945875946        3.7522400017734242E-002
                82400   1.2576929236796608        3.7243298142538774E-002
                82600   1.2261357264766137        3.7473983435410356E-002
                82800   1.2167208966396061        3.7546606637373081E-002
                83000   1.1498537974585141        3.8049694578972948E-002
                83200   1.2271943986075324        3.7458405643216793E-002
                83400   1.2072690432567745        3.7601321805562270E-002
                83600   1.2431766601837448        3.7350645073461378E-002
                83800   1.1480691166113175        3.8041265122685672E-002
                84000   1.1814450123737126        3.7796351178230068E-002
                84200   1.1431688837843659        3.8089253326210895E-002
                84400   1.1210871747263786        3.8274222197629985E-002
                84600   1.2564056826427457        3.7235497085900481E-002
                84800   1.1883555875531859        3.7754471238744369E-002
                85000   1.3057640224179117        3.6859156596587762E-002
                85200   1.2023900544825097        3.7656529768895504E-002
                85400   1.2301715949061709        3.7441640271720297E-002
                85600   1.2407612502452456        3.7352005949596569E-002
                85800   1.1888376802063092        3.7744294389517492E-002
                86000   1.1836169995808259        3.7792625472256092E-002
                86200   1.2245003260921090        3.7469256262387673E-002
                86400   1.2413402210857274        3.7347854733668535E-002
                86600   1.1430492470324218        3.8094936050836796E-002
                86800   1.1638473036022297        3.7938154393134110E-002
                87000   1.2838713007447742        3.7021056221777010E-002
                87200   1.3242057927189868        3.6708153874940475E-002
                87400   1.1778730950393195        3.7820219955415221E-002
                87600   1.2279201354219869        3.7438379521389134E-002
                87800   1.2551971945460572        3.7227791382187250E-002
                88000   1.1616428636592087        3.7941549927146462E-002
                88200   1.3013841611478996        3.6868060717139335E-002
                88400   1.3016967154361381        3.6880105396898719E-002
                88600   1.2718633561026369        3.7107918258436318E-002
                88800   1.2785286227026704        3.7053809117108129E-002
                89000   1.2125603077573979        3.7549444345201931E-002
                89200   1.1750898214039955        3.7858117809936621E-002
                89400   1.1828879954829792        3.7782858189934022E-002
                89600   1.2964707281395114        3.6922854141911113E-002
                89800   1.1481020726632534        3.8042289151534001E-002
                90000   1.1730011405989573        3.7865115344476667E-002
                90200   1.2470515278528178        3.7296440043090857E-002
                90400   1.2261157081634455        3.7458934270942705E-002
                90600   1.2849902146447645        3.6998858931322008E-002
                90800   1.1822095761311593        3.7784774034221855E-002
                91000   1.2599958947714156        3.7203618117352795E-002
                91200   1.2107517609903724        3.7571935320883758E-002
                91400   1.2451937623734715        3.7304620243292813E-002
                91600   1.3244134718295517        3.6710817241744763E-002
                91800   1.2147843245373728        3.7529894431511682E-002
                92000   1.2056864820794628        3.7596178361109484E-002
                92200   1.1492713727165840        3.8041987227257039E-002
                92400   1.1165432459521938        3.8270649605907370E-002
                92600   1.1689139740827892        3.7893907133967203E-002
                92800   1.2073163463746697        3.7589816735924188E-002
                93000   1.2128914423104071        3.7555609536707474E-002
                93200   1.2132426091634789        3.7551900350667307E-002
                93400   1.2189213395854046        3.7500265449953947E-002
                93600   1.2574575006425326        3.7211002636180643E-002
                93800   1.1411143397542887        3.8139134921447201E-002
                94000   1.2370579977499581        3.7364470684148596E-002
                94200   1.2468864520460601        3.7294590409677808E-002
                94400   1.1770850121453564        3.7833757969457066E-002
                94600   1.2601140156982251        3.7181580749793289E-002
                94800   1.1860014427521752        3.7747361795706806E-002
                95000   1.1734836285098913        3.7863152326102892E-002
                95200   1.2300242010835758        3.7434655908412107E-002
                95400   1.2656399014081094        3.7158425040941107E-002
                95600   1.1507615087392502        3.7994934410348596E-002
                95800   1.2583111008009842        3.7229318343956291E-002
                96000   1.2269327198999460        3.7470038263071929E-002
                96200   1.2350765547115850        3.7401545986853642E-002
                96400   1.2378088427404945        3.7365572166722726E-002
                96600   1.2051308572506312        3.7597482572785001E-002
                96800   1.1763960747303395        3.7820338537441753E-002
                97000   1.1711688755835135        3.7881872223674180E-002
                97200   1.2127535540243857        3.7569687976092087E-002
                97400   1.2022891711881694        3.7643786253014573E-002
                97600   1.2245292213423087        3.7476545905909854E-002
                97800   1.2533371346249846        3.7258842090595698E-002
                98000   1.2118819008789101        3.7571287804968732E-002
                98200   1.2803419909902802        3.7051781565288301E-002
                98400   1.2669930324680145        3.7158863652215192E-002
                98600   1.1605937707953895        3.7970336538800539E-002
                98800   1.2488871008618867        3.7281191868988345E-002
                99000   1.3378536267362950        3.6598163461431826E-002
                99200   1.1980549673076797        3.7672718950312677E-002
                99400   1.2251610885362929        3.7456010449163503E-002
                99600   1.2119274400323878        3.7566124190642917E-002
                99800   1.1609892457870963        3.7966971529344543E-002
               100000   1.2318086130791035        3.7418583768419840E-002
               100200   1.2181929760180275        3.7530400720234808E-002
               100400   1.2453361377016827        3.7308622784937136E-002
               100600   1.2843930062777509        3.7007061921349449E-002
               100800   1.1947053859621208        3.7684417176540856E-002
               101000   1.2219048326708122        3.7494404945980782E-002
               101200   1.3011123993778342        3.6886272116881544E-002
               101400   1.2419967397530574        3.7324713871868122E-002
               101600   1.2487630882630145        3.7294525285973365E-002
               101800   1.2434422293561542        3.7314765521966671E-002
               102000   1.2239175986643507        3.7472957135268478E-002
               102200   1.2348737695073919        3.7404865597132471E-002
               102400   1.1908849639058190        3.7725827106711192E-002
               102600   1.1850389973566249        3.7758940447648992E-002
               102800   1.2306434884335504        3.7432659492916256E-002
               103000   1.1687019562946017        3.7886624967276843E-002
               103200   1.1860657151397935        3.7756743336917573E-002
               103400   1.2217757779788607        3.7482701017941190E-002
               103600   1.1307892200269052        3.8188091434651815E-002
               103800   1.1321355365843464        3.8182527348235892E-002
               104000   1.2354943473660154        3.7387201933212488E-002
               104200   1.2355381522982243        3.7391259169348649E-002
               104400   1.2625805064103013        3.7176646724678124E-002
               104600   1.2643250404420889        3.7172896324241027E-002
               104800   1.2054370728762436        3.7631156314087102E-002
               105000   1.2640377979673199        3.7172394075471848E-002
               105200   1.2262862634009022        3.7469881611159862E-002
               105400   1.1747822315415417        3.7851145693354411E-002
               105600   1.2535893447188582        3.7261716142641794E-002
               105800   1.2051643280366158        3.7621050339679676E-002
               106000   1.1866017495933172        3.7749335908315279E-002
               106200   1.2637188982985406        3.7163243895865221E-002
               106400   1.1663189986082563        3.7923074974716121E-002
               106600   1.2425538198782493        3.7342329093703518E-002
               106800   1.1865427072379928        3.7769408097306875E-002
               107000   1.2282485463624422        3.7436131527868045E-002
               107200   1.3203108301527278        3.6736612755295696E-002
               107400   1.2014481020810754        3.7658179940429463E-002
               107600   1.2260320372994087        3.7467088307551008E-002
               107800   1.2175085324422397        3.7535462987996239E-002
               108000   1.2317877575255212        3.7428050047771180E-002
               108200   1.2447838187265747        3.7324196494601836E-002
               108400   1.2686656174573470        3.7140857347210017E-002
               108600   1.2087562270902799        3.7603652948111889E-002
               108800   1.1772038548155479        3.7840151746967705E-002
               109000   1.2818886909582705        3.7039975070688846E-002
               109200   1.2109244572359141        3.7600852632188493E-002
               109400   1.2227081617150830        3.7493208566231798E-002
               109600   1.2731214349809841        3.7116165679765951E-002
               109800   1.2264100444037107        3.7468998941198803E-002
               110000   1.2753534158801176        3.7076409556682434E-002
               110200   1.2430852049319110        3.7328408621816134E-002
               110400   1.1898521174918162        3.7751772398968354E-002
               110600   1.1973938802799722        3.7676824747054236E-002
               110800   1.2641267926371713        3.7163630611219273E-002
               111000   1.2452046714944791        3.7309002229927953E-002
               111200   1.2824743613430580        3.7029344566507728E-002
               111400   1.2723204782296520        3.7110848692010708E-002
               111600   1.2403717271271610        3.7361858925421008E-002
               111800   1.2186258652345037        3.7514598019163688E-002
               112000   1.1796603974680491        3.7832142185242675E-002
               112200   1.2361742835542326        3.7372788919785384E-002
               112400   1.2329793283079482        3.7416325513385015E-002
               112600   1.2036757531171245        3.7640386331950756E-002
               112800   1.2072539153505193        3.7613097218017089E-002
               113000   1.2649225396182673        3.7178079550037553E-002
               113200   1.2591082623953576        3.7219135839712779E-002
               113400   1.2278621320652958        3.7452859877936416E-002
               113600   1.1647753218198851        3.7931545112963073E-002
               113800   1.1591035071399707        3.7966464575000358E-002
               114000   1.2761163711969179        3.7093197133009299E-002
               114200   1.2491947343510765        3.7281973501916636E-002
               114400   1.2633569392265438        3.7179577529375910E-002
               114600   1.2164005654150087        3.7531463661959086E-002
               114800   1.2432901739087905        3.7331021459072675E-002
               115000   1.3090079180035663        3.6833261543961035E-002
               115200   1.2252733333494883        3.7455008073832320E-002
               115400   1.1749046546081963        3.7845487230466900E-002
               115600   1.1824162972438661        3.7794576159778132E-002
               115800   1.1844827394675488        3.7794586951583234E-002
               116000   1.2153330807845846        3.7549647671929504E-002
               116200   1.1882234052617313        3.7765348343281491E-002
               116400   1.2163438350229805        3.7568316324961493E-002
               116600   1.1699744795875586        3.7901398757178968E-002
               116800   1.1918448417319356        3.7725913773721649E-002
               117000   1.2059265312749423        3.7637755246972875E-002
               117200   1.2904899594045427        3.6972742883483428E-002
               117400   1.2538384895796082        3.7274615104727300E-002
               117600   1.1507981274834649        3.8050610637676445E-002
               117800   1.2792171076693817        3.7086146326948191E-002
               118000   1.2477707713889381        3.7323707731990112E-002
               118200   1.1882937710019601        3.7780535384271334E-002
               118400   1.2503721121815090        3.7304423990871895E-002
               118600   1.3367548794758195        3.6635727745194961E-002
               118800   1.3397834820320667        3.6613030068151101E-002
               119000   1.1331985123729238        3.8190342978996671E-002
               119200   1.2817181816934022        3.7054739782110067E-002
               119400   1.2575432412799648        3.7228739106139649E-002
               119600   1.2636858661657628        3.7175635899169654E-002
               119800   1.2569829808921036        3.7227883430839395E-002
               120000   1.2581904248971039        3.7222482389315047E-002
               120200   1.2309907725614251        3.7442617703552165E-002
               120400   1.1813230163235637        3.7813816668898985E-002
               120600   1.2070445398440288        3.7622029218925414E-002
               120800   1.2036603902921559        3.7629847484419061E-002
               121000   1.1616429999487348        3.7974836656332646E-002
               121200   1.1792254844309957        3.7831092806292904E-002
               121400   1.2560258757980214        3.7248551640026106E-002
               121600   1.2604521831265880        3.7208057564628513E-002
               121800   1.2078979946746800        3.7596251721702868E-002
               122000   1.2261207317846718        3.7462559148971550E-002
               122200   1.2823731711468753        3.7052691811573932E-002
               122400   1.2750847853220824        3.7112170673462043E-002
               122600   1.2972156832522432        3.6936096105939314E-002
               122800   1.2758934239028226        3.7097818236936121E-002
               123000   1.2348223638709521        3.7400928248033621E-002
               123200   1.1525030550779969        3.8019376585022746E-002
               123400   1.2991978119025533        3.6916247218590124E-002
               123600   1.2724047267597700        3.7108626818402608E-002
               123800   1.2662115950265600        3.7161301784018268E-002
               124000   1.2718561040404799        3.7105059394667621E-002
               124200   1.2879300043962141        3.7001339121006421E-002
               124400   1.0813641828573448        3.8560980473912668E-002
               124600   1.1185082411120719        3.8288029195405485E-002
               124800   1.2515911723066151        3.7270080006198705E-002
               125000   1.2260414968200628        3.7475067871204686E-002
               125200   1.1897496201794486        3.7765194174287343E-002
               125400   1.2416961177391788        3.7354553671356594E-002
               125600   1.2433441638991913        3.7337160371342888E-002
               125800   1.2143273223060276        3.7560443706115228E-002
               126000   1.2074583122864915        3.7621720940818087E-002
               126200   1.2251660182267565        3.7493784403787520E-002
               126400   1.2303467458309831        3.7453294345275626E-002
               126600   1.1934167623667642        3.7726392534597086E-002
               126800   1.2806469452519680        3.7072454310172330E-002
               127000   1.3215353222901185        3.6769408926956439E-002
               127200   1.2100531686967053        3.7611097230556383E-002
               127400   1.1541655337561476        3.8041334767563856E-002
               127600   1.1666659629477665        3.7939125854321930E-002
               127800   1.2156526134880647        3.7564880888081902E-002
               128000   1.2385519732471677        3.7396254789111190E-002
               128200   1.2267026951541775        3.7483314563704719E-002
               128400   1.2246714671929295        3.7511860790423270E-002
               128600   1.3251659216095304        3.6750269398370526E-002
               128800   1.2433101218026570        3.7368611052844648E-002
               129000   1.2896138262865939        3.7001639747832687E-002
               129200   1.2100963978901269        3.7611905117362211E-002
               129400   1.2110734706687734        3.7616293757548644E-002
               129600   1.2549212554479572        3.7258241665586368E-002
               129800   1.1961598996596357        3.7715312645939643E-002
               130000   1.2833340547256047        3.7054293329802049E-002
               130200   1.2545789847175017        3.7272043135957673E-002
               130400   1.2435281257518211        3.7360403251979743E-002
               130600   1.2278556802591494        3.7474814647132093E-002
               130800   1.2399678035642714        3.7392488513096102E-002
               131000   1.1878904089293669        3.7789530855476421E-002
               131200   1.2735150153348893        3.7136664044031681E-002
               131400   1.2666636802245310        3.7187879220688669E-002
               131600   1.2636739500786343        3.7214885966442721E-002
               131800   1.2897837295066064        3.7024238233871243E-002
               132000   1.2750970374303816        3.7128304263616504E-002
               132200   1.3015852056400194        3.6933515856961391E-002
               132400   1.2679012296633900        3.7188670653186130E-002
               132600   1.2481913681731689        3.7331005824118003E-002
               132800   1.1641131567737226        3.7970123301467824E-002
               133000   1.2857087916238059        3.7051636375579400E-002
               133200   1.1773710440426319        3.7873599251361689E-002
               133400   1.1247200784594209        3.8271234129148742E-002
               133600   1.2231398143156225        3.7512518609959813E-002
               133800   1.2707196177862046        3.7157249055680595E-002
               134000   1.1594763881572636        3.8006939722631881E-002
               134200   1.2175169731347744        3.7575229654540715E-002
               134400   1.1252728777925922        3.8267896045756568E-002
               134600   1.1782177516128707        3.7868781668654879E-002
               134800   1.1718286735281203        3.7929609551184504E-002
               135000   1.1296856488554701        3.8247840897740276E-002
               135200   1.2792529399028982        3.7100065632366099E-002
               135400   1.2297955245680272        3.7464102282572929E-002
               135600   1.1627176946687501        3.8012843025448717E-002
               135800   1.2460029063242160        3.7355801314483579E-002
               136000   1.2530054153528267        3.7306059198270097E-002
               136200   1.3106126522594004        3.6870485376399587E-002
               136400   1.2623736667279728        3.7239506783220494E-002
               136600   1.2932053180160670        3.7009185768699417E-002
               136800   1.2614460603912128        3.7235632766594362E-002
               137000   1.1719551338783134        3.7928945322613608E-002
               137200   1.1951264586749184        3.7753257197648445E-002
               137400   1.2842484874631757        3.7072262387690014E-002
               137600   1.1751374592040413        3.7898299280051742E-002
               137800   1.1792507436027164        3.7861012744537653E-002
               138000   1.2114053627679136        3.7628610941550220E-002
               138200   1.2354478350385187        3.7438720963982736E-002
               138400   1.1417505249587374        3.8141251472041150E-002
               138600   1.1436494875163903        3.8151758421821086E-002
               138800   1.1845909773603456        3.7835501262375178E-002
               139000   1.2396783997836229        3.7407870739387832E-002
               139200   1.0915701452933868        3.8543150675625470E-002
               139400   1.1944043388708705        3.7732854681262480E-002
               139600   1.2433573179407289        3.7372078857093274E-002
               139800   1.1321316433826139        3.8209014198990719E-002
               140000   1.2384820075348362        3.7400183837691052E-002
               140200   1.2278508267739161        3.7509130722240991E-002
               140400   1.1506420245259281        3.8071241383044782E-002
               140600   1.2137520584585928        3.7579469888844315E-002
               140800   1.2116279039156164        3.7609794687548402E-002
               141000   1.2026738784382547        3.7683010591678029E-002
               141200   1.2378923616368391        3.7411186872290704E-002
               141400   1.1703839941377969        3.7937338646842948E-002
               141600   1.3188623872539913        3.6787676968641290E-002
               141800   1.2720846372532173        3.7166010859948979E-002
               142000   1.2046081780170790        3.7668544213615165E-002
               142200   1.2660040004707391        3.7208736308515532E-002
               142400   1.2347729736627957        3.7444370069193024E-002
               142600   1.1996705707314879        3.7707671185313638E-002
               142800   1.3170703139216950        3.6814715140988358E-002
               143000   1.2752489608242563        3.7137088933723264E-002
               143200   1.2196456574850514        3.7555393169233758E-002
               143400   1.2488002712399007        3.7349185725984495E-002
               143600   1.1588246543789231        3.8022948028446156E-002
               143800   1.1916666373724896        3.7769916022534371E-002
               144000   1.2118300426444402        3.7614498538883892E-002
               144200   1.2493576071284596        3.7326983890309515E-002
               144400   1.1871500659015886        3.7810921963155462E-002
               144600   1.1669952524840794        3.7963906529128413E-002
               144800   1.2741082663623262        3.7133743265668019E-002
               145000   1.2533345470082096        3.7287327802460482E-002
               145200   1.0995861220498861        3.8475297881092517E-002
               145400   1.1946223085176562        3.7732492375311788E-002
               145600   1.2425367820508506        3.7386019000729152E-002
               145800   1.2838782526950434        3.7067956145414145E-002
               146000   1.2263745126026910        3.7524667554059740E-002
               146200   1.2632534458821223        3.7214452671242119E-002
               146400   1.2704249336981215        3.7169569197540608E-002
               146600   1.1790002236894073        3.7855264361551573E-002
               146800   1.1197781107735363        3.8309852079591707E-002
               147000   1.2575121368103006        3.7270829731536788E-002
               147200   1.1745195336138912        3.7907519180795407E-002
               147400   1.2123531586155631        3.7609945100830322E-002
               147600   1.1375212487243640        3.8186380163107131E-002
               147800   1.2182081306738057        3.7578747865106489E-002
               148000   1.2322651459668348        3.7477247597949785E-002
               148200   1.2566611238803136        3.7271882932924813E-002
               148400   1.1006444435042675        3.8462354314398060E-002
               148600   1.1826051850421047        3.7823361452736515E-002
               148800   1.1782377193486273        3.7882440245045258E-002
               149000   1.1269385536790237        3.8251693414963497E-002
               149200   1.2582350702553184        3.7275395785210483E-002
               149400   1.1849549039784311        3.7835507685690717E-002
               149600   1.2196197828208850        3.7564510228581240E-002
               149800   1.1073435319706815        3.8420120769387361E-002
               150000   1.1536499421737936        3.8071118597993767E-002
               150200   1.2025084357505462        3.7691798671399109E-002
               150400   1.1655450616057541        3.7967480572943899E-002
               150600   1.2536138857709738        3.7293147484340539E-002
               150800   1.2927318502360969        3.6978874006518690E-002
               151000   1.2792765096297485        3.7119455037856089E-002
               151200   1.1897356604711800        3.7795207532356156E-002
               151400   1.2136516335563423        3.7625712713700597E-002
               151600   1.2788764876352021        3.7135875679703591E-002
               151800   1.2718630963114470        3.7183368029669928E-002
               152000   1.1988300088899289        3.7746232661369165E-002
               152200   1.2076380579923842        3.7682325384655178E-002
               152400   1.2117876642171042        3.7658105099629850E-002
               152600   1.2982795000428209        3.6982270598878264E-002
               152800   1.2083488207208388        3.7672073765927454E-002
               153000   1.2783453032286851        3.7141538779244393E-002
               153200   1.2334901667855858        3.7477662542684059E-002
               153400   1.1762975738176613        3.7922668808269867E-002
               153600   1.2502381667488105        3.7354771930959041E-002
               153800   1.2478010623502316        3.7381362191107562E-002
               154000   1.2594496363900880        3.7294062316274829E-002
               154200   1.2546367930875413        3.7330325394888460E-002
               154400   1.3551898428643989        3.6563672897126601E-002
               154600   1.2343331193445699        3.7484389079249329E-002
               154800   1.1566216073336226        3.8059676572009558E-002
               155000   1.2362747649571528        3.7456474198720752E-002
               155200   1.2677011574655077        3.7230140516546217E-002
               155400   1.2268878594236783        3.7536239748819353E-002
               155600   1.2379816855727397        3.7432046536482806E-002
               155800   1.1978770817333990        3.7758523984644923E-002
               156000   1.1231793353679949        3.8321720011833968E-002
               156200   1.1636866009627778        3.8005016641147131E-002
               156400   1.1929838622015292        3.7794350303120006E-002
               156600   1.1433941351328685        3.8150885475217555E-002
               156800   1.2542055782511112        3.7306632128499828E-002
               157000   1.2154067257637520        3.7616439253286019E-002
               157200   1.2430924920395261        3.7422063093399911E-002
               157400   1.2520860953725597        3.7324481587661822E-002
               157600   1.2605615351833099        3.7284484277099662E-002
               157800   1.1678419512979683        3.7990818184287199E-002
               158000   1.2403476952490273        3.7419653943424461E-002
               158200   1.2741104183722338        3.7157316132376723E-002
               158400   1.2967138558825071        3.6995234564583583E-002
               158600   1.1489745241133691        3.8131125871783279E-002
               158800   1.1890071872287644        3.7805269969186164E-002
               159000   1.1907904243324772        3.7796275724983994E-002
               159200   1.1872234307564322        3.7829778031082416E-002
               159400   1.1413634581032437        3.8173541244772076E-002
               159600   1.1258072401739230        3.8295010381598604E-002
               159800   1.3067583290243496        3.6905285019753431E-002
               160000   1.2079568167942363        3.7660540829740845E-002
               160200   1.2065295958710511        3.7671310284565017E-002
               160400   1.3021779456637554        3.6948446181766917E-002
               160600   1.2754957243912382        3.7147418132483338E-002
               160800   1.2264854377815624        3.7516985140995635E-002
               161000   1.2844406915839419        3.7072497780085728E-002
               161200   1.2623053480523174        3.7251769037034047E-002
               161400   1.2419199223011335        3.7407556860428633E-002
               161600   1.2667899723092653        3.7222041881356208E-002
               161800   1.1904755034848746        3.7787997091854507E-002
               162000   1.2461107915418730        3.7367779215813426E-002
               162200   1.2436185673598632        3.7384533578664357E-002
               162400   1.2303731961316471        3.7476865237170927E-002
               162600   1.2966430001015363        3.6979524530201702E-002
               162800   1.2284346077578103        3.7496726789706912E-002
               163000   1.1459065457005149        3.8124779858890311E-002
               163200   1.2224178095668214        3.7545548501582343E-002
               163400   1.1978049012089522        3.7721511416353368E-002
               163600   1.1797628440284167        3.7885863739044796E-002
               163800   1.2983252956284479        3.6957326503845978E-002
               164000   1.3049704754421476        3.6898309750699625E-002
               164200   1.2564716475387936        3.7280701943364976E-002
               164400   1.1768448805867975        3.7877906941986228E-002
               164600   1.1888262485845469        3.7787871543610227E-002
               164800   1.2649503930309960        3.7212237335554114E-002
               165000   1.1754885177203072        3.7888395157624689E-002
               165200   1.1691219057236768        3.7947342879134677E-002
               165400   1.2402398244979616        3.7400702312751957E-002
               165600   1.1984631862245791        3.7716705121323128E-002
               165800   1.2647755301623218        3.7213314699475634E-002
               166000   1.2339130985541633        3.7462441834504041E-002
               166200   1.2757299658263528        3.7146693493593237E-002
               166400   1.1586414952307837        3.8021327098103484E-002
               166600   1.1858104795905096        3.7822158886207831E-002
               166800   1.2138980326661091        3.7603931604574196E-002
               167000   1.2131958295090535        3.7608307960136513E-002
               167200   1.2045848267135684        3.7672223563337340E-002
               167400   1.3124307686589654        3.6843348243654830E-002
               167600   1.3074452115783834        3.6879251851990237E-002
               167800   1.1878980229712817        3.7782752502260368E-002
               168000   1.1782588939920491        3.7867744194521026E-002
               168200   1.2093288031065557        3.7627429583176185E-002
               168400   1.2226538062178687        3.7538436161347666E-002
               168600   1.2577722526088835        3.7266095342231603E-002
               168800   1.2370314365116450        3.7425049958638920E-002
               169000   1.2601156407036789        3.7248415382172682E-002
               169200   1.3236037527446833        3.6776114384077081E-002
               169400   1.1919632477502480        3.7753728011296624E-002
               169600   1.2157589084280618        3.7599777076623146E-002
               169800   1.2639518023248353        3.7221816219585528E-002
               170000   1.1987722782925199        3.7725415721534608E-002
               170200   1.1391441741501263        3.8197682485024476E-002
               170400   1.2433862021308455        3.7381397359005038E-002
               170600   1.2800309686296762        3.7100746728216533E-002
               170800   1.2741208343051122        3.7160017188241863E-002
               171000   1.2381207671498577        3.7418718110067889E-002
               171200   1.2675338420850226        3.7205339147139652E-002
               171400   1.1233083662106449        3.8294493678516020E-002
               171600   1.2721481611850023        3.7198504821510395E-002
               171800   1.2347706889869510        3.7456009727645831E-002
               172000   1.1571362624606185        3.8041308839666804E-002
               172200   1.2243532037906095        3.7530477926152273E-002
               172400   1.2481982095320923        3.7365344296057541E-002
               172600   1.2359614244352979        3.7445262658778067E-002
               172800   1.1863892213937948        3.7829523477041369E-002
               173000   1.2644359494903352        3.7219967551045709E-002
               173200   1.1964731673678706        3.7749658824736278E-002
               173400   1.1769234087880873        3.7889663599732351E-002
               173600   1.2268777736726426        3.7522998112712154E-002
               173800   1.2759870047594954        3.7140065698801100E-002
               174000   1.2594971071077010        3.7276190449037176E-002
               174200   1.2794653559331099        3.7135172998649033E-002
               174400   1.2672553939981961        3.7221084321529770E-002
               174600   1.2221180993986627        3.7559842984462147E-002
               174800   1.2484458206170550        3.7352497799403139E-002
               175000   1.1832192824573542        3.7852449904007622E-002
               175200   1.2512831538220497        3.7329366543136067E-002
               175400   1.2200593349917526        3.7577108658323588E-002
               175600   1.2758235359838468        3.7158869125082573E-002
               175800   1.2982441634461477        3.6976088452643524E-002
               176000   1.1781042376914459        3.7880464106898652E-002
               176200   1.2463350386121297        3.7361874535088165E-002
               176400   1.1854948153013034        3.7838548613321914E-002
               176600   1.2184232372511077        3.7584800262472719E-002
               176800   1.2542259776990945        3.7301804510164877E-002
               177000   1.2073684468271391        3.7660510477873249E-002
               177200   1.2182854786037898        3.7556343862678684E-002
               177400   1.2244241858128129        3.7519607098301058E-002
               177600   1.2100933864644161        3.7625838345129788E-002
               177800   1.2198577846654763        3.7553612821394335E-002
               178000   1.1856276547643660        3.7821600028531042E-002
               178200   1.1611101724670301        3.7988934465227428E-002
               178400   1.2399297946822940        3.7401629275274496E-002
               178600   1.1875969467749850        3.7781368433645178E-002
               178800   1.1989044127678692        3.7707184565714834E-002
               179000   1.1737063975431288        3.7911294870739833E-002
               179200   1.1486501649860712        3.8099177279628464E-002
               179400   1.2052207679387617        3.7664533319965367E-002
               179600   1.2589618839268140        3.7243635407796634E-002
               179800   1.2147728903792803        3.7575227573345901E-002
               180000   1.1951528385164123        3.7724208164188568E-002
               180200   1.2158494639640625        3.7585883864554963E-002
               180400   1.2770752424983491        3.7129226714176886E-002
               180600   1.2787131673144845        3.7114869917018206E-002
               180800   1.1281293483126844        3.8254972657853437E-002
               181000   1.1791895788853741        3.7864277968280846E-002
               181200   1.2736739930423697        3.7138656944628340E-002
               181400   1.2588290713615944        3.7262465800029690E-002
               181600   1.1382470707124221        3.8161961254253654E-002
               181800   1.1836576981732470        3.7826291712609414E-002
               182000   1.2527419384450647        3.7308249837291370E-002
               182200   1.1998099089718235        3.7710621931999005E-002
               182400   1.1756405689214453        3.7903036901495088E-002
               182600   1.2659242385382585        3.7217010990685605E-002
               182800   1.1508345506300603        3.8092000559964923E-002
               183000   1.1410022984414803        3.8168141781500728E-002
               183200   1.2132831202612397        3.7617215969471519E-002
               183400   1.2792704520365930        3.7117429014657380E-002
               183600   1.2064682793762302        3.7654593159459987E-002
               183800   1.2678612102376843        3.7194651184359238E-002
               184000   1.2179181383143973        3.7579156759633962E-002
               184200   1.2087299980013810        3.7646347526258249E-002
               184400   1.2116679868917279        3.7630628817788912E-002
               184600   1.2332389028673201        3.7461810655176696E-002
               184800   1.2772928601359541        3.7120991161157267E-002
               185000   1.2025081203523180        3.7703744577916143E-002
               185200   1.1841055055169059        3.7832325675264421E-002
               185400   1.1832632139826489        3.7841599944521673E-002
               185600   1.2445106230085352        3.7376301507863724E-002
               185800   1.2723932779418099        3.7160019166810637E-002
               186000   1.2949108176832744        3.7007951740549570E-002
               186200   1.2007950378095591        3.7718556709335334E-002
               186400   1.1874719106383584        3.7820869889027678E-002
               186600   1.2862131410889197        3.7053430784074998E-002
               186800   1.2173054162644275        3.7577397341959147E-002
               187000   1.2218571190516470        3.7537777704763069E-002
               187200   1.1935599055659436        3.7754459181675727E-002
               187400   1.2125682701100147        3.7612285221405167E-002
               187600   1.2453351145654603        3.7370258559291783E-002
               187800   1.1885614240611291        3.7800748033968060E-002
               188000   1.2479241443199285        3.7340854996514516E-002
               188200   1.1756637193746897        3.7893937236022780E-002
               188400   1.2706020876317334        3.7166342094364660E-002
               188600   1.2332756788533199        3.7453801613036415E-002
               188800   1.1519932134782429        3.8074263215831634E-002
               189000   1.2177292113567277        3.7568995699993932E-002
               189200   1.2010179616341534        3.7694527620646123E-002
               189400   1.2686938683487128        3.7184802542664541E-002
               189600   1.2179248361680726        3.7589427059242293E-002
               189800   1.1526679887483353        3.8066337579343197E-002
               190000   1.2249216277785473        3.7524649296926858E-002
               190200   1.1580186077396304        3.8017838676746935E-002
               190400   1.1734341050346777        3.7910862802624658E-002
               190600   1.2174736618095856        3.7581947488258882E-002
               190800   1.2244639749891673        3.7530266880738385E-002
               191000   1.1803808989972302        3.7850988568072785E-002
               191200   1.2791370426089610        3.7094859246017055E-002
               191400   1.1745301211307895        3.7916306006607774E-002
               191600   1.1833047342204333        3.7837242591166491E-002
               191800   1.2413042288585612        3.7410932216297134E-002
               192000   1.1631637840631952        3.8007757346796824E-002
               192200   1.2091275438199769        3.7635198953176310E-002
               192400   1.1928347643984329        3.7760371622196982E-002
               192600   1.1924123489245078        3.7768302776533334E-002
               192800   1.2392812499160888        3.7424160867875929E-002
               193000   1.2977672667274955        3.6974307812625735E-002
               193200   1.1336591419263999        3.8209716795635236E-002
               193400   1.1874911259633987        3.7804811098334321E-002
               193600   1.1880866930509719        3.7778670669830039E-002
               193800   1.1570578938544580        3.8035997464585247E-002
               194000   1.2784432858747081        3.7120685765665927E-002
               194200   1.2545188111587193        3.7293379464175651E-002
               194400   1.2226285019359744        3.7522516015027471E-002
               194600   1.2109260814210965        3.7628189288247071E-002
               194800   1.2938000093249256        3.7006163608254122E-002
               195000   1.2320803104963369        3.7466476059854641E-002
               195200   1.1584505169762587        3.8019811608357955E-002
               195400   1.1878961457157253        3.7801558199131217E-002
               195600   1.2407273586660872        3.7402290437515959E-002
               195800   1.1542250609559215        3.8070835388175184E-002
               196000   1.2494638666521674        3.7345032740452810E-002
               196200   1.1958942773013717        3.7756631540753663E-002
               196400   1.2430970697635844        3.7381987487739389E-002
               196600   1.2394942426489697        3.7413273187126832E-002
               196800   1.2056871343391928        3.7668459547410167E-002
               197000   1.2032086649110496        3.7684560729909354E-002
               197200   1.1848860365617764        3.7827703098514916E-002
               197400   1.2867596812527282        3.7065191674109321E-002
               197600   1.2674345766109905        3.7196228660018350E-002
               197800   1.1886266968698167        3.7795825965139383E-002
               198000   1.1578986026037150        3.8035041354013442E-002
               198200   1.1496686750242258        3.8103255246266551E-002
               198400   1.1840878425315275        3.7826476455083781E-002
               198600   1.1864049146639730        3.7805005739918088E-002
               198800   1.1848853549591229        3.7845004883669590E-002
               199000   1.2972573676637524        3.6987955719374410E-002
               199200   1.2767105846269993        3.7126693827103104E-002
               199400   1.1974450652501694        3.7732119112210645E-002
               199600   1.1745118875254756        3.7919316172234922E-002
               199800   1.1768867145544366        3.7894391418531327E-002
               200000   1.2162199784519809        3.7579605866903967E-002
