                  200   1.1735867938741440        8.5508359381548833E-003
                  400   1.1700033894096253        8.5559880135739688E-003
                  600   1.2096322608389272        8.4907761477984837E-003
                  800   1.1667024837416871        8.5613187425456448E-003
                 1000   1.2056578329998049        8.4960435667217182E-003
                 1200   1.2625148959177190        8.4044752773049652E-003
                 1400   1.2286760829642052        8.4589200212620581E-003
                 1600   1.1963510572194971        8.5149418843645294E-003
                 1800   1.2156509504077166        8.4836007198720760E-003
                 2000   1.2367151919468014        8.4465094535461811E-003
                 2200   1.2190699176949802        8.4769186235484090E-003
                 2400   1.2174553238640324        8.4806661375988746E-003
                 2600   1.2227338884491372        8.4727904307246339E-003
                 2800   1.2712452316501301        8.3903060781026339E-003
                 3000   1.2639305032953647        8.4033415196474014E-003
                 3200   1.2404326325951387        8.4426270614103762E-003
                 3400   1.2601182767190238        8.4075702902735878E-003
                 3600   1.2727174098971530        8.3865128950686915E-003
                 3800   1.2793564518424889        8.3764160850607373E-003
                 4000   1.2533047021551929        8.4192179358823869E-003
                 4200   1.3167796574052435        8.3155922424205751E-003
                 4400   1.2887403721440809        8.3623525871713688E-003
                 4600   1.2423885925652263        8.4385315907827552E-003
                 4800   1.2602752376393342        8.4085795397387895E-003
                 5000   1.2934976586719864        8.3548936295699174E-003
                 5200   1.3272202171854817        8.2984727202332388E-003
                 5400   1.3379003785906574        8.2800715888901779E-003
                 5600   1.3624728662264958        8.2400861668321043E-003
                 5800   1.3645769798991465        8.2358546428726344E-003
                 6000   1.3399224219952732        8.2769983213903942E-003
                 6200   1.3539855981350819        8.2546490254091238E-003
                 6400   1.4064807355821449        8.1666441622522002E-003
                 6600   1.3777810592200872        8.2147739244047401E-003
                 6800   1.4133202276792152        8.1558400287935311E-003
                 7000   1.3866418704193066        8.2008429222161505E-003
                 7200   1.3620665443298330        8.2423305327564925E-003
                 7400   1.3878707975893867        8.1993580050658352E-003
                 7600   1.4166696785845674        8.1520491138473948E-003
                 7800   1.4397229126754860        8.1133514543400877E-003
                 8000   1.4270995120297092        8.1336966853723311E-003
                 8200   1.4200014539633283        8.1474219280411528E-003
                 8400   1.3887929598485336        8.1977816592504003E-003
                 8600   1.4321304825504617        8.1265025751303087E-003
                 8800   1.4454956816726863        8.1048982853808640E-003
                 9000   1.4516456482473958        8.0944790736408694E-003
                 9200   1.4790566553790871        8.0485759921611732E-003
                 9400   1.4925867665263337        8.0257956450047966E-003
                 9600   1.4753694631156495        8.0549475955300365E-003
                 9800   1.4689885735761168        8.0658848806071104E-003
                10000   1.4721474127007990        8.0606844313146995E-003
                10200   1.4548350392558600        8.0895237591059616E-003
                10400   1.4800194671372460        8.0474798315880829E-003
                10600   1.5193218969241284        7.9825244675345176E-003
                10800   1.5200246273029050        7.9810292215964900E-003
                11000   1.4626439446800152        8.0781023744293107E-003
                11200   1.5122061772935815        7.9935922607058014E-003
                11400   1.4941458861612735        8.0243563490990325E-003
                11600   1.4882532778735336        8.0344999711844649E-003
                11800   1.5047790902361173        8.0066277991824829E-003
                12000   1.4984749739064984        8.0172714503512869E-003
                12200   1.5179418170949357        7.9853422084107083E-003
                12400   1.5034826663750347        8.0090283762160076E-003
                12600   1.5582806623485526        7.9181422031594350E-003
                12800   1.5308211553556097        7.9656845031786123E-003
                13000   1.5265386985509881        7.9716882932573674E-003
                13200   1.5444099599484176        7.9420051253275559E-003
                13400   1.5567819935841434        7.9204008858891686E-003
                13600   1.5505034226563734        7.9320384820609890E-003
                13800   1.5575888595398766        7.9205760668428424E-003
                14000   1.5601406708701011        7.9156753196123128E-003
                14200   1.5545302924684441        7.9248385252309733E-003
                14400   1.5519146082618196        7.9293656520995903E-003
                14600   1.5625111191241805        7.9120851239547381E-003
                14800   1.5456993219520452        7.9401545470666017E-003
                15000   1.5743634347488646        7.8924502262072045E-003
                15200   1.5890932801537656        7.8674762225879810E-003
                15400   1.5985341315619845        7.8513511403460086E-003
                15600   1.5662841752063932        7.9058509433605068E-003
                15800   1.5610388034939835        7.9152167971149393E-003
                16000   1.5628514763967694        7.9116308135608569E-003
                16200   1.5695908676152113        7.9001340882900971E-003
                16400   1.5626768608971437        7.9120155115135326E-003
                16600   1.5784407380035401        7.8855231032595053E-003
                16800   1.5888003610474315        7.8689935788577216E-003
                17000   1.5748150558062581        7.8920883617101881E-003
                17200   1.5774973187574968        7.8879734382376089E-003
                17400   1.5713781067298196        7.8977294670901782E-003
                17600   1.5794373353487838        7.8854347635658063E-003
                17800   1.5888282340943884        7.8700833117752063E-003
                18000   1.5599379369609065        7.9172998951644764E-003
                18200   1.5591992052926835        7.9183402159804586E-003
                18400   1.5636887122301828        7.9112014525515913E-003
                18600   1.5856432691085363        7.8738667087403912E-003
                18800   1.5873950983448404        7.8719531313461606E-003
                19000   1.6189286045503979        7.8187579470234640E-003
                19200   1.5562766538227897        7.9233721625016872E-003
                19400   1.5728478529370657        7.8953993076029752E-003
                19600   1.5893933783862881        7.8685699286407951E-003
                19800   1.5648608155765082        7.9085543371129503E-003
                20000   1.5767406482553366        7.8894384962673245E-003
                20200   1.5765499441186950        7.8898655330273612E-003
                20400   1.5866202112678256        7.8729173098281615E-003
                20600   1.6091014544781144        7.8352535203685698E-003
                20800   1.5885079114087710        7.8696938728961500E-003
                21000   1.5532705657386401        7.9290758939153019E-003
                21200   1.5834370678554728        7.8783202062988628E-003
                21400   1.5840947698505716        7.8769645701682808E-003
                21600   1.5851007601874851        7.8757213737349323E-003
                21800   1.5954718832823069        7.8583413266568244E-003
                22000   1.6073946363551161        7.8379387091052650E-003
                22200   1.5765238622933537        7.8897113873956284E-003
                22400   1.5657862699754990        7.9072640576417809E-003
                22600   1.5811043499412718        7.8822857477905631E-003
                22800   1.5995440379160368        7.8503283987347468E-003
                23000   1.5986503616502368        7.8532415273011719E-003
                23200   1.5862082572510749        7.8734472625626908E-003
                23400   1.5934261961983562        7.8617351251537224E-003
                23600   1.5895479594808530        7.8672570604872618E-003
                23800   1.5755689343410411        7.8912824275181610E-003
                24000   1.5737738982501579        7.8947915936816819E-003
                24200   1.5512044440472701        7.9310951617993612E-003
                24400   1.5778212170598198        7.8871530070400743E-003
                24600   1.5610000697246391        7.9157305363852393E-003
                24800   1.5880670292002292        7.8704240746747933E-003
                25000   1.5736754216819260        7.8945192983902891E-003
                25200   1.5530427520168624        7.9300563985893538E-003
                25400   1.5817310472720223        7.8812417994965130E-003
                25600   1.5686134711104107        7.9031393602777625E-003
                25800   1.5972370813087633        7.8553089576161288E-003
                26000   1.5794469266772511        7.8843775676346282E-003
                26200   1.5795671648938372        7.8838935088838338E-003
                26400   1.5807539280885183        7.8821262247559011E-003
                26600   1.5485933631796978        7.9356134370333047E-003
                26800   1.5524452725089175        7.9292566959585937E-003
                27000   1.5622891336344398        7.9129947429488548E-003
                27200   1.5306296832086015        7.9652075252496287E-003
                27400   1.5736506211276355        7.8936641122144928E-003
                27600   1.5510337144532564        7.9311870086359367E-003
                27800   1.5652365545007723        7.9074723364979775E-003
                28000   1.5245489484648465        7.9752678345329613E-003
                28200   1.5563864760924626        7.9221354342867353E-003
                28400   1.5447563066671910        7.9405491646893263E-003
                28600   1.5337886271499486        7.9599385552283873E-003
                28800   1.5397436565958902        7.9493421232397152E-003
                29000   1.5301735353141630        7.9648856183563207E-003
                29200   1.4871310231619570        8.0378192535589151E-003
                29400   1.4897433489133731        8.0328380122349722E-003
                29600   1.4822480662232038        8.0470598631379054E-003
                29800   1.4937974290431799        8.0254963746480487E-003
                30000   1.5044888289683909        8.0079243764847249E-003
                30200   1.4883320062435963        8.0349484498671974E-003
                30400   1.5080446528834188        8.0013611621719861E-003
                30600   1.5039016228666224        8.0087275196216168E-003
                30800   1.5088455410569273        8.0003799753286479E-003
                31000   1.4881656020872260        8.0352126516544543E-003
                31200   1.4354231591939604        8.1217855856392188E-003
                31400   1.4569422534742145        8.0861834516089762E-003
                31600   1.4314575735494293        8.1286734182709312E-003
                31800   1.4813256254027738        8.0448075667034838E-003
                32000   1.4394332293528103        8.1163665365396633E-003
                32200   1.4177236274775777        8.1509963833231204E-003
                32400   1.4227172428047525        8.1427660923523975E-003
                32600   1.4404988174604085        8.1120108602448417E-003
                32800   1.4471006104466475        8.1026999470816784E-003
                33000   1.4231586003989467        8.1419484957212570E-003
                33200   1.3864481507626920        8.2027495888512252E-003
                33400   1.4123493446936688        8.1595700289718281E-003
                33600   1.4077176227150763        8.1669911499664700E-003
                33800   1.4240135168233929        8.1384571747423733E-003
                34000   1.3388900063313924        8.2811724584853624E-003
                34200   1.3655798281461136        8.2379076706955955E-003
                34400   1.3362130930643366        8.2857946737841179E-003
                34600   1.3768048089794052        8.2175234103387500E-003
                34800   1.3736825193108675        8.2223612881828865E-003
                35000   1.3769906434629571        8.2164188685714765E-003
                35200   1.3326296208817894        8.2917169543006344E-003
                35400   1.3386743641679701        8.2805592968348413E-003
                35600   1.3175884201478734        8.3156096922725482E-003
                35800   1.3146412120888817        8.3204044836728414E-003
                36000   1.2841911916675099        8.3703476292269850E-003
                36200   1.3114230526112240        8.3254109091382821E-003
                36400   1.3257475950072990        8.3019163867755087E-003
                36600   1.2695623238336631        8.3950429334872408E-003
                36800   1.2465456004326687        8.4348395023019548E-003
                37000   1.2747327335726226        8.3872034856876249E-003
                37200   1.2286996504329513        8.4618149156848090E-003
                37400   1.2830310107273479        8.3717139107077967E-003
                37600   1.2122308361777923        8.4916383376416795E-003
                37800   1.2644149683997539        8.4022484884308159E-003
                38000   1.2267632820623346        8.4638685164358241E-003
                38200   1.2600594250741903        8.4099150100743047E-003
                38400   1.2564474377007111        8.4175754232015398E-003
                38600   1.2143985855323207        8.4875086764560886E-003
                38800   1.2623984026328841        8.4063780233790408E-003
                39000   1.2361065420781407        8.4506585411229726E-003
                39200   1.2304567455489315        8.4608225155187490E-003
                39400   1.1971911183574209        8.5152444104781462E-003
                39600   1.2736964165658851        8.3874838758342223E-003
                39800   1.2416273107250959        8.4427745942401815E-003
                40000   1.2406634531652601        8.4428134649092816E-003
                40200   1.2319399279486711        8.4571530261416308E-003
                40400   1.2442238554000624        8.4368253006032040E-003
                40600   1.2324066415014272        8.4551277900258605E-003
                40800   1.2250951182978203        8.4682275944304632E-003
                41000   1.1888349648469256        8.5273659222540633E-003
                41200   1.2269130108062003        8.4652626685421100E-003
                41400   1.2436148544826284        8.4371197908105090E-003
                41600   1.2532676027010241        8.4204601945937017E-003
                41800   1.1818951888719409        8.5404791917853499E-003
                42000   1.2488787603202045        8.4288065457593462E-003
                42200   1.2015064496094086        8.5064545591946265E-003
                42400   1.2336809481309847        8.4548725240839034E-003
                42600   1.2509930406033580        8.4242052442764555E-003
                42800   1.2339420066596267        8.4527410616298034E-003
                43000   1.2594928376766596        8.4108848676286690E-003
                43200   1.2371281896517092        8.4486774317312531E-003
                43400   1.2751824244782528        8.3855323131274591E-003
                43600   1.2978500105189481        8.3494303860879148E-003
                43800   1.2775845703532167        8.3828364112636198E-003
                44000   1.2865230364658835        8.3684602232820416E-003
                44200   1.2799456783245824        8.3796295054892212E-003
                44400   1.3166645319151549        8.3189224368857267E-003
                44600   1.2913690238429734        8.3603161161885549E-003
                44800   1.2856648050885924        8.3698727682682047E-003
                45000   1.3469513336665431        8.2681298177686748E-003
                45200   1.3621684428487228        8.2438139519975615E-003
                45400   1.3310159485628865        8.2948021001920582E-003
                45600   1.3282228523144910        8.3000066940128181E-003
                45800   1.3468097535240191        8.2700158575684801E-003
                46000   1.3657086734147077        8.2372202995932443E-003
                46200   1.4024968997622920        8.1766872774621906E-003
                46400   1.3535453041422325        8.2590775956922161E-003
                46600   1.3880578203449829        8.2006089050827118E-003
                46800   1.3463861301432720        8.2712736915903137E-003
                47000   1.3766028262057886        8.2210291064368120E-003
                47200   1.3606671789291276        8.2480761044417105E-003
                47400   1.3690179984767492        8.2335601560141521E-003
                47600   1.3990043455021219        8.1828175668241156E-003
                47800   1.4208030582576818        8.1476503357473112E-003
                48000   1.4183612914987254        8.1525591061211052E-003
                48200   1.4184945527915898        8.1520794934940421E-003
                48400   1.4047770517774723        8.1735262658082456E-003
                48600   1.4385277662725229        8.1187159077878296E-003
                48800   1.4665654835687598        8.0724837330195653E-003
                49000   1.4329781933205097        8.1280429628348798E-003
                49200   1.4347101716489405        8.1247439460170236E-003
                49400   1.4182106099494975        8.1515504968049032E-003
                49600   1.4181322712417439        8.1529009734821120E-003
                49800   1.4488383777227216        8.1012357038783359E-003
                50000   1.4651142502200778        8.0750291660115613E-003
                50200   1.4495943707043273        8.1006415057231565E-003
                50400   1.4630061860223584        8.0776804387978005E-003
                50600   1.4874724173913572        8.0376004504351794E-003
                50800   1.4972887559534604        8.0221674485358770E-003
                51000   1.4664648267536671        8.0726965050611048E-003
                51200   1.4727315047495100        8.0626476193390029E-003
                51400   1.4966096218181739        8.0234634013343284E-003
                51600   1.4917609855454677        8.0294053695767909E-003
                51800   1.4982549849696591        8.0202923922767285E-003
                52000   1.5010156194142583        8.0150623099871990E-003
                52200   1.5001613710930091        8.0176328366827077E-003
                52400   1.4956291017312742        8.0248911692017855E-003
                52600   1.4973525881415786        8.0209218168338630E-003
                52800   1.5194427090427356        7.9850033442322270E-003
                53000   1.5019213841016761        8.0141583393140634E-003
                53200   1.5320890148022721        7.9650430489893818E-003
                53400   1.5076971146683731        8.0047969016500947E-003
                53600   1.4825625054130445        8.0465434130972003E-003
                53800   1.4886502487281681        8.0372775623285073E-003
                54000   1.5414171579213558        7.9488005649363050E-003
                54200   1.5336469211522941        7.9620947538617468E-003
                54400   1.5345343883205871        7.9607063800907468E-003
                54600   1.5019287956080223        8.0153468189867252E-003
                54800   1.5014916314651887        8.0156999150101937E-003
                55000   1.5097475200276886        8.0016713496466572E-003
                55200   1.5205634869457554        7.9841733141087241E-003
                55400   1.5438908016740989        7.9452386294848135E-003
                55600   1.5630873288700697        7.9134224258542996E-003
                55800   1.5278823582385432        7.9729175572080743E-003
                56000   1.5399223671036142        7.9521760150961761E-003
                56200   1.5664929955903666        7.9091322669433174E-003
                56400   1.5553313052387132        7.9258968000745968E-003
                56600   1.5650106684453822        7.9100254791022000E-003
                56800   1.5442457886003365        7.9447341980221683E-003
                57000   1.5379396892041015        7.9547823692899620E-003
                57200   1.5306576169528043        7.9680743597234979E-003
                57400   1.5461614974699789        7.9420417025821716E-003
                57600   1.5594479971760409        7.9203463583172630E-003
                57800   1.5490103327066951        7.9371160816658383E-003
                58000   1.5330143227865487        7.9638231130925441E-003
                58200   1.5663043368864853        7.9088026029906222E-003
                58400   1.5490756047410246        7.9375079416782405E-003
                58600   1.5511880942096175        7.9340521305182512E-003
                58800   1.5857024079598210        7.8760349364182386E-003
                59000   1.5529942110592592        7.9304850841882338E-003
                59200   1.5574031469785357        7.9232115890817377E-003
                59400   1.5779082707933323        7.8889144019828328E-003
                59600   1.5667253888706096        7.9076163871828996E-003
                59800   1.5625789594807946        7.9157120039894755E-003
                60000   1.5890067335182754        7.8708087272098947E-003
                60200   1.5614908621125807        7.9164523746780673E-003
                60400   1.5497057831232379        7.9366296193643816E-003
                60600   1.5905679900336291        7.8687734450353704E-003
                60800   1.5577086331743142        7.9233741467483656E-003
                61000   1.5592091844309215        7.9205683318005846E-003
                61200   1.5458107789119526        7.9432177751667526E-003
                61400   1.5597582150235865        7.9191912368705500E-003
                61600   1.5635077613240329        7.9133237469771866E-003
                61800   1.5887850606071083        7.8699648616813497E-003
                62000   1.5686978188709053        7.9044165163666951E-003
                62200   1.5518467396676410        7.9323931424027990E-003
                62400   1.5307470659724649        7.9668615955868528E-003
                62600   1.5620482109137848        7.9149859389224062E-003
                62800   1.5488257936063290        7.9369875948838032E-003
                63000   1.5538574103515992        7.9278069786478198E-003
                63200   1.5548186142972757        7.9260980982691440E-003
                63400   1.5547615801134558        7.9285119303986306E-003
                63600   1.5498277108606540        7.9363984827885998E-003
                63800   1.5306951708195811        7.9683141879506401E-003
                64000   1.5651425389846356        7.9098652798164949E-003
                64200   1.5443979115040418        7.9458392977339639E-003
                64400   1.5536224550263507        7.9289077190043012E-003
                64600   1.5635934151168061        7.9126389353260940E-003
                64800   1.5524248410197612        7.9318304812233519E-003
                65000   1.5547481780362842        7.9273310064001470E-003
                65200   1.5504029579063012        7.9351364295993290E-003
                65400   1.5264432865475617        7.9755420622987083E-003
                65600   1.5399908699298523        7.9518285431134667E-003
                65800   1.5281940149939839        7.9723504524665083E-003
                66000   1.5549928597388023        7.9264459717505106E-003
                66200   1.5159138650251354        7.9921269929118851E-003
                66400   1.5322253575086571        7.9651923607867107E-003
                66600   1.5359974933138940        7.9577186195547954E-003
                66800   1.5056350873443174        8.0092307812802341E-003
                67000   1.5396174363507087        7.9513060601762667E-003
                67200   1.5165064439140548        7.9911880066485912E-003
                67400   1.5336957664017223        7.9618716696632525E-003
                67600   1.5439261077748947        7.9450127112710676E-003
                67800   1.5325258205759673        7.9630743740261734E-003
                68000   1.5087425626458217        8.0032907583896893E-003
                68200   1.5465002066334870        7.9405116169885426E-003
                68400   1.5047882277180744        8.0100425485695650E-003
                68600   1.5002486511399837        8.0174917879731848E-003
                68800   1.5173094942343490        7.9894814676228949E-003
                69000   1.5068448464245530        8.0063131585072552E-003
                69200   1.4919735360430548        8.0312653554331613E-003
                69400   1.4825574176528633        8.0465696852025370E-003
                69600   1.5040875291543740        8.0104861725110912E-003
                69800   1.5011651232946917        8.0155688481114186E-003
                70000   1.5181319944482246        7.9870196894551958E-003
                70200   1.4997304997768053        8.0178343861507378E-003
                70400   1.4963522138602403        8.0236797034845646E-003
                70600   1.5009967839978402        8.0161645374998147E-003
                70800   1.4911440698022922        8.0326589483983094E-003
                71000   1.4912577314841140        8.0323787273058767E-003
                71200   1.5181088629743356        7.9853559015597639E-003
                71400   1.4357488055820353        8.1237619906783555E-003
                71600   1.4911338212314351        8.0313314004584434E-003
                71800   1.4630295425382220        8.0785527826664483E-003
                72000   1.4766318027067440        8.0553038048486875E-003
                72200   1.4499271225115853        8.1001529503401254E-003
                72400   1.4221611225213022        8.1457056431360093E-003
                72600   1.3868829471875788        8.2050678025882527E-003
                72800   1.4155549750512677        8.1571472207219043E-003
                73000   1.4100524042169751        8.1647756234613962E-003
                73200   1.4135004322521163        8.1605399638982681E-003
                73400   1.4286867432490884        8.1329452437228986E-003
                73600   1.3586877400466373        8.2509669354472390E-003
                73800   1.3890682738213695        8.1994833741480845E-003
                74000   1.3917212120876694        8.1949123522665583E-003
                74200   1.3721623536586534        8.2263856037403816E-003
                74400   1.3384704847154409        8.2835615119245271E-003
                74600   1.3826047185518056        8.2093881796333965E-003
                74800   1.3356173431309821        8.2874804084136604E-003
                75000   1.3627742952193516        8.2435809939649472E-003
                75200   1.3111288170503026        8.3291132544822503E-003
                75400   1.3450394293626804        8.2721262727545718E-003
                75600   1.3401165377749424        8.2808490833780803E-003
                75800   1.3431975525353015        8.2757406255789465E-003
                76000   1.3083388781728169        8.3332521474666060E-003
                76200   1.3176573107947964        8.3175658950771208E-003
                76400   1.2895467317224572        8.3633208882299501E-003
                76600   1.2876925709597802        8.3658077970792163E-003
                76800   1.2918012560492940        8.3597143514571245E-003
                77000   1.2876117586690556        8.3665738557678025E-003
                77200   1.2748096353422860        8.3881623807828039E-003
                77400   1.2974794227413713        8.3501013434777137E-003
                77600   1.2619640226701030        8.4081097004536521E-003
                77800   1.3433371384046218        8.2732223564824531E-003
                78000   1.2638459639022577        8.4059323948630152E-003
                78200   1.2535897965281968        8.4224168864662895E-003
                78400   1.2746518276854779        8.3884884397513806E-003
                78600   1.2745627410405624        8.3903592785358558E-003
                78800   1.2743383997689708        8.3873255434860315E-003
                79000   1.2943394354351112        8.3552893407114956E-003
                79200   1.3168660678436050        8.3160555410445695E-003
                79400   1.2870568181785476        8.3657391809850174E-003
                79600   1.2605657476399472        8.4103834794595489E-003
                79800   1.2416684813462744        8.4422642560000247E-003
                80000   1.2691076408545652        8.3977816773365081E-003
                80200   1.2691819406901765        8.3957680984144030E-003
                80400   1.2632941677228968        8.4054091987021736E-003
                80600   1.2953950249053294        8.3527261765090240E-003
                80800   1.2788500684162929        8.3801100618669591E-003
                81000   1.2666142542816217        8.4014419569523793E-003
                81200   1.2365191702403808        8.4496796077067737E-003
                81400   1.2257719360147117        8.4701610345230081E-003
                81600   1.2302998694725045        8.4623364912426481E-003
                81800   1.2835112129339212        8.3721456537242337E-003
                82000   1.2442645060454580        8.4378889267996918E-003
                82200   1.2692484391614458        8.3965777921825874E-003
                82400   1.2635385591035002        8.4062949959272729E-003
                82600   1.2496966673501699        8.4290185114454519E-003
                82800   1.2617100925183344        8.4099386451480396E-003
                83000   1.2521054409770331        8.4253603262075660E-003
                83200   1.3085518578885000        8.3338507918831357E-003
                83400   1.2538863602336474        8.4245039269463442E-003
                83600   1.2587096060180560        8.4181266724609807E-003
                83800   1.2388734676672533        8.4515775459006702E-003
                84000   1.2671770137599345        8.4026678431470929E-003
                84200   1.3022689058020736        8.3444567629617425E-003
                84400   1.2659723462362098        8.4052051687502245E-003
                84600   1.3013468177000966        8.3475152056553190E-003
                84800   1.2882572572139124        8.3681680945951603E-003
                85000   1.2916874778670220        8.3640353832185842E-003
                85200   1.2707993861245404        8.3987874208538288E-003
                85400   1.3396994667339102        8.2825774177651256E-003
                85600   1.3295552253632159        8.2996985586562752E-003
                85800   1.2875103589873065        8.3672827670194828E-003
                86000   1.3113750044979213        8.3312678871503495E-003
                86200   1.3204142964814496        8.3159234410663616E-003
                86400   1.3688097499981784        8.2357709260620447E-003
                86600   1.3570183907001399        8.2526688131809335E-003
                86800   1.3771009250222308        8.2237977085651524E-003
                87000   1.3558854973425212        8.2585572742188296E-003
                87200   1.3213807212253685        8.3156881876933902E-003
                87400   1.3436293405305013        8.2768374667754850E-003
                87600   1.3307826475251050        8.2997191786367275E-003
                87800   1.3617554039814301        8.2476958967848610E-003
                88000   1.3429897763526908        8.2796968125083536E-003
                88200   1.3948942303895717        8.1930914751258202E-003
                88400   1.3847926879815067        8.2103797892506096E-003
                88600   1.4138303279975628        8.1611103584414771E-003
                88800   1.4153876817393931        8.1589656001804286E-003
                89000   1.4065453144723650        8.1736688706540578E-003
                89200   1.3905947825016114        8.2012988909626362E-003
                89400   1.3905598787555262        8.2016370552060788E-003
                89600   1.4079739766499375        8.1710910964120139E-003
                89800   1.4100987166473236        8.1675464664204053E-003
                90000   1.4016328162890375        8.1848364153518875E-003
                90200   1.4353715171459289        8.1252676849515731E-003
                90400   1.3854405064946236        8.2105230204358014E-003
                90600   1.4379376643953294        8.1210325963130287E-003
                90800   1.3902683570163663        8.2017033689091544E-003
                91000   1.4633661025225935        8.0805045442350551E-003
                91200   1.4190896060391711        8.1540620786066664E-003
                91400   1.4732183816306725        8.0638426692283185E-003
                91600   1.4488070964830713        8.1041642777899287E-003
                91800   1.4595171301807437        8.0867614048959653E-003
                92000   1.4328297076776517        8.1310811429243565E-003
                92200   1.4326014463387062        8.1309186466199147E-003
                92400   1.4168049084277512        8.1572067821663978E-003
                92600   1.4454083270932678        8.1096649701424533E-003
                92800   1.4676968591772572        8.0734110168261871E-003
                93000   1.4233539195023268        8.1467754142541954E-003
                93200   1.4611963088174253        8.0841960832449752E-003
                93400   1.5015488169544347        8.0165513347592188E-003
                93600   1.4893672128543536        8.0381725883249457E-003
                93800   1.4760846821437366        8.0591909190885300E-003
                94000   1.4930430717722118        8.0320009109967113E-003
                94200   1.4678288985673036        8.0739577322307288E-003
                94400   1.4352622929457108        8.1283752336714678E-003
                94600   1.4548062586009736        8.0954882043118050E-003
                94800   1.4771638560474809        8.0576568073370981E-003
                95000   1.4743583160625413        8.0619502586875089E-003
                95200   1.4616544772601507        8.0841201417479538E-003
                95400   1.4826779446053036        8.0486918615539551E-003
                95600   1.4656308434057015        8.0767523558282883E-003
                95800   1.4752259315823077        8.0615945564499712E-003
                96000   1.4763009512930496        8.0598234914154576E-003
                96200   1.4754396127070302        8.0618330598732305E-003
                96400   1.4590667039144161        8.0890619580427751E-003
                96600   1.4914412657297198        8.0339544732816719E-003
                96800   1.4941322907305634        8.0300078731860135E-003
                97000   1.4833732869850671        8.0480904709331526E-003
                97200   1.5000161135231960        8.0211762279477575E-003
                97400   1.5193412957981269        7.9882817238987203E-003
                97600   1.5121540284223702        8.0000420707622075E-003
                97800   1.5121098903350187        8.0005656458669392E-003
                98000   1.5042329483585457        8.0143000376279808E-003
                98200   1.4955957145860330        8.0284160290280057E-003
                98400   1.5146049923511848        7.9963101136283580E-003
                98600   1.5096554956406942        8.0036458155376983E-003
                98800   1.4935081473510419        8.0305065620635985E-003
                99000   1.4962609003390150        8.0266286711996471E-003
                99200   1.4916548547604886        8.0350782854659644E-003
                99400   1.4967227394738700        8.0261941038773984E-003
                99600   1.4979840201392405        8.0239828837324698E-003
                99800   1.5341429195181326        7.9632339898032672E-003
               100000   1.5138716101941010        7.9977313285596839E-003
               100200   1.5234744937623572        7.9814623102638840E-003
               100400   1.5018050798923721        8.0177419823016585E-003
               100600   1.5314333956055710        7.9681468559836422E-003
               100800   1.5113089225543965        8.0021979234421448E-003
               101000   1.5110076608126242        8.0010155851016115E-003
               101200   1.5087069308056302        8.0060324973323001E-003
               101400   1.5163787246871092        7.9927029055503890E-003
               101600   1.4979418893326895        8.0242786677024638E-003
               101800   1.4960601879495572        8.0264058076902119E-003
               102000   1.5124415089249248        7.9991357941506958E-003
               102200   1.4901455113260711        8.0372323771041206E-003
               102400   1.5373324229285232        7.9588962146912232E-003
               102600   1.4946626591719212        8.0299978057895380E-003
               102800   1.4987368141753328        8.0227931664999912E-003
               103000   1.5095073971557456        8.0058938845227069E-003
               103200   1.5335276645902356        7.9645307170365023E-003
               103400   1.5173318639385527        7.9910992458013565E-003
               103600   1.5390146681474766        7.9555421515301906E-003
               103800   1.5204822149206694        7.9869288384679920E-003
               104000   1.5118216969076177        8.0018160562685976E-003
               104200   1.5187239548447060        7.9899504475009504E-003
               104400   1.5254425950563664        7.9772376984304314E-003
               104600   1.5314052433664254        7.9679732576345558E-003
               104800   1.5292995707736703        7.9715153409544628E-003
               105000   1.5107548640637336        8.0028733161868638E-003
               105200   1.5045615297593526        8.0128827198914926E-003
               105400   1.5273007404020569        7.9744390487808889E-003
               105600   1.5018318694492443        8.0181560428935483E-003
               105800   1.5112111077030208        8.0018866077501867E-003
               106000   1.4961694474446743        8.0265247953734079E-003
               106200   1.5060166112783555        8.0103238969851925E-003
               106400   1.5303661570104647        7.9692428799857835E-003
               106600   1.5071927447977889        8.0078628486888442E-003
               106800   1.5220536002661429        7.9834937941329637E-003
               107000   1.4936209690208901        8.0314836000975696E-003
               107200   1.5163006863675166        7.9931921970905640E-003
               107400   1.4853521696636958        8.0439075512248395E-003
               107600   1.5096402299599423        8.0038796979633418E-003
               107800   1.5184662875982360        7.9891847091208834E-003
               108000   1.4885986893946461        8.0385365956259277E-003
               108200   1.4558895983674842        8.0947627420301805E-003
               108400   1.5091523175415047        8.0048523985325297E-003
               108600   1.5060814279994714        8.0109993006881493E-003
               108800   1.5203171226280430        7.9848593234401345E-003
               109000   1.4873592291578772        8.0418145748685308E-003
               109200   1.5044623086961837        8.0133592433977770E-003
               109400   1.4901246066459157        8.0368022369344833E-003
               109600   1.4960542398575503        8.0264092462742544E-003
               109800   1.4866337036563262        8.0417974745326595E-003
               110000   1.4852560192602553        8.0445278790301448E-003
               110200   1.4924246598624802        8.0324158553960207E-003
               110400   1.4788023821944527        8.0564087329480696E-003
               110600   1.4679649641509462        8.0732688932444851E-003
               110800   1.4674899809033595        8.0732271800174286E-003
               111000   1.4768419574767060        8.0565342487779433E-003
               111200   1.4463855162497321        8.1080988191383346E-003
               111400   1.4343918981348791        8.1295819539988629E-003
               111600   1.4639968446615590        8.0802082986062805E-003
               111800   1.4587418128176501        8.0889905536898725E-003
               112000   1.4533804018880112        8.0977186475692849E-003
               112200   1.4475353776767597        8.1066888577467529E-003
               112400   1.4466660283247015        8.1078187515537994E-003
               112600   1.4438287216564343        8.1114286928302571E-003
               112800   1.4426211567577600        8.1145160506528886E-003
               113000   1.4626528669824943        8.0809460861407494E-003
               113200   1.4665290169056360        8.0732870137333740E-003
               113400   1.4270561675188711        8.1400505473031050E-003
               113600   1.4093890166482590        8.1690948874718512E-003
               113800   1.3435369580722829        8.2785377444735617E-003
               114000   1.4089592912852140        8.1682370434256885E-003
               114200   1.4308044110568632        8.1320212185249721E-003
               114400   1.3489675788369355        8.2702919581603088E-003
               114600   1.3809219161172790        8.2155104058839034E-003
               114800   1.3800623792515596        8.2163161674883457E-003
               115000   1.3747175531731830        8.2253782398019788E-003
               115200   1.3761712925847762        8.2237042484616055E-003
               115400   1.3995080748935751        8.1830568402822650E-003
               115600   1.3649324153605398        8.2415285717276267E-003
               115800   1.3648124854919224        8.2397995655351698E-003
               116000   1.3648313031823749        8.2408048272562436E-003
               116200   1.3411391019109720        8.2805858131379424E-003
               116400   1.3663259527857445        8.2388838308886502E-003
               116600   1.3687471933954463        8.2330077419615864E-003
               116800   1.3614113067687041        8.2453645918840746E-003
               117000   1.3291685374915476        8.3007160570785620E-003
               117200   1.3401996287066729        8.2815513231176158E-003
               117400   1.3638817828886041        8.2415723087126361E-003
               117600   1.2803063556679628        8.3811546100995196E-003
               117800   1.3050950222325071        8.3394346956243703E-003
               118000   1.3339575619556630        8.2917870291606410E-003
               118200   1.3375999056945920        8.2842689657114960E-003
               118400   1.2773146477919819        8.3849863070715198E-003
               118600   1.3164882110706246        8.3211243199273806E-003
               118800   1.3250075609390086        8.3072269214268211E-003
               119000   1.2794543924629482        8.3824442406703129E-003
               119200   1.2924749343309965        8.3589343241231642E-003
               119400   1.2848206604182046        8.3735027730706298E-003
               119600   1.2849935822729635        8.3733017581607110E-003
               119800   1.3247712229296356        8.3053000730701158E-003
               120000   1.2824014502492507        8.3768973350178601E-003
               120200   1.2901788995687773        8.3622059338358153E-003
               120400   1.3068709283376712        8.3349361364859001E-003
               120600   1.3135347959499815        8.3238121787182432E-003
               120800   1.3181331226525588        8.3176953052518966E-003
               121000   1.2847159604400864        8.3728906546213736E-003
               121200   1.3106174566152322        8.3286844315715973E-003
               121400   1.3413314702447758        8.2779842053798073E-003
               121600   1.2563381992006182        8.4207832029047167E-003
               121800   1.3032980657234872        8.3421018380669069E-003
               122000   1.2980514119908586        8.3508880619723724E-003
               122200   1.2924637975102500        8.3599304285778726E-003
               122400   1.2749554050303042        8.3873553969637180E-003
               122600   1.2604439184842307        8.4132306979609241E-003
               122800   1.2495953890624896        8.4312269871940227E-003
               123000   1.2493549845457568        8.4330002971839003E-003
               123200   1.2592100362690397        8.4135312217551560E-003
               123400   1.1940918181646956        8.5247184715307039E-003
               123600   1.2782490970793088        8.3836254301929425E-003
               123800   1.3086640162558911        8.3330589135617063E-003
               124000   1.2897150689949515        8.3643192193771781E-003
               124200   1.2965364214587154        8.3545245864424765E-003
               124400   1.2919800706711642        8.3605854683254967E-003
               124600   1.2957793505381223        8.3537110468179243E-003
               124800   1.2529811918251184        8.4235565602792488E-003
               125000   1.2695300610590181        8.3973917103534138E-003
               125200   1.2995843642873144        8.3479874398335839E-003
               125400   1.2669165663810551        8.4034561164844992E-003
               125600   1.2884092090548331        8.3679715639430954E-003
               125800   1.2844704971019569        8.3715490483245378E-003
               126000   1.2595790375251603        8.4132507709055657E-003
               126200   1.3344905446268329        8.2904514101028847E-003
               126400   1.2987323750964972        8.3487759680735789E-003
               126600   1.3150820772616703        8.3228336025433815E-003
               126800   1.3126524921886558        8.3277057668268324E-003
               127000   1.2766933131076510        8.3868399701317632E-003
               127200   1.2875947509541046        8.3679764560348237E-003
               127400   1.2512954262521634        8.4299475671627943E-003
               127600   1.3149488272599938        8.3236603927980025E-003
               127800   1.3247451802746886        8.3070056554954540E-003
               128000   1.3328042195008591        8.2945171872438050E-003
               128200   1.3044968079601944        8.3415445517244485E-003
               128400   1.3023913859205476        8.3457401565160856E-003
               128600   1.3029188498578612        8.3457274389873767E-003
               128800   1.3183595876668057        8.3196370729203620E-003
               129000   1.3463279845225122        8.2725329640195595E-003
               129200   1.3198457361411096        8.3172847514323897E-003
               129400   1.3722570784335815        8.2289273722868407E-003
               129600   1.3567182614554045        8.2550688403681578E-003
               129800   1.3086782918760147        8.3360331043212284E-003
               130000   1.3405229497516138        8.2814605013828303E-003
               130200   1.3327522028336796        8.2952435260513491E-003
               130400   1.3460787720547767        8.2749715390868679E-003
               130600   1.3734305461580498        8.2289785235820541E-003
               130800   1.3686771011515515        8.2364927915916583E-003
               131000   1.3567064874403731        8.2575788291195384E-003
               131200   1.3938325313689781        8.1959267464941400E-003
               131400   1.3669655109150038        8.2411460901010720E-003
               131600   1.3205971766019540        8.3162539402983019E-003
               131800   1.3441374565938797        8.2786805144273376E-003
               132000   1.3694583152759143        8.2358716045466858E-003
               132200   1.3809655716879461        8.2169867232817773E-003
               132400   1.3951409121818363        8.1929837723026706E-003
               132600   1.3626228675404362        8.2477470611009452E-003
               132800   1.3780586062259668        8.2219991769442585E-003
               133000   1.4462188433418792        8.1091326185568254E-003
               133200   1.3788093353538313        8.2216740285158216E-003
               133400   1.4207517669966112        8.1519863363955156E-003
               133600   1.4142249759274887        8.1624623644595429E-003
               133800   1.3705598295688974        8.2348455624733849E-003
               134000   1.4147459363915016        8.1609153256385659E-003
               134200   1.4094991583013394        8.1704812862150519E-003
               134400   1.3889494778864577        8.2046930610482228E-003
               134600   1.4071486380865350        8.1747078795887489E-003
               134800   1.4367719343776615        8.1260792213930719E-003
               135000   1.4115314830505357        8.1675455990484740E-003
               135200   1.4190827888357769        8.1552785104330311E-003
               135400   1.4153694917931960        8.1615671588931970E-003
               135600   1.4566765515105775        8.0917140673372485E-003
               135800   1.4071086325982298        8.1765304984875945E-003
               136000   1.4506634412905672        8.1021217319989305E-003
               136200   1.4053082844708720        8.1779396046956863E-003
               136400   1.3989790486327354        8.1904806081945919E-003
               136600   1.4070878608162594        8.1754922645376690E-003
               136800   1.4345123094535595        8.1286442783327847E-003
               137000   1.4400323631566545        8.1208165649423961E-003
               137200   1.4434814162472851        8.1141224249705827E-003
               137400   1.4422125059557980        8.1179546795585658E-003
               137600   1.4365711521928346        8.1273010570244476E-003
               137800   1.4585319481296468        8.0901167864375952E-003
               138000   1.4269467155262463        8.1436262134112428E-003
               138200   1.4254784123360928        8.1457966092915411E-003
               138400   1.4489548875140870        8.1074755615452212E-003
               138600   1.4593701595959763        8.0889212690674478E-003
               138800   1.4638706097179341        8.0811770093777192E-003
               139000   1.4851414429222169        8.0469910801658894E-003
               139200   1.4516133035994581        8.1036309772525867E-003
               139400   1.4929953206211417        8.0320758897351550E-003
               139600   1.4654089654399767        8.0796286292193105E-003
               139800   1.4601048937215657        8.0887389473234643E-003
               140000   1.4685085137532670        8.0744348358607072E-003
               140200   1.4610485046752888        8.0861343879204857E-003
               140400   1.4613524203730539        8.0854897693509523E-003
               140600   1.4643419615392581        8.0809374997207264E-003
               140800   1.4516806906959545        8.1021685495362757E-003
               141000   1.4621066675384649        8.0850746522062918E-003
               141200   1.4950240456122612        8.0291764104600642E-003
               141400   1.4753914736075904        8.0624064203928866E-003
               141600   1.4988178417772711        8.0239815587207167E-003
               141800   1.4923911873913092        8.0347548655564770E-003
               142000   1.4754770331498304        8.0626901144779956E-003
               142200   1.4745104011764310        8.0654767736520316E-003
               142400   1.4966073583713211        8.0273623482467558E-003
               142600   1.5011233117024338        8.0202741669180393E-003
               142800   1.4888255365638094        8.0402746129911544E-003
               143000   1.4828463765557121        8.0507962673445673E-003
               143200   1.4942467255819849        8.0309211755880822E-003
               143400   1.5061267913076586        8.0114349000109421E-003
               143600   1.4722637453566745        8.0682169689426982E-003
               143800   1.4938526142728206        8.0313777543849184E-003
               144000   1.4630352346253719        8.0839350810244584E-003
               144200   1.4805217296062085        8.0530822593273439E-003
               144400   1.4380942398777987        8.1250322748361858E-003
               144600   1.4679730657819201        8.0746014846146078E-003
               144800   1.4957746585576441        8.0298969337331671E-003
               145000   1.4651143100506145        8.0800958275889546E-003
               145200   1.5034301421002576        8.0155919949958018E-003
               145400   1.4910428899530372        8.0376364195222441E-003
               145600   1.4985567272122942        8.0233143228601988E-003
               145800   1.4687770078843052        8.0737453367531031E-003
               146000   1.4846049404158999        8.0487522357508626E-003
               146200   1.4981767399971284        8.0242170828442108E-003
               146400   1.5034745111192946        8.0164262011168438E-003
               146600   1.4880698924085694        8.0416685081284439E-003
               146800   1.4672585297250418        8.0765207245841134E-003
               147000   1.5059537547570621        8.0128106549179779E-003
               147200   1.4992222818871228        8.0225808431819111E-003
               147400   1.5052830369480623        8.0134036217923837E-003
               147600   1.4759344895520854        8.0614017735986705E-003
               147800   1.4869134148705800        8.0429602314103996E-003
               148000   1.5247374287866178        7.9805064593886799E-003
               148200   1.4833480778718231        8.0492782363637064E-003
               148400   1.4617970452481137        8.0864299753410276E-003
               148600   1.5112790764719424        8.0024023764915207E-003
               148800   1.4509143127477016        8.1037607474148000E-003
               149000   1.5093140115243757        8.0063284211846011E-003
               149200   1.5063779691916728        8.0107945941578686E-003
               149400   1.4962529983778827        8.0280211165123117E-003
               149600   1.4828348699368117        8.0509847788820497E-003
               149800   1.5211850231955881        7.9877736070707670E-003
               150000   1.5167610046642213        7.9951672795420259E-003
               150200   1.5116857301325701        8.0027161215062877E-003
               150400   1.4586212225044171        8.0915919466384399E-003
               150600   1.4737191837171271        8.0659134229371342E-003
               150800   1.4638508346963990        8.0810041212645775E-003
               151000   1.4829355378058442        8.0487688639417979E-003
               151200   1.4550213266913947        8.0972026689542179E-003
               151400   1.4638694917547559        8.0811501329070123E-003
               151600   1.4439190877516912        8.1148652715662146E-003
               151800   1.4615100403413477        8.0836037250415268E-003
               152000   1.4253334804287592        8.1461929355284794E-003
               152200   1.4789868118032803        8.0562303218495290E-003
               152400   1.4630556533575234        8.0827772244854105E-003
               152600   1.5026955877277814        8.0167554427059209E-003
               152800   1.4435518397052618        8.1149200930447120E-003
               153000   1.4698327168940413        8.0713543382436963E-003
               153200   1.4814509661343631        8.0519579588213836E-003
               153400   1.4439185310291667        8.1149123907345595E-003
               153600   1.4259506787676119        8.1446385856885281E-003
               153800   1.4406130454277899        8.1193302624241737E-003
               154000   1.4159480449643111        8.1610460667679904E-003
               154200   1.4371380682395303        8.1258469051867770E-003
               154400   1.4233022392870163        8.1491982610104752E-003
               154600   1.4227855416979271        8.1484655164885886E-003
               154800   1.4035282578433073        8.1827912789145963E-003
               155000   1.4494107106095606        8.1042772353472712E-003
               155200   1.4291714567048923        8.1387749282371795E-003
               155400   1.4233775735066954        8.1470971554792413E-003
               155600   1.4309466624535048        8.1346552144226352E-003
               155800   1.3479215384528895        8.2742531635415940E-003
               156000   1.4304433038182540        8.1354251939714187E-003
               156200   1.3968190837863561        8.1915653836884227E-003
               156400   1.4101987769467190        8.1692725924440209E-003
               156600   1.3773903884430432        8.2246694320172228E-003
               156800   1.3777135940563312        8.2235617299834165E-003
               157000   1.4481396226347432        8.1048648499207256E-003
               157200   1.3727299536787507        8.2322501937217279E-003
               157400   1.3757933659557395        8.2269702398543743E-003
               157600   1.4003997909928465        8.1852595678316899E-003
               157800   1.3825804111707714        8.2164225039913236E-003
               158000   1.3592529293830204        8.2521489000829569E-003
               158200   1.3492903895654160        8.2682929090079540E-003
               158400   1.3259364728466845        8.3077976380357774E-003
               158600   1.3803764746986817        8.2177999550547710E-003
               158800   1.3609831351729917        8.2504850187556447E-003
               159000   1.3216373708370688        8.3152254036053426E-003
               159200   1.3225259958778743        8.3152712652563264E-003
               159400   1.3702787796938871        8.2334866950132292E-003
               159600   1.3217285555007658        8.3137609823608644E-003
               159800   1.3070048093706417        8.3379643916473411E-003
               160000   1.3074170284836055        8.3386961384328533E-003
               160200   1.3102054095340061        8.3342864652495262E-003
               160400   1.3064778485106989        8.3411678189938311E-003
               160600   1.3094603124557613        8.3345131301864623E-003
               160800   1.3235347416623156        8.3113648280737987E-003
               161000   1.3454423881961628        8.2762337458825216E-003
               161200   1.3533007069205529        8.2635274394280995E-003
               161400   1.2704105238003032        8.4011232376583703E-003
               161600   1.3084543477001562        8.3363087136793818E-003
               161800   1.2512932947422286        8.4311680323369258E-003
               162000   1.2947228351920124        8.3599023416018013E-003
               162200   1.3053912041636879        8.3415325490263491E-003
               162400   1.3325122150327284        8.2969016294999042E-003
               162600   1.3322483497891084        8.2958733747933149E-003
               162800   1.3067532042889796        8.3394041310834895E-003
               163000   1.2820865462050481        8.3803416443754813E-003
               163200   1.3179326750636284        8.3195465464109431E-003
               163400   1.3182860588003225        8.3200770171343828E-003
               163600   1.3075238281115220        8.3358831986937356E-003
               163800   1.2610440013232431        8.4126629700115810E-003
               164000   1.3005088092651547        8.3485834958276477E-003
               164200   1.3212258124914689        8.3143592684558586E-003
               164400   1.3230543216083106        8.3111378751737804E-003
               164600   1.2977499909151593        8.3510280877668267E-003
               164800   1.2721866287695407        8.3959174150954000E-003
               165000   1.2980489359157712        8.3523184920578190E-003
               165200   1.2625845121347476        8.4126600681299034E-003
               165400   1.3109746239333453        8.3313620814093898E-003
               165600   1.2639176074885701        8.4093412139467204E-003
               165800   1.3198365773137448        8.3145293037815964E-003
               166000   1.2779385047618457        8.3849863115646479E-003
               166200   1.2531647142388589        8.4250733013691813E-003
               166400   1.2429831463560619        8.4436935724155650E-003
               166600   1.2773973559933163        8.3860824277654598E-003
               166800   1.2792357883761085        8.3838881321002586E-003
               167000   1.3049575489900309        8.3428145579594014E-003
               167200   1.2986533179458448        8.3535029117793556E-003
               167400   1.2494897731376757        8.4329408139618318E-003
               167600   1.2490418390722482        8.4338463819208422E-003
               167800   1.2144948916804974        8.4926626721189818E-003
               168000   1.2828430103790247        8.3768829599849357E-003
               168200   1.2548183482421569        8.4257570265935770E-003
               168400   1.2674397726154956        8.4031999801448057E-003
               168600   1.2981295061310498        8.3528211221207700E-003
               168800   1.2732745515542265        8.3931670261019400E-003
               169000   1.2512125138144539        8.4304839243753409E-003
               169200   1.2207807791812924        8.4818450683684047E-003
               169400   1.2618621150930300        8.4115281132312088E-003
               169600   1.2506613011380778        8.4317617689087035E-003
               169800   1.2855985797792202        8.3732966314870490E-003
               170000   1.2812432330017898        8.3789054859698796E-003
               170200   1.2635799748738543        8.4113301899311124E-003
               170400   1.2764233040474582        8.3882864187533410E-003
               170600   1.3011641482343210        8.3477577080235989E-003
               170800   1.2671765333019533        8.4032139626993088E-003
               171000   1.2828577053848342        8.3784199395374234E-003
               171200   1.3129062863924557        8.3288768002971244E-003
               171400   1.3033057050341836        8.3452710334087753E-003
               171600   1.3120809614583477        8.3286554394848573E-003
               171800   1.2877217278226103        8.3697488438704507E-003
               172000   1.3168958671799333        8.3236111810899103E-003
               172200   1.3059242141351475        8.3399012182941296E-003
               172400   1.3537918080894351        8.2608914039172358E-003
               172600   1.3213376842635058        8.3166895027028051E-003
               172800   1.3049736264095926        8.3428002122771707E-003
               173000   1.3214554740397038        8.3159637715412328E-003
               173200   1.3172714587961600        8.3213840322755774E-003
               173400   1.3084796906946907        8.3367388987140995E-003
               173600   1.3243135442352718        8.3102604685274806E-003
               173800   1.3164988692811075        8.3230767443262035E-003
               174000   1.3143938515948317        8.3277339783397637E-003
               174200   1.3387326004254638        8.2864659629058139E-003
               174400   1.3102893281157943        8.3343103374930762E-003
               174600   1.3372218686108284        8.2918978990999571E-003
               174800   1.3338259358092071        8.2966237226049563E-003
               175000   1.3324847265462267        8.2982688286875987E-003
               175200   1.3688747062984961        8.2370822871423235E-003
               175400   1.3642225999816764        8.2453146982852717E-003
               175600   1.3184842454412713        8.3224753194964998E-003
               175800   1.3230571805381428        8.3139058046280221E-003
               176000   1.3488473764274440        8.2717276331501239E-003
               176200   1.3361060274469159        8.2931757860875317E-003
               176400   1.3515042118986804        8.2677846637343819E-003
               176600   1.3615446293033782        8.2500132654873513E-003
               176800   1.3569500437729285        8.2588088636480848E-003
               177000   1.3874580809790649        8.2058394286698231E-003
               177200   1.3383675481873150        8.2889487593445482E-003
               177400   1.3903306392622787        8.2007230512346277E-003
               177600   1.3509078970487909        8.2674396715077189E-003
               177800   1.3905084973048905        8.2025178068831552E-003
               178000   1.3994592562768589        8.1847990029919084E-003
               178200   1.3929928443918180        8.1962665690554441E-003
               178400   1.3381643731725017        8.2891770402120195E-003
               178600   1.3311459131361099        8.3023534187182634E-003
               178800   1.3275286397370520        8.3087458112825509E-003
               179000   1.3520888906106119        8.2661278310602274E-003
               179200   1.3550678312132669        8.2611851553268684E-003
               179400   1.3961146902252670        8.1941958589347701E-003
               179600   1.3701877808906009        8.2381894420422517E-003
               179800   1.3599946007987818        8.2546132310475206E-003
               180000   1.4033708337170190        8.1828674233230137E-003
               180200   1.4161615247107882        8.1616244851546414E-003
               180400   1.4224421354600452        8.1499991331081614E-003
               180600   1.4157066681872905        8.1615542715611240E-003
               180800   1.4158490964233239        8.1621935954204333E-003
               181000   1.4171952200752949        8.1605508186761242E-003
               181200   1.3931585710467420        8.1987182329379647E-003
               181400   1.4224312059066568        8.1509606259152299E-003
               181600   1.4085817724784846        8.1730089301238242E-003
               181800   1.4069518487545205        8.1763785291532297E-003
               182000   1.3897643402098170        8.2036608761377368E-003
               182200   1.4159325051302170        8.1610161094500186E-003
               182400   1.3882226804900610        8.2072024546699478E-003
               182600   1.4430962344535532        8.1160586445542353E-003
               182800   1.4245552746190659        8.1467395985402782E-003
               183000   1.4003370283332046        8.1871887976407345E-003
               183200   1.4259735246069536        8.1444729164117952E-003
               183400   1.4436580803291319        8.1142597338456166E-003
               183600   1.4594424303795850        8.0879360771631947E-003
               183800   1.3989416241789154        8.1898256968118630E-003
               184000   1.3944169273167855        8.1966997361579402E-003
               184200   1.4330825268964971        8.1325645586394005E-003
               184400   1.4249642661154971        8.1463749362269793E-003
               184600   1.4129926158165842        8.1673561502795516E-003
               184800   1.4246177438511798        8.1458907395880863E-003
               185000   1.4438578545137346        8.1137318183196923E-003
               185200   1.4403336442629175        8.1216820381059939E-003
               185400   1.4722782912699357        8.0673850972835127E-003
               185600   1.4384887215887798        8.1257728949615509E-003
               185800   1.4443636430051823        8.1149748193819187E-003
               186000   1.4456787599860921        8.1112595418839604E-003
               186200   1.4353504230799337        8.1320298068365826E-003
               186400   1.4208969964850267        8.1531102119447880E-003
               186600   1.4718304625017420        8.0690428273913969E-003
               186800   1.4691040948532976        8.0737896835583571E-003
               187000   1.4416889197629053        8.1196093851366846E-003
               187200   1.4875249225023830        8.0430654678067797E-003
               187400   1.4366704848177108        8.1290182078674680E-003
               187600   1.4566537879694887        8.0926388433711204E-003
               187800   1.4576293196711223        8.0927441527515482E-003
               188000   1.4694703612575335        8.0723545973281144E-003
               188200   1.4500493925149136        8.1048705048610420E-003
               188400   1.4410581697875435        8.1207718266749582E-003
               188600   1.4493360322844597        8.1067241295622160E-003
               188800   1.4763408521093471        8.0610012556409684E-003
               189000   1.4653908270171259        8.0790790125370732E-003
               189200   1.4688422069825326        8.0750805941386308E-003
               189400   1.4507513799810510        8.1043849458119488E-003
               189600   1.4697635820513002        8.0722629521075232E-003
               189800   1.4283340957662192        8.1422185029865011E-003
               190000   1.4722517482543307        8.0686227287709005E-003
               190200   1.4508515885198543        8.1041917631934027E-003
               190400   1.4581479000264124        8.0915634879877418E-003
               190600   1.4462791114367879        8.1111927901612590E-003
               190800   1.4189373380953259        8.1583388741450612E-003
               191000   1.4355257645094688        8.1304495877019822E-003
               191200   1.5147058911219891        7.9969820990206733E-003
               191400   1.4622068224335716        8.0850129558848582E-003
               191600   1.4742335009472907        8.0651600110917977E-003
               191800   1.4781192519830915        8.0585508647026804E-003
               192000   1.4948539556219846        8.0306252479921784E-003
               192200   1.4572170267156281        8.0935894005803415E-003
               192400   1.4854027022729697        8.0476555663698320E-003
               192600   1.4734300107908747        8.0670488304472356E-003
               192800   1.4408504222843423        8.1215812528364732E-003
               193000   1.4470977115766734        8.1114645883064579E-003
               193200   1.4469030073141615        8.1103632030718846E-003
               193400   1.4698463530856947        8.0725813138662790E-003
               193600   1.4340669973213636        8.1337320357723845E-003
               193800   1.4224351477599955        8.1527534588142544E-003
               194000   1.4655817287164883        8.0792633727038224E-003
               194200   1.4281272070844113        8.1415896400039208E-003
               194400   1.4282276263115667        8.1420514796071031E-003
               194600   1.4447945148828347        8.1144359060251695E-003
               194800   1.4220662739138832        8.1515268559704014E-003
               195000   1.4438822102150597        8.1154283843193013E-003
               195200   1.4456382318119427        8.1106279462531666E-003
               195400   1.4164391966048893        8.1613582877982614E-003
               195600   1.3998618415722126        8.1884314797200149E-003
               195800   1.4077405382532651        8.1744764192125570E-003
               196000   1.4205019965424901        8.1544205310390815E-003
               196200   1.4376573626744305        8.1258716172936413E-003
               196400   1.4275721819149561        8.1433188989095632E-003
               196600   1.4461741260451573        8.1108093724336413E-003
               196800   1.4115388919121361        8.1695991618267044E-003
               197000   1.4418458325652677        8.1176770038981771E-003
               197200   1.4380681589027935        8.1258875313488174E-003
               197400   1.4304144967128192        8.1378912107169816E-003
               197600   1.4002321329379643        8.1881931893355818E-003
               197800   1.4302791669156918        8.1387527883260459E-003
               198000   1.4032422917738772        8.1840245499514713E-003
               198200   1.4187104814271161        8.1570234463133485E-003
               198400   1.3745681102145801        8.2306662453721455E-003
               198600   1.3995055915626118        8.1886896588850653E-003
               198800   1.4105618705134599        8.1708108777693092E-003
               199000   1.4036226144356156        8.1815202437006372E-003
               199200   1.3595718741584095        8.2550458550928116E-003
               199400   1.3874375636665632        8.2089304809802796E-003
               199600   1.3872356617078296        8.2085922769473442E-003
               199800   1.3799817630472020        8.2197205343136660E-003
               200000   1.3807468032833321        8.2206759211281098E-003
