                    1   4.3843363153384440E-002  -6.3576563621671231E-002
                    2  0.71606635002462171       0.93145226140028992     
                    3   1.3373044261999092       -3.9252991837594356E-002
                    4   2.1540243693808034       0.97411041124485154     
                    5   2.8899772904185204       -1.2176023990517718E-002
                    6   3.4300257451353784       0.93655239567215820     
                    7   4.2459980406004956       -9.1214011634543166E-002
                    8   4.9591957102385216       0.97274119697228878     
                    9   5.5859383378798295        4.7664014773229485E-003
                   10   6.2763920909957136       0.92117841778432030     
                   11   6.9379670129535924       -5.3359736786247093E-002
                   12   7.6414276172570199        1.0092025591610623     
                   13   8.3208304923291561        4.2825427174059932E-002
                   14   9.1527141077166050        1.0237399511961678     
                   15   9.8814472102680586       -4.0349557853136930E-002
                   16   10.574148987784827       0.97380141008433518     
                   17   11.291940189965834       -3.3552725737888811E-002
                   18   11.848529519944991       0.98504457662405343     
                   19   12.538938224107616       -6.6830200161611925E-002
                   20   13.249341027273003        1.0757204709707051     
                   21   13.962782096613552        7.1511340901536241E-002
                   22   14.659894334345381       0.97879219295560171     
                   23   15.388179657576179       -9.5592687936294524E-002
                   24   16.161333513274286        1.0605659998123511     
                   25   16.760564553824558       -5.4007186677741126E-003
                   26   17.441202576249498       0.96615017951643778     
                   27   18.172123403756718       -3.8620675130094262E-002
                   28   18.971394348936371        1.0483729270058739     
                   29   19.643863230074516        1.6456182359116833E-002
                   30   20.283640082663570       0.95626719812670147     
                   31   20.998873495735328       -9.4029725634958816E-002
                   32   21.766273701056384        1.0154456591955896     
                   33   22.307765296135415        2.5161032724151933E-003
                   34   23.072073831288172        1.0974017841762067     
                   35   23.716066285698858        8.2482803737228494E-002
                   36   24.422633699389088       0.94292920968397764     
                   37   25.290010817024999       -6.8497488323989414E-002
                   38   25.976391981158773       0.95074325840520357     
                   39   26.500695351822525       -5.5312176917901357E-002
                   40   27.284591183640348       0.98958443621698133     
                   41   28.011505775881059       -8.0601889090692547E-002
                   42   28.745797606264492        1.0007980462246091     
                   43   29.307921441552079       -4.7248806892307552E-002
                   44   30.181004603900206       0.90341409740430967     
                   45   30.709668188709873       -4.8482653315067591E-002
                   46   31.564362554822019       0.98116104085124844     
                   47   32.137503281216198        7.5285426085085816E-002
                   48   32.899342018365772        1.0997284199742610     
                   49   33.648969775130247        8.4474520622060262E-002
                   50   34.283575171546993        1.0728777112436845     
                   51   35.001360090121452        2.0013375514003784E-002
                   52   35.709654883197054       0.99334757753080472     
                   53   36.487042738065249        4.4399295495420821E-002
                   54   37.053168690609489       0.94775081358612823     
                   55   37.857998920832173        2.9459318915779159E-002
                   56   38.588451937319327        1.0573089250837631     
                   57   39.261888849726830       -9.6773539671195549E-002
                   58   39.881632827511467        1.0181469763929396     
                   59   40.602089067216170       -3.2686119095271235E-002
                   60   41.338071107098209        1.0116190034848311     
                   61   41.900118523346208       -7.2355243760885105E-002
                   62   42.604247676491624        1.0725427130676126     
                   63   43.343905276766357       -4.6694288463795468E-002
                   64   44.027540716352391        1.0878847779980660     
                   65   44.711490791924284        5.5711597382778422E-002
                   66   45.473905185988379       0.90068580818244537     
                   67   46.128022223233145        6.0114809290013088E-002
                   68   46.884959710870596       0.90799642764178146     
                   69   47.604845090643344       -8.3635586888638841E-002
                   70   48.209175193902766       0.94202448503780445     
                   71   49.069446183614417        6.1096943666194364E-002
                   72   49.686220590752576       0.98311233499779549     
                   73   50.388231328650072       -5.2398498780790309E-003
                   74   51.052916743353734       0.90326293343674890     
                   75   51.811775501024755        9.9929481615831317E-002
                   76   52.466670927647890        1.0892927807354578     
                   77   53.191706386427249       -5.7641497989207903E-002
                   78   53.851629236761347        1.0904693028690660     
                   79   54.661276351640446        7.8419669253835950E-003
                   80   55.205858252211883       0.92006186895704956     
                   81   56.077816704650289        3.6371392861714424E-002
                   82   56.729256438677389        1.0247487912757967     
                   83   57.333594747669096        1.3984561925559025E-002
                   84   58.190388270589672        1.0626604137818221     
                   85   58.846448051023792        3.6022230754584161E-002
                   86   59.520012905227830        1.0839370938074646     
                   87   60.215109939669567        2.3487530953104990E-002
                   88   60.845643768881352        1.0985351170976787     
                   89   61.530753404633018       -6.7157802973829672E-002
                   90   62.244371849296584        1.0972305831011768     
                   91   62.938088503811862       -4.3583334944624796E-002
                   92   63.648190011047127       0.90513983268495246     
                   93   64.316012765383874        5.3472558136511972E-003
                   94   65.110974589262355        1.0117821330461201     
                   95   65.852681410417958        8.1630961857814127E-002
                   96   66.590175402337351        1.0898466817053241     
                   97   67.105855518532579        8.9700902786741032E-002
                   98   67.893082936006280        1.0881037545764534     
                   99   68.682082747412053       -1.4397093202761446E-002
                  100   69.385864822659684        1.0862354803991043     
                  101   69.997173677943096       -2.8549480670506486E-002
                  102   70.663105674260876        1.0339547359502992     
                  103   71.481082595363944       -3.3180197082552376E-005
                  104   72.116745961620566        1.0323618828289489     
                  105   72.765984455750285       -2.3801002890603232E-002
                  106   73.570430008389806        1.0297125280676658     
                  107   74.118686934574484       -8.0790172627305951E-002
                  108   74.966937873807609        1.0612483235611756     
                  109   75.688549984009512        1.6980817329962025E-002
                  110   76.334786282942758        1.0687346151721075     
                  111   77.014738396176853       -5.6510752726923956E-002
                  112   77.680674147667560        1.0490331200486811     
                  113   78.415968626619318        3.3857818797676631E-002
                  114   79.011228712963742        1.0069438669246595     
                  115   79.784088631211901        1.2340934095885672E-002
                  116   80.457356609497864       0.93492703671860822     
                  117   81.175845737135376        8.4720465762388980E-002
                  118   81.991551021936033       0.99683368611878009     
                  119   82.595388672878954       -3.9414732434011855E-002
                  120   83.319568447896557        1.0800468709501958     
                  121   83.989795734069162       -2.9399372624815290E-002
                  122   84.630443883061346       0.91118769319796700     
                  123   85.476834863171987        4.9783348222055462E-002
                  124   86.077449388699776       0.95376314262368100     
                  125   86.887485230153530       -3.9862671658729268E-002
                  126   87.484777124433762        1.0031719065902494     
                  127   88.175509307770682       -6.7131746058667424E-002
                  128   88.898029543788340       0.99839282026820764     
                  129   89.569205709067617       -3.0902285931821913E-002
                  130   90.392855336365599       0.92954166813607797     
                  131   91.070108218024657        9.1170219503775296E-003
                  132   91.701328885379610        1.0579002002603768     
                  133   92.324431190890394       -3.1402701672677669E-002
                  134   93.116406480738291       0.98692274587958928     
                  135   93.710387131127092        9.1257260760230136E-002
                  136   94.432459790369037        1.0267268403078549     
                  137   95.265995748860732       -9.7669155663881943E-002
                  138   95.848990123491518       0.90861567351224237     
                  139   96.693551521094790        6.3887868282826277E-002
                  140   97.378338748865986       0.96706017103552677     
                  141   97.906394752880914       -6.0589138073060780E-002
                  142   98.682627123933628       0.97249462228725747     
                  143   99.423058570278585        7.9239806849848632E-002
                  144   100.07243544031991        1.0345837717839290     
                  145   100.85975056771353        6.6768726592325217E-002
                  146   101.49764254316577       0.91361424465620478     
                  147   102.14431755430149       -3.3727277028406943E-003
                  148   102.97068048118497        1.0876997817655523     
                  149   103.61753256305622        1.9474627424567140E-002
                  150   104.34820996728311       0.99220327727501878     
                  151   104.94849142623931        8.8253061133452104E-002
                  152   105.76853245927772       0.99378298167745749     
                  153   106.30206794004381        9.3907710220365648E-002
                  154   107.01772091408125        1.0080352456763826     
                  155   107.76612460770937       -3.6787975371214948E-002
                  156   108.40039173616879        1.0981129373320684     
                  157   109.21252854266537       -8.2883422639652926E-002
                  158   109.86905610675753        1.0071540241666939     
                  159   110.54179665075628        8.3888440144368581E-002
                  160   111.36323226283207       0.90492721842739376     
                  161   111.97422025881657        8.5057674041640607E-003
                  162   112.61912248644539       0.95986946272417351     
                  163   113.37541070600165       -3.2436695683903630E-002
                  164   114.19159514998216        1.0380502906229561     
                  165   114.83888069901562        2.8529816328873719E-003
                  166   115.46188187623534       0.95090039712667718     
                  167   116.11428140928084        4.0058817511404277E-002
                  168   116.89376859749694        1.0704599142418738     
                  169   117.50457838107133        3.8616012909236663E-003
                  170   118.20014592482389        1.0519854597523806     
                  171   118.90216781366345        1.7957095451846025E-002
                  172   119.61192765871198       0.95354714331323998     
                  173   120.41609607073192        2.9198564754901984E-002
                  174   121.14195301358487       0.98630419432599648     
                  175   121.88271349178343        6.3058379801862408E-002
                  176   122.55153755585609        1.0472547107760395     
                  177   123.28221769280796       -8.7959419045580467E-002
                  178   123.89667406472162        1.0271732548569972     
                  179   124.65919923046862        6.1588322481830826E-002
                  180   125.24094173440976       0.98089972944570869     
                  181   125.96777264665253        3.2779724837610297E-002
                  182   126.77504007721269        1.0375683355606418     
                  183   127.36527867102485        3.0008260708434875E-002
                  184   128.01182262697256        1.0484706202182681     
                  185   128.87341642419318       -5.6606951786066555E-002
                  186   129.47155620686726        1.0321526483832160     
                  187   130.10646386915118       -7.9130125787287064E-002
                  188   130.99115906972389        1.0088365757080737     
                  189   131.60089842866950       -6.1261982274933416E-002
                  190   132.26725816133222       0.96507632915502650     
                  191   132.91381641073167        3.3044097868827560E-002
                  192   133.74208551803801        1.0100963584929930     
                  193   134.45440082775707       -4.4961768153382473E-002
                  194   135.01204131869628        1.0664834760768016     
                  195   135.74822349073679        3.0231650747450045E-002
                  196   136.57258240668872        1.0072375766008907     
                  197   137.11118345369616       -7.7989423005575764E-002
                  198   137.95067656587275       0.95342939077224909     
                  199   138.56807754867017       -9.6261934344528066E-002
                  200   139.31575735084107        1.0982850801123059     
                  201   140.02053683505844        1.6244865034964084E-002
                  202   140.74184514889072        1.0108834774173698     
                  203   141.39493030462120       -1.3808033922432100E-003
                  204   142.14261671097884        1.0788077106118124     
                  205   142.84082458628723        5.9830206410623449E-002
                  206   143.41874558220394       0.98746127459474853     
                  207   144.20796152383474       -1.0634207255539485E-002
                  208   144.80662245543178       0.94178760918650972     
                  209   145.57068749458301        9.3636157550803345E-002
                  210   146.31487769735207        1.0714052153535747     
                  211   147.06747100282189       -9.5004867142041288E-002
                  212   147.66575911132247        1.0396587211375443     
                  213   148.48813538269462       -8.4617329004268424E-002
                  214   149.09825588140617        1.0987328162569743     
                  215   149.83750630517790       -2.2774722449793006E-002
                  216   150.58316939707586       0.92027191883624149     
                  217   151.19356503611539        1.3725171785919074E-002
                  218   151.89694227261808       0.97679493519518934     
                  219   152.67442139068066        6.3109662361940572E-002
                  220   153.24301165158118       0.96389293854391600     
                  221   153.90457206585359        9.9656181796743598E-002
                  222   154.70681553625218       0.95068311688696416     
                  223   155.43458333826206       -2.6517154039223695E-002
                  224   156.12941849530478        1.0366779355308580     
                  225   156.77318670169458        9.6016255952425245E-002
                  226   157.56175809020996        1.0887267782020842     
                  227   158.29239965024746        2.5347641022007955E-002
                  228   158.83207316674640        1.0500325271690669     
                  229   159.68371800449776       -1.1754828406785767E-002
                  230   160.36044710827105        1.0607966333375138     
                  231   160.92745868248306       -2.5231826680337216E-002
                  232   161.63531619418075        1.0836542157341098     
                  233   162.49695776289431        3.7643019972422254E-002
                  234   163.07760916918269        1.0139292824161199     
                  235   163.89140580581045        8.3125217021107339E-003
                  236   164.41591068875468        1.0855531014411792     
                  237   165.13655327682187       -7.9845608941694068E-002
                  238   165.81012227998579        1.0525289054566853     
                  239   166.63254851325706        1.1083331540703303E-002
                  240   167.33442154341213        1.0202651597808468     
                  241   167.97400177171130       -3.0148565592893861E-002
                  242   168.66435300196497       0.93831943878923973     
                  243   169.42652843266345       -9.3231229616929132E-002
                  244   170.19043563329959       0.99717653020376140     
                  245   170.80452204269008       -6.7837857496532650E-002
                  246   171.44945725229434        1.0919795241186057     
                  247   172.20722079180956        2.6374370502771499E-002
                  248   172.95346576111291        1.0132414348956140     
                  249   173.59489391308045        1.7763822087285885E-002
                  250   174.21966589550152       0.93759945434825553     
                  251   175.05644852739056       -3.2123026499997737E-002
                  252   175.62009602724248        1.0083914031999117     
                  253   176.30609411191605        8.5513325228099180E-002
                  254   177.00764415072055       0.90792232619225910     
                  255   177.83406872931269        6.7000753315900607E-002
                  256   178.58117251880503        1.0868929456034115     
                  257   179.18429725986132        5.3103984760860673E-002
                  258   179.84413278357809        1.0985761827833165     
                  259   180.50353221757777        5.7186395583457811E-002
                  260   181.37257187954435       0.92681029569535134     
                  261   182.04522525372116        5.7463628701886371E-002
                  262   182.73499154467990        1.0199250162362015     
                  263   183.32998256574831        5.3976427677703304E-002
                  264   184.08515060451498        1.0318779197854135     
                  265   184.72550338071585       -5.3383652354603628E-002
                  266   185.53587965358358        1.0477676502618818     
                  267   186.20872086473821        6.8612173947707689E-002
                  268   186.95716832628375        1.0546782593266961     
                  269   187.61310119393076       -7.8717216499969170E-002
                  270   188.32793673822448       0.94632791619856782     
                  271   189.06914054545209        5.7990934624427309E-002
                  272   189.67311718229081        1.0286261733022368     
                  273   190.41657327574993       -3.1666432229520411E-002
                  274   191.18024024782844        1.0614538359764234     
                  275   191.78159664498236       -1.7932076749447010E-002
                  276   192.55263365234768        1.0366712207075226     
                  277   193.12719160593787        9.8040250336132895E-002
                  278   193.81226577449081        1.0521119734200157     
                  279   194.57451515544665       -1.8065855130819680E-002
                  280   195.29678365522713        1.0954436721229137     
                  281   196.07184041861888        8.5107556811188867E-002
                  282   196.74729922789257       0.97052018624184810     
                  283   197.36764111517417       -2.1235720003809452E-002
                  284   198.14509030833094        1.0547986672380878     
                  285   198.71970984713784        4.3507007031174466E-002
                  286   199.41094942478625        1.0282500054512247     
                  287   200.19362464637652       -8.5485289863992578E-002
                  288   200.83280764454767       0.91935686296116614     
                  289   201.64828002244090       -2.1623478250930389E-002
                  290   202.22284433502210       0.98458844132302881     
                  291   202.91327175180956       -7.7298453850052753E-002
                  292   203.66577067767744       0.96247246757194083     
                  293   204.36237814770203        8.9113593571361172E-002
                  294   205.08677228600982       0.94478796586660241     
                  295   205.82967246642781       -3.0693000473277068E-002
                  296   206.49719702805248        1.0291035522899459     
                  297   207.12016750189821       -4.8734625018365445E-002
                  298   207.86482502642781       0.94023750294428898     
                  299   208.63225250207697       -2.2910703425463502E-002
                  300   209.23637851590360        1.0139958730452268     
                  301   209.98778964842595       -5.9000820247949316E-002
                  302   210.72139962232646       0.98531163367023245     
                  303   211.38322525518211       -4.5646309642212002E-002
                  304   212.03491059987525       0.94543241112039489     
                  305   212.82277675192765       -2.1962020537220697E-002
                  306   213.41813954794065       0.93022237014045661     
                  307   214.21643253590253        8.3526713043674011E-002
                  308   214.87521604069963        1.0773714759267030     
                  309   215.64502647737839       -2.0482391170439748E-002
                  310   216.21707591201130        1.0212462588241698     
                  311   216.96130254512522        3.8970973423560679E-002
                  312   217.79137546264016        1.0033702630133046     
                  313   218.34721867390800        1.6603258808478336E-002
                  314   219.05413316241831        1.0103501434204369     
                  315   219.73020895610117       -9.2867277906925130E-002
                  316   220.53515116932761        1.0364251087546270     
                  317   221.23055272620255       -5.8241121473617541E-003
                  318   221.99953649316379       0.99633674458216104     
                  319   222.58077990958046        7.0742467838700446E-002
                  320   223.36806709292634       0.90516619979465340     
                  321   224.01782765234884        7.0301579337558540E-002
                  322   224.69801938814103       0.98516069387593186     
                  323   225.46171557581431       -2.7903863595047970E-002
                  324   226.10210144839255        1.0582171225522929     
                  325   226.88016571219023       -8.2487524582301214E-002
                  326   227.57512791914573        1.0096721570329525     
                  327   228.20297948148735       -7.4112753332585352E-002
                  328   228.80559120811421       0.91727638903671105     
                  329   229.65534160201696        7.7332764487441197E-002
                  330   230.35998952766067       0.91318662274472939     
                  331   230.92185302319839        6.6462025269715119E-002
                  332   231.63391687851606       0.92985571332877925     
                  333   232.30449089758417       -4.7330473835935825E-002
                  334   233.08524270681272        1.0097486204917849     
                  335   233.84236463635855       -5.0421083621719952E-002
                  336   234.58370197187173        1.0349429272623740     
                  337   235.18180050901776       -2.1111016924443685E-002
                  338   235.80990531016514       0.93861711773038758     
                  339   236.54127778167225        6.7005608884452478E-002
                  340   237.22646212985646        1.0639669929520992     
                  341   237.92661137240773        6.1007191136183220E-002
                  342   238.73404968215283       0.94894001661594485     
                  343   239.42408709174236       -9.7963459784901882E-002
                  344   240.06539353898657       0.94029388179617435     
                  345   240.88874656721768        3.7731884933951243E-002
                  346   241.58722580434579       0.92212384616123422     
                  347   242.16124309445311       -8.3747921239598441E-002
                  348   242.93257229691764       0.93640162994643905     
                  349   243.58115556981360       -4.7504132452761333E-002
                  350   244.23011619040938       0.92475493195553538     
                  351   245.08865673679350        5.6341378167563821E-003
                  352   245.63312315679508        1.0171055168593570     
                  353   246.42809287798590       -9.1705081621550610E-002
                  354   247.16960004644221        1.0628534056315588     
                  355   247.74120323889224        6.9622708048298176E-002
                  356   248.46904911703558        1.0426976360848297     
                  357   249.13024062787167        9.2490446581779906E-002
                  358   249.91072773773709       0.92433267746154080     
                  359   250.51651432998867        1.0671975651279100E-002
                  360   251.36959377572390        1.0180881194869817     
                  361   252.03256448461764        7.4260634604964154E-002
                  362   252.74431170955137        1.0960494954046638     
                  363   253.40153919454414        4.2374624151177431E-002
                  364   254.10973361090541        1.0290116615396583     
                  365   254.80851199566692        4.9678649586124640E-002
                  366   255.53496748224461       0.97289416338826262     
                  367   256.16593008161823       -2.1429170213749960E-002
                  368   256.93071722526264        1.0642944280858233     
                  369   257.50236112606632        6.1084081959942832E-002
                  370   258.20927868062762        1.0836542779849723     
                  371   258.93323726854567        5.3092552993122460E-002
                  372   259.74986178152767        1.0326205922911813     
                  373   260.47491341931112       -4.7970253824780040E-002
                  374   261.05519519512831       0.97979540862551218     
                  375   261.78711603308489       -7.2412475211096658E-002
                  376   262.46766579848088       0.94464971158386901     
                  377   263.11100443990921       -8.8131006138826212E-002
                  378   263.93926852904150        1.0841757093551083     
                  379   264.68645813588057        9.2410251097199997E-002
                  380   265.21168127918963       0.97719975829921080     
                  381   265.99615306215992        9.6280608309357474E-002
                  382   266.60079375345498       0.99471229936034355     
                  383   267.45181006182918       -6.7981872093191481E-002
                  384   268.14261630368424       0.94421932377353290     
                  385   268.70106136594580        7.9266889158643217E-002
                  386   269.56465171143071        1.0714494778100969     
                  387   270.20973549160436       -3.5768748345116022E-002
                  388   270.96904890491317       0.93675010538678838     
                  389   271.60232650405209       -9.3222867498417988E-003
                  390   272.37837158912686       0.94075701690205593     
                  391   272.95099484278563       -9.6951707224148045E-002
                  392   273.67796226862947       0.90989852915805836     
                  393   274.33741114508490       -9.7630623124180957E-002
                  394   275.18185877648881        1.0849010490996083     
                  395   275.70167551629316        6.8702212661756384E-002
                  396   276.46975099792661        1.0934281650523945     
                  397   277.12309610300593        7.5318330593565214E-002
                  398   277.93660069941507       0.92883862920425686     
                  399   278.66261138361688        3.1846776258096260E-002
                  400   279.27791420667313       0.93270055672122476     
                  401   280.04616153003792        7.6283478060227478E-002
                  402   280.62301877133063       0.92852254021610836     
                  403   281.39980816357632        4.7893847624668334E-003
                  404   282.16326555581031       0.99166670923484801     
                  405   282.88778164461411       -7.1458762518556762E-002
                  406   283.59471084566144       0.91817870877734442     
                  407   284.19046515710801       -5.6128478819883032E-002
                  408   284.85703378498562        1.0340144038588361     
                  409   285.68182918421456        7.0807774098538778E-002
                  410   286.26810472690005       0.91792017196465292     
                  411   286.96079065520615        7.6666992945698481E-002
                  412   287.60421046340826       0.91331193755495022     
                  413   288.49704454261149       -4.0844545586134040E-002
                  414   289.18640120500152        1.0731640018555455     
                  415   289.74426163042460       -6.9388493470634763E-002
                  416   290.45077927292465        1.0784101648938851     
                  417   291.29290899564143       -5.8665779250931492E-002
                  418   291.99946518526758       0.92512014871145076     
                  419   292.61563195879091       -2.0889166336027706E-002
                  420   293.29914830962281       0.97837840868105241     
                  421   293.95366064175772       -5.8449011547995158E-002
                  422   294.73559958484367        1.0457451021437238     
                  423   295.41839328220010       -8.4900703533095243E-002
                  424   296.06758120918170        1.0636370565422117     
                  425   296.71847854958793       -1.2462262990786274E-002
                  426   297.43624689586244        1.0434120708163648     
                  427   298.23768579999410       -7.0197677835534752E-002
                  428   298.86103620249099        1.0223327440685741     
                  429   299.52483041253993        6.0067907247816632E-002
                  430   300.21386834484565        1.0929631697046269     
                  431   300.92894893137867       -4.4451946762670440E-002
                  432   301.78164603279436        1.0174832952076820     
                  433   302.35777813443235        1.8586134022071488E-002
                  434   303.02363549408858        1.0678629393168773     
                  435   303.89571018943508        5.7622714980371387E-003
                  436   304.49257930256772       0.97429194179271739     
                  437   305.26409516064012       -7.8914825277605183E-002
                  438   305.84468502721785       0.93700819385513101     
                  439   306.50997336215175        7.4632133696520303E-002
                  440   307.30236650582572       0.99289691237159095     
                  441   308.07341553808612       -5.4430894217296015E-002
                  442   308.66963274406294       0.96612010239680368     
                  443   309.40715908399665        3.7609697849800006E-003
                  444   310.07696928984910       0.95511929526243466     
                  445   310.82776639378841       -4.5850589048005611E-002
                  446   311.51587431416738        1.0276799653985937     
                  447   312.15362753375661       -4.8546212725071813E-002
                  448   312.88455427739268        1.0761207488853564     
                  449   313.59622544375293       -5.2532133084664250E-002
                  450   314.23221193170650        1.0548266020260155     
                  451   315.06512589653704       -5.8379766239831238E-002
                  452   315.67022397686185       0.91360983411769170     
                  453   316.38971950365345       -7.4264010288437238E-002
                  454   317.18893686332262       0.93699564193660678     
                  455   317.89602882318400       -8.7571760269327989E-002
                  456   318.53334313265134       0.99514545547904443     
                  457   319.24350063308384       -8.4342920644021047E-003
                  458   319.91967002022227       0.94313731531097345     
                  459   320.60932580326153       -2.1770136877479404E-002
                  460   321.27374498979356       0.95106920757460522     
                  461   322.02290526139973        8.3750603805574919E-002
                  462   322.65831390790510        1.0107692745734265     
                  463   323.39867463684379        6.7843268142910529E-002
                  464   324.01127114374879       0.92643459180001453     
                  465   324.78186964244782        8.0423003598893955E-002
                  466   325.49265658598955       0.91269055342322580     
                  467   326.13955922219742        5.0665802819722189E-002
                  468   326.87318742991869        1.0872169186987746     
                  469   327.59088595924482        9.0269374038864258E-002
                  470   328.32424403481542       0.90724529298489942     
                  471   329.02594111767115       -9.5889004439548786E-002
                  472   329.68848690529080       0.95951379581577445     
                  473   330.47272614026497       -7.5762424681055818E-002
                  474   331.05244676158566        1.0787603229654013     
                  475   331.77599434140217        9.9353756723999931E-002
                  476   332.52638366354824        1.0816514049609722     
                  477   333.23454861779140       -6.3221120112570361E-002
                  478   333.84964522656554        1.0176179999547148     
                  479   334.54477466460372       -4.1145556601618498E-002
                  480   335.33251340228338       0.91329210820762552     
                  481   336.00202821224156        4.5602004168506349E-002
                  482   336.76337024682408       0.91431286505268805     
                  483   337.38761463790729        1.3547471846154444E-002
                  484   338.19953293887056        1.0949351599300101     
                  485   338.82556969844586        3.8247013558400933E-003
                  486   339.42873176456072        1.0177485052237194     
                  487   340.15575823545305       -7.8495645015150745E-002
                  488   340.91756705439906       0.96077967921307728     
                  489   341.62215631709802        7.1594317387126238E-002
                  490   342.28352116705400       0.90882466186422661     
                  491   343.08213313698087       -6.4170962400242074E-002
                  492   343.77829167309494       0.98450577074226264     
                  493   344.44773840222399        9.7405811550836024E-002
                  494   345.10901907310819        1.0703322119516447     
                  495   345.78773599952154       -1.6355924432936278E-002
                  496   346.47609357694972       0.98380325545880210     
                  497   347.25002852515991        6.5585706735881988E-002
                  498   347.97525006950008        1.0875301779435833     
                  499   348.56471654401298        9.3883205990831192E-002
                  500   349.39818130872209        1.0218496322380426     
                  501   349.93535029270777        6.4430797067424439E-002
                  502   350.65924690117424       0.94377884596056372     
                  503   351.36570788499967       -9.9242283766753911E-002
                  504   352.05654489736344       0.91648217359519701     
                  505   352.87219680749649        2.2323675866091366E-002
                  506   353.46648974292060        1.0810756544319875     
                  507   354.15923558392109       -2.7126197719597567E-002
                  508   354.88574896143643       0.97626789945438708     
                  509   355.50818075380329        2.8742749081066998E-002
                  510   356.24464477638276       0.90057566812508338     
                  511   356.94443527208495       -9.2068725339978730E-002
                  512   357.62790387162823        1.0151860387159328     
                  513   358.37412413589925        4.9364683582956453E-002
                  514   359.15781175080832        1.0573631686195537     
                  515   359.77547065793004       -4.8218102395031263E-002
                  516   360.55228671221971       0.95798853819750351     
                  517   361.12247687516987        4.9811942593774167E-002
                  518   361.92297210315081        1.0466486244067157     
                  519   362.65142589371885       -6.6361436902834525E-002
                  520   363.23949623188452        1.0325828215556876     
                  521   363.98375161220184        4.3045222160273316E-002
                  522   364.60174878066852        1.0041081859854348     
                  523   365.30336705649790        7.3143189553222548E-002
                  524   366.04771245120531       0.92944668023678079     
                  525   366.87891606124248        2.8928444159936451E-002
                  526   367.56891547532280       0.93237079260846445     
                  527   368.28828331476086        3.9083078229702112E-002
                  528   368.87866699263861        1.0521943097537907     
                  529   369.56262243754230        5.4298639915217911E-002
                  530   370.32832898057791        1.0072045632467710     
                  531   370.95011227431411        2.4642396849386253E-002
                  532   371.60964373227671        1.0593018560721190     
                  533   372.40345746224358       -6.4141224715287520E-002
                  534   373.03009161609907       0.98660220078269334     
                  535   373.85696845093554       -4.1725883191809719E-002
                  536   374.42656141601736        1.0308396356118772     
                  537   375.23064107829123        8.5730297679302903E-002
                  538   375.80201283255241       0.93673577420513476     
                  539   376.56624356579522       -7.8937820973204315E-002
                  540   377.32202621636088        1.0882736992782158     
                  541   378.09747831084212        2.1850452635960319E-002
                  542   378.75547524644202       0.98980987843731860     
                  543   379.46497740305870       -4.3289440991665817E-002
                  544   380.00621863212581       0.91508081748764747     
                  545   380.71730382284028       -5.4097934171850839E-002
                  546   381.50046113942744       0.94977718586014925     
                  547   382.23102374689995       -2.8712916565488147E-002
                  548   382.97039781647976        1.0323058139351429     
                  549   383.56296779447274        9.9109535761123885E-002
                  550   384.20971773347793       0.99340196298133387     
                  551   384.94698215437535       -5.5128052996431053E-002
                  552   385.67892007552263        1.0363377724962302     
                  553   386.44586214663747       -7.8245425205878627E-002
                  554   387.11220355523642       0.96174376136847639     
                  555   387.77186826374742       -3.1251880572513213E-002
                  556   388.50757181842425        1.0772040955072688     
                  557   389.23260922919673       -8.6449058830228215E-002
                  558   389.84652448732271       0.97371027381533282     
                  559   390.67531086459582        7.5508026253654797E-002
                  560   391.35799614387264        1.0138945723879031     
                  561   392.01812984444786       -2.5469846360296144E-002
                  562   392.63627406297582        1.0801018031120810     
                  563   393.41045298752300        9.7723143277735181E-002
                  564   394.17295958626607       0.93637902813395835     
                  565   394.79645363097995        3.6198724775186042E-002
                  566   395.44338252284712        1.0075747071233241     
                  567   396.11690398076473       -6.8666042806654809E-002
                  568   396.88565981072480       0.97778071992584537     
                  569   397.67441988598875       -1.2047831318280439E-002
                  570   398.24528297750373        1.0937726325639126     
                  571   399.05073731261695        2.6949959906341414E-002
                  572   399.76337098635622       0.97719158131205142     
                  573   400.36613510394568        2.8515315948687392E-002
                  574   401.08791976895986        1.0350007953474947     
                  575   401.76214465027084       -4.0707602357017293E-002
                  576   402.45837166775016        1.0075516535729485     
                  577   403.19859270224975        1.9413780287483223E-002
                  578   403.91383224974675        1.0939770823781327     
                  579   404.64344660927071        7.2144641659571962E-002
                  580   405.22203229183583       0.96853556032036836     
                  581   406.00597076295594       -6.0568459059668484E-002
                  582   406.66749578976220       0.99572027132564278     
                  583   407.34893958325466        5.5811916880076085E-004
                  584   408.14484276709737       0.98616864688525208     
                  585   408.86715902651417        6.2213090469108168E-002
                  586   409.53823430363065       0.96145186981139774     
                  587   410.23152805460381       -3.0784133440328890E-002
                  588   410.95316663634128       0.94446220679351656     
                  589   411.69244653547759       -5.7888447773966269E-002
                  590   412.29268879411597        1.0327693246871337     
                  591   413.01544978627783        9.7784112400679801E-002
                  592   413.61782756127292       0.91849460846483399     
                  593   414.43319929257387        6.4271839026573463E-002
                  594   415.00404098641798        1.0699009698041628     
                  595   415.78047869748229       -9.4467950959355909E-002
                  596   416.41456477302074        1.0577187937131236     
                  597   417.21636197141601        5.7410015389132624E-002
                  598   417.84115802182481       0.97668190262373011     
                  599   418.61945599067275       -2.3993062647756636E-002
                  600   419.20254266855630       0.95973725637362595     
                  601   419.92615764591017        7.9620997405212945E-002
                  602   420.79384363877296        1.0847078176128693     
                  603   421.34842105286930       -6.3698323421379932E-002
                  604   422.00257319288818       0.92117180032143819     
                  605   422.80326724854166        3.9541829428595437E-002
                  606   423.42907848556729        1.0936647428684547     
                  607   424.12984203098443        8.3526074452773907E-002
                  608   424.89501701525717       0.91226119184418575     
                  609   425.69429214948087       -8.1745263548333724E-003
                  610   426.30726111586154        1.0585427961686320     
                  611   427.04604891441517        1.5120274078398582E-003
                  612   427.62494706555185       0.92194308932008617     
                  613   428.40728329452924        2.2116322338394029E-002
                  614   429.04809895087078       0.91501681186581540     
                  615   429.81151554734248       -2.0335889964962661E-002
                  616   430.41314759433118        1.0121005448625877     
                  617   431.19669119027202        6.7475301824229866E-002
                  618   431.81611465111604       0.90198527913137660     
                  619   432.55461666411367        1.3512202064482337E-003
                  620   433.20867336235330        1.0095362425424661     
                  621   434.01788064462079        3.6193877998950880E-002
                  622   434.62861073756312        1.0074566411367172     
                  623   435.35601127295661        9.2430802643150151E-003
                  624   436.04306880017390       0.91005295320803414     
                  625   436.70291546010844        3.0540276250615922E-002
                  626   437.47775731260208        1.0553119246337614     
                  627   438.17327496438077       -9.5603562213820326E-002
                  628   438.86874758028358        1.0956259894633640     
                  629   439.59159730030780       -9.8521293082225181E-002
                  630   440.22240946984124       0.95321766781823203     
                  631   440.90956646685771        9.6587576201520836E-002
                  632   441.61309486772905       0.98171374092015884     
                  633   442.36235152289692       -1.1164692113788025E-002
                  634   443.00857395589327        1.0491828281576057     
                  635   443.85391915933513       -7.5171470113324104E-002
                  636   444.48812594015902        1.0226639554104144     
                  637   445.26854221125558       -7.6906393060401951E-002
                  638   445.99231288262183        1.0057431472022194     
                  639   446.53415593678591        7.2910529309220401E-003
                  640   447.39369697853891        1.0657679077132340     
                  641   447.92765257220441        4.8900777294902137E-002
                  642   448.75495497182209        1.0490280324091326     
                  643   449.49609827877487       -5.5378384942217224E-003
                  644   450.15118117683181        1.0280366058983190     
                  645   450.76417224561078       -9.6913563155293550E-002
                  646   451.40869512044685        1.0219312706813175     
                  647   452.28871122842503       -6.5499018013605304E-004
                  648   452.99361320433377       0.91153359549237889     
                  649   453.54060282065774        7.5624079575992348E-002
                  650   454.28116692962715        1.0909188885988297     
                  651   455.02480927827690        3.1653756805910177E-002
                  652   455.73303803151492        1.0559180387221212     
                  653   456.39946170106435       -2.7924295426097867E-002
                  654   457.03731194819250       0.95595461159695538     
                  655   457.89670841026287        4.8743788542814775E-002
                  656   458.42342531948100        1.0168490767489509     
                  657   459.24510178458979        9.5903868692365640E-002
                  658   459.96085952309426        1.0000645744118417     
                  659   460.61623120141911        1.4788264148721697E-002
                  660   461.34520463092099       0.93863446292354868     
                  661   462.00041337908903        9.6623276869063135E-002
                  662   462.69849557753997       0.93749078222693227     
                  663   463.38518559382652       -8.6838675503168650E-002
                  664   464.12300680789468       0.99442574676132001     
                  665   464.78840545087490        3.5700831951011175E-002
                  666   465.55375403944623       0.92622644891992545     
                  667   466.19508451017833       -8.1855209691690814E-002
                  668   466.87233452284067       0.95859720315757546     
                  669   467.52570149051780       -6.9405149040252967E-002
                  670   468.23573577459769        1.0370753498809531     
                  671   469.03998659911065        3.9914511941245512E-002
                  672   469.75607062368908       0.94272785509786661     
                  673   470.31009785130323       -3.9969889742155089E-002
                  674   471.10679581945135       0.96366016537722077     
                  675   471.79170898491299       -4.3101063610063113E-002
                  676   472.55426976600921       0.93650676956840906     
                  677   473.14535667327118        5.2589903071144389E-002
                  678   473.82477719513975       0.95560606358500422     
                  679   474.52828080713778       -5.7701708659151557E-002
                  680   475.31562506339833       0.95488496402113066     
                  681   475.93779864277013        7.8917178232997598E-002
                  682   476.73053484443722       0.98590035963819944     
                  683   477.40563918957866       -6.8707583908030778E-002
                  684   478.16754794340892       0.98216258122457623     
                  685   478.76641462483195       -1.7524589124023382E-002
                  686   479.46468762403526        1.0745231119675278     
                  687   480.23835424075997        6.3083703243126316E-002
                  688   480.82927789328608        1.0285965481132009     
                  689   481.61332865586030       -7.9830018230306360E-002
                  690   482.24187134509901       0.98051468548009091     
                  691   483.09052406225186        9.4498341830795224E-002
                  692   483.77226137035535        1.0799210244158335     
                  693   484.37807809363778       -3.6098522483188233E-002
                  694   485.07353590942358       0.99651847875590005     
                  695   485.80393485369410       -8.5693179525905189E-002
                  696   486.47036925535201       0.94850587497370087     
                  697   487.20670034372955        9.3819118511362903E-002
                  698   487.86545970623257        1.0905536799666751     
                  699   488.57697516721265       -8.2643768850144017E-002
                  700   489.36708492768508        1.0215622968462321     
                  701   489.95781777486235       -8.2592861812522150E-002
                  702   490.79470577649391       0.91874500188826014     
                  703   491.34300724922588       -4.8651602745694501E-002
                  704   492.06052747397200        1.0533005446013772     
                  705   492.88585825824271       -5.7394633563924692E-002
                  706   493.44618008671949        1.0568932191313096     
                  707   494.25337525057620       -8.7582188531306948E-002
                  708   494.86632002054552        1.0811439636990574     
                  709   495.57006837696764        8.4206729738320690E-002
                  710   496.28628960173177        1.0982018088070811     
                  711   497.00110102364704        4.3709751155278087E-003
                  712   497.64214724525903        1.0139586067264532     
                  713   498.42101699823138       -2.7685033475645479E-002
                  714   499.16367600645265       0.98959236440550336     
                  715   499.76526971908208       -1.7660187096649599E-003
                  716   500.45952940565167       0.96401670692607755     
                  717   501.11171519622826       -6.7841358153918410E-002
                  718   501.88998808795736       0.97846079139713560     
                  719   502.64196258036321       -4.3322029616862615E-002
                  720   503.33641843481126       0.92823953018328698     
                  721   504.02590825088805       -6.2116173663015001E-002
                  722   504.65662322789962        1.0403624995166201     
                  723   505.48265112696657        3.5245503517989801E-002
                  724   506.01023832623844        1.0598178798262818     
                  725   506.78059641561930       -5.6573287290470571E-002
                  726   507.50004556083400        1.0141477137451580     
                  727   508.12315537755035       -4.4273527879784121E-002
                  728   508.95371999697534        1.0733022449389233     
                  729   509.51048806577870       -3.3553506011557571E-003
                  730   510.35363702744263        1.0255163643495269     
                  731   510.92520000525303        2.6149205305101009E-002
                  732   511.72924412883748        1.0274355537113120     
                  733   512.49166717162598        2.9529490468227698E-002
                  734   513.01308566236241        1.0250894874786272     
                  735   513.89941482864685        1.1100032635021240E-002
                  736   514.43566807879176        1.0339912055147984     
                  737   515.24088337459898        8.3010538906597431E-002
                  738   515.88369226654436        1.0402237924552706     
                  739   516.53695185845629        5.4274007939715263E-003
                  740   517.30957252423320        1.0279872771999850     
                  741   518.03593911933740        5.5734941542398553E-003
                  742   518.74131356952660        1.0344354317888178     
                  743   519.41526733717399       -3.5069062811209861E-002
                  744   520.01293328353484       0.97888023190787088     
                  745   520.72958484746243       -2.7604663803357993E-002
                  746   521.54012981855385       0.91662044457212932     
                  747   522.15975140972034        1.3770535897888611E-002
                  748   522.93046993456153        1.0202696184685414     
                  749   523.63456941178958       -1.6031111754101698E-002
                  750   524.38582553944616       0.93505227938711943     
                  751   525.09773430062864        9.6142629849340133E-002
                  752   525.70540944735262       0.91649810654405206     
                  753   526.44495947567816        9.1148818596783004E-002
                  754   527.11766650142022       0.91483895781265812     
                  755   527.88878446033141       -7.9360080598201446E-002
                  756   528.56937228131244        1.0926492692365111     
                  757   529.23296058081962        4.5269911732466278E-002
                  758   529.95192554656694        1.0802751570262843     
                  759   530.51159884736887        6.5886137600359718E-002
                  760   531.34489630487201        1.0465271385954380     
                  761   532.01826241355604        4.7242066856925669E-002
                  762   532.76477379270841       0.93193614092063481     
                  763   533.40100861682538        5.1564239710587323E-002
                  764   534.02218882673662        1.0046889483982295     
                  765   534.74717249281275        9.3262618700855171E-002
                  766   535.41373910163929        1.0256675494206013     
                  767   536.23804444017048        9.0693892376211976E-003
                  768   536.81103442293079       0.90167965111449866     
                  769   537.60057129199879        7.6962917704265638E-002
                  770   538.25778585124306       0.91362930198854309     
                  771   539.04013504797422       -2.2198350529997690E-002
                  772   539.67202306636716       0.94827472613208186     
                  773   540.39955066409220       -3.3855341498020719E-002
                  774   541.12799796318131       0.94529178985740958     
                  775   541.83250926994174        7.9330638821900334E-002
                  776   542.50638321196243        1.0006257514487036     
                  777   543.17019864250688       -8.9920584650601668E-002
                  778   543.81230665159296        1.0376884516375036     
                  779   544.66917285357931       -1.8592333174644649E-002
                  780   545.35954619876202        1.0903351460724564     
                  781   545.94915526683758        7.0646675997515007E-002
                  782   546.70490389624217        1.0295786809840217     
                  783   547.35955987706029       -2.1694750386600195E-002
                  784   548.07355779397301       0.98312702560604703     
                  785   548.74868601816718        4.7370737458000883E-002
                  786   549.44003328834106        1.0033011144222244     
                  787   550.25276603309874       -6.6354141309689280E-002
                  788   550.84412001479996        1.0955015868604725     
                  789   551.53703333192266       -5.7205124893730218E-002
                  790   552.21996384633246        1.0435506330908630     
                  791   552.99131610289908       -3.1823846852729071E-002
                  792   553.76540440173028        1.0518944357260118     
                  793   554.43672200669437       -4.2960035099017337E-002
                  794   555.03626150713444       0.93698093444228503     
                  795   555.82137505430728       -5.7611852864006330E-002
                  796   556.56987964296718        1.0279566505970803     
                  797   557.26935196785280        9.4803926194158422E-003
                  798   557.93422400333884        1.0527365999158553     
                  799   558.54776721813425        4.1360460076486472E-002
                  800   559.38102214533592       0.99719594489584917     
                  801   560.00378294701170       -9.9643465582952617E-002
                  802   560.76295830386641       0.91802550886354550     
                  803   561.42262015665528       -2.0022984236406138E-002
                  804   562.08594395319119       0.94890886894893034     
                  805   562.80160373618833       -6.7709857927737371E-002
                  806   563.49819859263198        1.0550089503652686     
                  807   564.25072780481514       -8.3481857829590889E-002
                  808   564.89803315217318       0.99299784654618894     
                  809   565.50725508547237       -6.9366654983310572E-002
                  810   566.34692252853495       0.99013274837855736     
                  811   567.06147780502033        1.2782531144156339E-002
                  812   567.79903886037096        1.0264498287869797     
                  813   568.37566339104887       -6.2444551536809070E-002
                  814   569.12319627197417        1.0350833944611342     
                  815   569.86845637222382        9.1449315944060472E-003
                  816   570.57905650040072       0.94373731198311750     
                  817   571.15995028079431        2.5772274046479915E-002
                  818   571.94020740487463        1.0218661683128356     
                  819   572.51451417598707        4.6033452632407129E-002
                  820   573.26674749671565        1.0788624387480115     
                  821   574.05490951467630       -9.5441278151510323E-002
                  822   574.69740482203292        1.0445181084204007     
                  823   575.33274602255335        9.9927327697193702E-002
                  824   576.13581808384401        1.0246122480283681     
                  825   576.74705244054894       -1.4328426775570002E-003
                  826   577.52158066394043       0.95648450818860486     
                  827   578.15191690855147        9.1173709008083581E-003
                  828   578.88548606182360        1.0099291570370634     
                  829   579.68467474013880        8.5766054792193874E-002
                  830   580.30685119686348       0.99246226495815093     
                  831   580.96281527532642        7.9913286392334776E-003
                  832   581.67665472162628       0.99527635706785600     
                  833   582.49921719710915       -3.3293638114448992E-002
                  834   583.17884410588522       0.92104554045115050     
                  835   583.81995802458698       -2.1239495659205215E-002
                  836   584.42177014412005       0.97262774278337605     
                  837   585.18822345260958        2.1048959044775023E-003
                  838   585.90716804487431       0.91405457287573066     
                  839   586.60563964761354        1.0394967303522434E-002
                  840   587.30244323159286        1.0351004897305722     
                  841   588.07882522606178        2.3917879406591805E-002
                  842   588.75700135104614       0.99622584801090752     
                  843   589.49399873763514       -9.2329969520583380E-002
                  844   590.10744745167767        1.0130919004266321     
                  845   590.75110053124854       -1.0134283697317642E-002
                  846   591.44170117398608       0.95481602669944998     
                  847   592.28160222743657       -5.4148472499953054E-002
                  848   592.80882944514576       0.91813778115923383     
                  849   593.59230572197259        6.1846793139133771E-002
                  850   594.24027484122882       0.94226725794894517     
                  851   594.90872108534461       -3.3003053371994898E-002
                  852   595.67799330804360       0.99602681390227954     
                  853   596.44873106029900        9.0040211788674218E-002
                  854   597.07911091765823        1.0646459091571807     
                  855   597.87387089199342       -7.9953836416687060E-002
                  856   598.41467314001534        1.0948486112746763     
                  857   599.15272149055716        5.5556430517054084E-002
                  858   599.95840323633911        1.0983205404951648     
                  859   600.58967372241841       -4.8890369561373187E-002
                  860   601.26500235816411        1.0151907203772705     
                  861   602.03865224535582        3.6392384701755098E-002
                  862   602.75855464288395        1.0431775186710905     
                  863   603.49003846346852       -6.1029920361002049E-002
                  864   604.09026343607013       0.97945215911050532     
                  865   604.80245967323037       -3.8099197187930846E-002
                  866   605.50929228711766       0.90210533244907276     
                  867   606.14326567746764        7.4104700161792797E-002
                  868   606.89865229698717        1.0083133097886592     
                  869   607.62409017655023        3.2225255580983880E-002
                  870   608.27973674487100        1.0613541064425756     
                  871   609.06956503206288       -5.8994102550895086E-002
                  872   609.75272220833165       0.92377398786455533     
                  873   610.45331695756965       -1.7267481357612163E-002
                  874   611.03287136539655        1.0903282622840207     
                  875   611.79170270931945       -7.0643685863351541E-002
                  876   612.40124376918584       0.90112022297534378     
                  877   613.16193032859087       -1.9995476819418226E-002
                  878   613.86857408591095        1.0873838482817808     
                  879   614.58417258123609        5.2053567473038770E-002
                  880   615.20830673877367       0.97244379334156994     
                  881   615.92206537516029       -2.7052060033242203E-002
                  882   616.66722893337896       0.95709654355952845     
                  883   617.39136758758798        5.1447016774522153E-002
                  884   618.05404492411026        1.0370218194163416     
                  885   618.79885245231753        4.7212946887397300E-002
                  886   619.40301143422994        1.0475642184252629     
                  887   620.27358054339288       -8.7486191763261056E-002
                  888   620.99339877896739        1.0550795970587616     
                  889   621.59643949749409       -2.9690917920741799E-002
                  890   622.38661262089420       0.92555231890210521     
                  891   623.01571740674683        9.1120463846182109E-003
                  892   623.69937030117262       0.96175228483407937     
                  893   624.38332049211613       -7.0458282040607195E-002
                  894   625.15659444251764       0.94767050969136390     
                  895   625.77248407116531       -3.8752754265979836E-002
                  896   626.41204068107970        1.0004208021361605     
                  897   627.21985602256154       -5.7268647754358991E-002
                  898   627.99409596811870       0.96695824605398029     
                  899   628.54954166563948       -9.7143317500445511E-002
                  900   629.31151898014218       0.90131770780096632     
                  901   629.97855270817115        7.0667151855958094E-002
                  902   630.63533725078105       0.99042376409668631     
                  903   631.36826112574238       -7.0734419879402724E-002
                  904   632.11589014284186        1.0496833934764664     
                  905   632.74854363070529        8.7050334590041190E-002
                  906   633.59396204720952        1.0617193078365248     
                  907   634.22092728152302       -2.4717560974335681E-002
                  908   634.95332700422159       0.90058016094549043     
                  909   635.61801161907329       -2.2133226022334349E-002
                  910   636.28210795662653        1.0736092985646828     
                  911   636.93537807120242        1.0486212963623898E-002
                  912   637.69608776969733        1.0149134161435582     
                  913   638.37798739107734        1.0717258294570556E-002
                  914   639.14643703882393        1.0778567164293984     
                  915   639.83847551761141        8.3391697352282856E-002
                  916   640.41838836954207       0.99993487530248193     
                  917   641.24008085725484        6.4768810722846709E-002
                  918   641.98963774258254        1.0499192597800653     
                  919   642.51128894159854       -9.9993880662827911E-002
                  920   643.22771758045246        1.0381066743491341     
                  921   644.09988189748049        1.6035890033520919E-002
                  922   644.63508754871464        1.0799453356723592     
                  923   645.40717589375583       -9.2444849739756654E-002
                  924   646.07210025311394        1.0678994272309001     
                  925   646.70372956206631        7.5138282876726720E-002
                  926   647.53330811478293        1.0526317736933215     
                  927   648.25814353709006       -1.3735235181523489E-002
                  928   648.83249542466967       0.98428536505589237     
                  929   649.53029228898652        3.2430301737324113E-003
                  930   650.39895296462646       0.99441146923171586     
                  931   651.09179623016200        8.3837009126767809E-002
                  932   651.75116452409873       0.93303428977284530     
                  933   652.37459781290306        4.1115215630264407E-002
                  934   653.03417941901887        1.0485327752941700     
                  935   653.79992079330884        4.7860985015866248E-002
                  936   654.43135061050111       0.92229606365908201     
                  937   655.26193232367780        5.0982697980112179E-002
                  938   655.94328639232367       0.95410482969116528     
                  939   656.53521771460862        8.3295359597616331E-002
                  940   657.39809823220492        1.0297591000099151     
                  941   657.96541895829239        3.2246793761664228E-002
                  942   658.66279554658252       0.97385747396494826     
                  943   659.35010378069205       -8.5239735369748076E-002
                  944   660.08777903893247        1.0668187067017669     
                  945   660.72370414007969       -1.9906222687476743E-002
                  946   661.55403507806705        1.0132790981040560     
                  947   662.24057808664702        9.1104969574570205E-002
                  948   662.91395862922707        1.0642971151611154     
                  949   663.62554435495758       -9.1074944977723699E-002
                  950   664.34814679169688       0.94686668028505050     
                  951   664.96205235313016        3.6383567884589324E-002
                  952   665.76197173263620        1.0950875210946827     
                  953   666.35477169523563       -6.9137835030657485E-002
                  954   667.12695758924451       0.90043138376926102     
                  955   667.73146861722319       -5.8247293027812064E-002
                  956   668.43589906706950       0.93911893456660023     
                  957   669.14440897380143       -4.7767858776583627E-002
                  958   669.93649651025805       0.93022954844926442     
                  959   670.50839183212452       -8.8237185489133924E-002
                  960   671.22102712957269        1.0087014524366995     
                  961   672.06016791112029       -3.7306009927744424E-002
                  962   672.60986150878500        1.0262429794799228     
                  963   673.48657434265442        5.0908879818757358E-003
                  964   674.06238434981515       0.90193927299037990     
                  965   674.86664683758499        3.7188239513886084E-002
                  966   675.45164389553236        1.0340333397903043     
                  967   676.21882629191930       -6.9705437382696911E-002
                  968   676.86392323962923       0.94149037295649940     
                  969   677.69027566818329       -2.6170152902413646E-002
                  970   678.20701966293768        1.0685589834408966     
                  971   679.08264241933261        1.9292874811311159E-002
                  972   679.63737603866605       0.96000447084124352     
                  973   680.48718339135360        9.7243851767866957E-002
                  974   681.08635043044296       0.98694714249164961     
                  975   681.74547168244851       -3.3776876874588413E-002
                  976   682.49496286662259       0.97221326201905078     
                  977   683.11161294894566        7.9651553938026809E-002
                  978   683.81544794176955        1.0520703801430440     
                  979   684.58925723271443        1.4571001458770355E-003
                  980   685.39938070451535        1.0681131240940918     
                  981   685.98668532728220        9.2609546096331236E-002
                  982   686.71819492707903        1.0753264831393301     
                  983   687.43959185225197       -3.6208208962563743E-002
                  984   688.17956070185301        1.0492436267202276     
                  985   688.88000071425347        6.5502010187831750E-003
                  986   689.52891231091519        1.0060935957393311     
                  987   690.22831359395423       -4.4757850475096610E-002
                  988   690.98348709089078        1.0688824371200560     
                  989   691.52611165494670        7.0081495928905363E-002
                  990   692.38829453433459       0.92578402913254187     
                  991   692.93382189537533       -2.5966087048609449E-002
                  992   693.77874628871587       0.99198216397907590     
                  993   694.45975435840398       -1.5499771788655831E-003
                  994   695.03581348229716       0.99923664002063928     
                  995   695.88890823957104        1.5844291941306682E-003
                  996   696.45794292762912       0.94002346721191943     
                  997   697.23543731775374       -4.3345359577702691E-002
                  998   697.83193742267520       0.97146269860648449     
                  999   698.64737157216666        9.1495197992943228E-002
                 1000   699.35836180374133        1.0901335331665545     
