                    1   1.0905282809357377       -7.1961667904582860E-003
                    2   1.9716968323399444       0.98628109988008694     
                    3   2.9807831157431419       -3.9938315727514606E-003
                    4   4.0846771485616147       0.99187085755212556     
                    5   5.0197976509633619       -2.0765557859712055E-002
                    6   6.0266419832441720        1.0414148064682673     
                    7   7.0067073820642207       -3.5590114254921229E-002
                    8   8.0365229226599677        1.0162205693815300     
                    9   8.9079643612626835        7.0253974454542040E-002
                   10   10.030388101757637        1.0147970393945438     
                   11   11.086015920061861        6.4501258519200660E-002
                   12   12.037762620487221        1.0826881019264267     
                   13   12.913780662102097        1.2673674906381743E-003
                   14   13.966343081572560        1.0012277306086661     
                   15   15.086062116968167       -8.4812933848968791E-003
                   16   16.026436700278698        1.0955722541910267     
                   17   17.027527816953874       -1.8750152294317229E-002
                   18   18.057485586573161       0.99490396710903384     
                   19   19.097414209802242        3.8716307109192827E-002
                   20   19.936946825232088        1.0947155029443241     
                   21   21.058666495536180       -1.5441893779533089E-003
                   22   22.031047333567841        1.0703214810756176     
                   23   22.966927996162255        9.6595676911645972E-002
                   24   24.005226236619716        1.0974824423318696     
                   25   25.087980018045297        5.2584603158646409E-002
                   26   26.089585232066415       0.96878691591412536     
                   27   27.059398978379900        1.9911073800381707E-002
                   28   27.951946839899968       0.91899495426898326     
                   29   28.972956975788811       -2.4711490738808170E-002
                   30   29.972149225031636        1.0692963333850338     
                   31   31.023497312203602       -4.8220732816442312E-002
                   32   31.963966338468168       0.98311005221738124     
                   33   32.960669416675778        8.4575688804689103E-002
                   34   34.063212921909319       0.92786516113241124     
                   35   35.054192280372263       -7.5308653380510668E-002
                   36   36.008838114033530       0.94026331907813909     
                   37   36.912422344456260       -3.3345346680826268E-002
                   38   37.929263632344473       0.97742135117791096     
                   39   38.992505375469960       -1.4806240776934376E-002
                   40   39.936466690821241        1.0305786769177698     
                   41   40.978966247998635        7.9749390403575149E-002
                   42   42.032225946237197       0.92404364334535005     
                   43   43.090281516600299        9.3416268550922138E-002
                   44   44.063061950171239       0.99405114481138745     
                   45   45.023712318182959        5.1105517049593430E-002
                   46   46.028720429227157        1.0418809312235799     
                   47   46.962126720819917       -4.5051792218297013E-002
                   48   48.023247036903200       0.97895356450725712     
                   49   49.041680593356716       -5.4270658205249407E-002
                   50   50.088364221968611       0.99229102530925362     
                   51   51.085413468344427        7.3477743140372642E-002
                   52   52.052756191178048       0.95937831196287637     
                   53   53.008534963972927        7.7407839253635313E-002
                   54   53.947493458003962       0.97791847702825396     
                   55   55.048596209204952       -6.1088633666852542E-002
                   56   55.941212261429797        1.0906169552096625     
                   57   57.083386947815178        6.4890531938362528E-002
                   58   58.084878024379059        1.0606330686919778     
                   59   58.974296280439148        7.9908080354480937E-002
                   60   60.084441503463374        1.0603313201416555     
                   61   61.016090105145665       -4.8113298714959590E-002
                   62   62.098928706334426        1.0667878372832174     
                   63   63.082990148850563        8.5343126949404546E-003
                   64   63.991034442798934        1.0091865582790196     
                   65   64.950478638804881       -6.6250566127103006E-002
                   66   66.084036904913376       0.96022323095065043     
                   67   66.941511217692451       -3.5296982481398051E-002
                   68   67.948935108791090        1.0986626849334462     
                   69   68.943808096509713        8.9755555071993343E-003
                   70   70.012630695103368       0.98164141956146433     
                   71   71.072428484407041        3.7197287123066275E-002
                   72   71.996738210643926       0.91937769176339401     
                   73   73.074139586820436        3.9510712332223835E-002
                   74   74.073887732978960       0.98036461611571257     
                   75   74.926365372825074       -5.2746281431988687E-002
                   76   76.083302772205172       0.90476796141396942     
                   77   76.939767368898572        7.3601355891868225E-002
                   78   78.077901950014777       0.91298468718532666     
                   79   78.919370015719537        8.4805986974888281E-002
                   80   79.923577730755994        1.0746935432820754     
                   81   81.016607579865521        5.1797030967842467E-002
                   82   81.982885099666987        1.0284676612633641     
                   83   83.020246460921911       -1.8117041736719908E-002
                   84   84.042140898252043       0.90178352935102779     
                   85   84.981537476750020       -7.8221575032922597E-002
                   86   85.917715888267224        1.0453028925948520     
                   87   86.939645024154828        6.2630346328620717E-002
                   88   87.975500869145733       0.99663137448255279     
                   89   89.042577325692591       -2.9558979622132428E-002
                   90   90.076786763931622        1.0717055280125749     
                   91   91.023641803741853       -2.8764025517159050E-002
                   92   92.012241150600758        1.0578480585923120     
                   93   93.044473750521490       -4.6538861754723569E-002
                   94   94.075063195309809       0.99025944991788317     
                   95   95.055644712213422        2.0146591557494112E-002
                   96   96.033805342059097        1.0919284135020855     
                   97   96.915580961326725        1.7310320171778651E-002
                   98   98.048618720585637        1.0503614615727952     
                   99   99.082069534125495        9.1085660856917577E-003
                  100   100.08658721109018        1.0392542857288365     
                  101   101.02083593477937       -4.6137582955561168E-003
                  102   101.94929994583269       0.91225661536934355     
                  103   102.97047302103509       -4.0177877141328908E-002
                  104   104.04080402037972       0.93370755777155501     
                  105   104.96484243336300       -1.7802130344592271E-002
                  106   105.95687230777200       0.95937534149156034     
                  107   107.02249937376821       -4.8391380984712795E-002
                  108   108.03862488777649       0.97999421342151605     
                  109   109.04792772899664        9.7625872440165795E-002
                  110   110.08708456388888       0.97195799313653075     
                  111   110.99187738070141       -9.3540492642519540E-002
                  112   111.95842834318512       0.94219599015108479     
                  113   113.07628919000416        6.4174785792072059E-002
                  114   113.91357219997370        1.0170068701786410     
                  115   115.07072646346126       -5.3465084529287360E-002
                  116   115.95411702923131        1.0750410524267506     
                  117   117.06669726810995       -2.7317145599135687E-002
                  118   117.96648165856004       0.94867905870767566     
                  119   118.99877926677303        5.1725648534296259E-002
                  120   120.05121890442027        1.0737942148266044     
                  121   120.97202464255091        7.5455543319412205E-002
                  122   122.04779893351808       0.96694740919136124     
                  123   123.01736565913643        7.5378199180755917E-002
                  124   124.00878890004149       0.99859553743338947     
                  125   124.94357964848881       -5.7649913390272443E-002
                  126   126.09629317513040       0.97819069079664356     
                  127   126.91410579551709        3.8702840793885224E-002
                  128   127.90419741847224       0.90272084028792754     
                  129   129.04574292730416        6.1848232330375286E-002
                  130   129.96277099389420        1.0198602442113673     
                  131   130.96482098408822       -7.2316722352179202E-002
                  132   131.95984698655454       0.99037293577072516     
                  133   133.00210873301717       -8.6641975177789682E-002
                  134   134.05490491242054       0.96518350085898952     
                  135   135.01727280442273        1.6211327819768348E-002
                  136   136.07458827020125       0.99165585984739613     
                  137   137.07109570226424       -2.4621607728411182E-002
                  138   137.92084392305392       0.92098480278735750     
                  139   139.01590240772222       -4.6983293525267512E-002
                  140   139.91078922043505       0.98323661583393829     
                  141   141.03767902359030       -9.7483951999435908E-002
                  142   142.03592432087081        1.0437795104797782     
                  143   142.94189940304028       -2.9874426567030030E-002
                  144   143.94239139077155       0.96841373642731132     
                  145   145.02829075305954       -4.5683832020136664E-002
                  146   146.03356074700167       0.99549534735282030     
                  147   146.97225182811073        1.5294382583921198E-002
                  148   147.98844048920009       0.99870111515570459     
                  149   148.94014318735540        8.2957078945727236E-002
                  150   150.09423275566473        1.0948086858684480     
                  151   151.08081717061205       -7.0431151531574726E-002
                  152   152.09606721324189       0.97654061881346832     
                  153   152.96417394493463        4.4437082419841012E-002
                  154   154.04576090639620       0.91990393128999803     
                  155   154.98744625079206       -6.5866834806924610E-002
                  156   156.07408457160440        1.0338772110554546     
                  157   156.91643681948941        2.1811902361690477E-002
                  158   158.00207591136720        1.0898097787717838     
                  159   159.01249529545026        3.8861086961616831E-002
                  160   160.04791613646725        1.0041334353392255     
                  161   160.95755173423049        1.2999113945795948E-002
                  162   162.01409478021640        1.0848341560615442     
                  163   163.03027421312873       -9.2828089273609374E-002
                  164   163.90368913843312        1.0694920584545908     
                  165   164.93502112554566        3.3295357634244349E-002
                  166   166.06523373475352       0.98968722729279734     
                  167   166.95247071903449        6.4887997121796076E-002
                  168   168.04663419559506        1.0381856630930790     
                  169   168.94452931250586        6.4701917465488729E-002
                  170   170.06529083356881       0.95084227644509567     
                  171   170.93901326951669       -1.6817544974625093E-003
                  172   172.03741187512514        1.0903730005507446     
                  173   172.99520637517838       -3.7284190718156057E-002
                  174   174.09849974428431       0.90788860018829909     
                  175   175.06124685362332        1.0145667580811438E-002
                  176   176.00075991180037        1.0775344996599778     
                  177   177.04799310009233        8.9471074576261966E-003
                  178   177.90801824827858       0.97631671265128239     
                  179   178.94121851354330        8.2752909158848920E-002
                  180   179.90952383787089       0.92632639443631548     
                  181   180.90840641756986       -2.0420487783600644E-002
                  182   181.96411646781684        1.0087821405478585     
                  183   182.95624104320299       -6.4490737957308600E-002
                  184   184.01800023445151        1.0248655825705766     
                  185   185.09324217723267        8.6394665946561144E-002
                  186   185.90705034248558       0.92894047738698682     
                  187   187.07192916223789       -6.1495390125658925E-002
                  188   187.91090945430452        1.0749771087466815     
                  189   188.94791058420228        2.3499233690698854E-002
                  190   189.99722280807455        1.0143482178906684     
                  191   190.97818317132243        8.6210797152174778E-002
                  192   191.96834275505688       0.97694627005298973     
                  193   193.08911195142733        5.1368385021746427E-002
                  194   193.93318503598672       0.95716796351775191     
                  195   194.90065267956277       -7.4933563354999330E-002
                  196   195.93127341714785       0.95334655031327353     
                  197   197.08172477500892       -3.5967457467707853E-002
                  198   197.97843145062151       0.93390739665367206     
                  199   199.00820903930071        3.3132485266984146E-002
                  200   199.93964885293968       0.90606201552188836     
                  201   200.91097083377102        4.0919633346239409E-002
                  202   202.09813162940395        1.0886303019655093     
                  203   203.00825161127386       -7.4314248554883888E-002
                  204   203.99494005109474       0.96734979166757651     
                  205   204.99754193166643       -5.4147999450511644E-002
                  206   206.04957606395698        1.0436244517613567     
                  207   206.97569328057227       -1.8156408424143483E-002
                  208   207.97105245044008        1.0206035569733007     
                  209   208.98342535665492       -1.4389536596613531E-002
                  210   210.00214324498134        1.0348813035632389     
                  211   210.91510581406575       -6.6600024115747558E-002
                  212   212.00435573031893        1.0014537609085306     
                  213   212.94660910952669       -7.1065319486231002E-002
                  214   214.06369497247860       0.96725395215280707     
                  215   215.04568319701323       -5.5918984649246647E-002
                  216   216.04743275522060       0.93165759747764254     
                  217   216.99727400683224        6.5802268361957461E-002
                  218   218.09478310324920       0.91527609688382061     
                  219   218.94466846519890       -5.7869224538014186E-002
                  220   219.91609584765328       0.92449786263185596     
                  221   221.07078906187701        3.5559340454109301E-002
                  222   222.02888470804959        1.0743717243309772     
                  223   222.91780162163474        2.0982888445971112E-002
                  224   223.90809641342526       0.99841181260392697     
                  225   225.01955679384599       -3.0987369260727204E-002
                  226   225.96679478827355        1.0173107990544177     
                  227   226.90649624157939       -5.5905957829217867E-003
                  228   227.90429670529099       0.98803607569067298     
                  229   228.92386147805209        9.0140314354862194E-002
                  230   229.98046844371672       0.94388792011330536     
                  231   231.01069051189842       -6.3153057443628313E-002
                  232   231.96151465337212       0.95364999735040223     
                  233   232.93533539449993        7.3492693069570764E-003
                  234   233.92456395216681       0.92674864177867267     
                  235   235.00711778568919       -4.6119901496209648E-004
                  236   235.94184924123581        1.0712370540674956     
                  237   237.08258101204513        4.6094563177643405E-002
                  238   238.03813653587403        1.0135432505090223     
                  239   238.90285997029625       -3.0796753292675949E-002
                  240   240.03358649608506        1.0995095271823898     
                  241   241.03377338515588        4.3610639423677849E-002
                  242   242.06776039022407        1.0195784360291258     
                  243   243.02182357067625       -5.4529564703857433E-002
                  244   244.05017057314774       0.96201563061582507     
                  245   245.09498518828201        2.2097392859253717E-002
                  246   246.03753146861490        1.0295720108384738     
                  247   246.93791375928438        7.4527808698882342E-002
                  248   247.93601085664659        1.0811897303488973     
                  249   248.93054639972502       -7.2338712734052138E-002
                  250   250.09781808129193       0.94923597382005276     
                  251   250.91392133738975        2.0726864924409810E-002
                  252   252.09458186328791       0.92591162173247510     
                  253   253.06156977450070       -1.7754987977242759E-003
                  254   254.00997865338840        1.0607830189533385     
                  255   255.01805753453141       -8.2079657479175172E-003
                  256   255.95796659566523        1.0556346398487109     
                  257   257.00690029635916        1.9458337933405692E-002
                  258   258.07606912314992        1.0308355727942973     
                  259   258.99725998565884        3.0381783105484894E-002
                  260   260.08721076099334        1.0689439721304570     
                  261   260.99079212972583        6.6709498171305504E-002
                  262   262.00630173821344        1.0927837134065079     
                  263   263.00435701285801        5.2003394702673011E-002
                  264   264.08996907589608        1.0629569688834593     
                  265   265.02391279327082        5.5292254349957659E-002
                  266   265.96672925176051       0.94392659362219922     
                  267   267.09566865601693        1.5542482197408392E-002
                  268   267.94805228802005        1.0340311918423015     
                  269   268.98303226951526       -8.1515028036494547E-002
                  270   269.93569743448256        1.0971369389664847     
                  271   270.99060643046050       -5.9357304490030606E-002
                  272   271.96760973326008        1.0487261151185776     
                  273   273.04931140665542       -9.5084110193545263E-002
                  274   274.08372763751430       0.90907692716407373     
                  275   275.02892713138283       -2.4187481078688525E-002
                  276   276.00775332505191       0.93587621557964940     
                  277   277.06994588373954        3.8900303099823841E-002
                  278   277.94665161054871       0.99608291871992183     
                  279   279.06605493092445       -5.6537122241621947E-002
                  280   279.99770728546878        1.0180700475803723     
                  281   281.07229351143712        9.5816005389668141E-002
                  282   281.99466381258435       0.92655647633652660     
                  283   283.00602736210624       -2.8793622687443093E-002
                  284   283.94881127622983       0.96902461718288957     
                  285   284.99042202946208       -3.4652169217404744E-002
                  286   286.07899137879468        1.0974072075420782     
                  287   287.07322768492855       -6.7997936472338899E-003
                  288   288.04648057605704        1.0428308302038274     
                  289   289.03190829432492       -4.4409717436989279E-002
                  290   290.08409442703470       0.91683540548072151     
                  291   291.03507916922422        9.0081700442105117E-002
                  292   292.08147743793666        1.0517078514200358     
                  293   292.95503880734350       -8.5223628690398151E-002
                  294   294.09286157240865        1.0269002962697584     
                  295   295.04621553200059       -5.1391906124044623E-002
                  296   296.06160503040968       0.93085588493704563     
                  297   296.93555147816204        8.1812363077342382E-002
                  298   298.08193021123998       0.92721559179803859     
                  299   298.98481001747734       -9.7168390087828849E-002
                  300   300.02203926844294       0.92356511586255519     
                  301   301.08955110080058        8.3337121846418422E-002
                  302   301.93996063475350       0.93411437353012639     
                  303   302.92245919356287       -8.2559127801245011E-002
                  304   303.93998424049499        1.0937621825668926     
                  305   305.03066952775197       -4.4265460250991810E-002
                  306   306.09119530044512        1.0887059460593136     
                  307   306.98081281711563        9.7090587696393449E-003
                  308   307.99965956311081        1.0358046536683210     
                  309   308.97530073786402        7.0528031960049947E-002
                  310   309.96134279007208       0.98782520271524454     
                  311   310.95569458315128       -9.9931407615020534E-002
                  312   311.98735269079714        1.0782772626479145     
                  313   312.95911660873850        9.6237760620632912E-002
                  314   313.90974700411300       0.94849491339252701     
                  315   314.93328498692392        7.8882935022104583E-003
                  316   315.92242540964065        1.0275422096181419     
                  317   317.02126661756938        8.3385981001271675E-002
                  318   318.05723925739994        1.0610035756990854     
                  319   318.90977464852011        9.1388518790868178E-002
                  320   319.99457431847168       0.94231843562671258     
                  321   321.07203795226997       -4.0159011020487329E-002
                  322   321.94084874625963        1.0421955895962705     
                  323   322.91300033175662        8.6099361610793790E-002
                  324   324.06975717277402        1.0520035635290899     
                  325   324.99857565834765       -3.0171214617107478E-002
                  326   326.08468725562085       0.90227908119286315     
                  327   327.08296984558223       -9.3391961927227360E-002
                  328   328.09992976125938        1.0079901693957896     
                  329   328.94050554743814       -2.1888942149501933E-002
                  330   329.99929418941963        1.0737210118694123     
                  331   331.09316778919919       -5.3868403340515722E-002
                  332   331.91485913742559       0.96042685988422549     
                  333   333.08239454509453       -9.6105838979372749E-002
                  334   334.03156449315583       0.95184602955848219     
                  335   334.94840290078184       -5.9061947812796917E-002
                  336   335.98125970843745        1.0345191518176156     
                  337   337.08069412699837        2.4249243907032064E-002
                  338   338.01678648511154       0.91793533281098494     
                  339   338.91402723678698        6.9818945720552944E-003
                  340   339.97396843425190        1.0682193970773730     
                  341   341.08590849540286       -6.3411063889016739E-003
                  342   341.94457627460605       0.95528569479739278     
                  343   342.94673006494605        2.2601143426802153E-002
                  344   343.90068908754387       0.90548189797260592     
                  345   345.07246940601971       -5.7322222669878582E-002
                  346   346.07934754459137       0.95426880241918743     
                  347   347.04290156342785        5.4827446939372221E-002
                  348   348.08667441180290       0.90301993347682274     
                  349   349.07837733204286       -7.0325910919195489E-002
                  350   349.93512577830688       0.97178889250413003     
                  351   351.07421702466928       -2.7744975305219771E-002
                  352   351.96642528106167        1.0609451877392295     
                  353   352.98798627757054        9.8220612986640449E-003
                  354   353.95261066433761       0.96241896301261631     
                  355   354.96455589646092       -5.4245944414478463E-002
                  356   356.07581388304709        1.0445902018055038     
                  357   357.04167228010220        1.0893891077480719E-002
                  358   358.01654316841922        1.0642641218545017     
                  359   359.09324140062677        5.7541499690076381E-003
                  360   360.09779593957717        1.0721296987878122     
                  361   360.92711892685173        4.6729410338627819E-002
                  362   362.02583199016425       0.91511971178984841     
                  363   362.91954328176809        5.9559933709610463E-002
                  364   363.99385913596677       0.99555449078272096     
                  365   365.09250222544239        5.3550525516540243E-002
                  366   366.04605558231106        1.0268674491255951     
                  367   367.01154581367103        6.6944792192326658E-002
                  368   368.00815357040523        1.0255283275009734     
                  369   369.03744275590782        3.9277995053433601E-002
                  370   370.08183925838023        1.0888266888623190     
                  371   370.99569543562546        1.4206133741016813E-004
                  372   372.01328259171362       0.97506148709506069     
                  373   372.98600740811463        8.1117426931993170E-002
                  374   373.91366545285678        1.0142527916986515     
                  375   374.90358181299456       -8.5358881140667753E-002
                  376   375.98172462725194        1.0463007666015929     
                  377   376.98417657227219        6.2376341122060946E-002
                  378   378.02188469980092        1.0179651866946311     
                  379   379.09500736794274       -1.7820396426168048E-002
                  380   380.00661743378379        1.0636072899067479     
                  381   381.08110905267370       -5.5516386192323297E-003
                  382   381.95470632736243        1.0479246746150395     
                  383   383.09797722418438        9.4336763408190888E-002
                  384   383.96339747942352        1.0262826145500930     
                  385   384.96500796909237        2.5364357917134123E-002
                  386   385.93909101461543        1.0028049070084046     
                  387   387.06830706236241        5.7679225401471523E-002
                  388   388.09894520706717       0.92057203537366472     
                  389   388.90229096446279       -4.7751967990133252E-002
                  390   389.96024175494841       0.97433777452881665     
                  391   390.97787767612147       -7.5662395829724685E-002
                  392   391.90458033942912       0.99680745249036851     
                  393   392.91526732469703       -1.4005846023043278E-003
                  394   393.95746897525152        1.0037459501517563     
                  395   394.93278554542843       -8.2366814306861491E-002
                  396   396.05095554033579       0.95094056139321570     
                  397   397.08916077874886        5.1129709463099554E-003
                  398   398.07206291869437        1.0925491483419241     
                  399   398.97712584325052        4.9790397037650952E-002
                  400   399.93575338817840        1.0565457480809073     
                  401   401.05727938217876       -7.6448937262268729E-002
                  402   402.00078005968862       0.90977121365692548     
                  403   403.02979092952353       -2.8322749755854484E-002
                  404   403.96808955279971       0.92252697346955892     
                  405   404.92622670504136        8.6680712052850412E-002
                  406   406.07770007098640        1.0675299373203353     
                  407   406.92514483276182       -9.6317295352390198E-002
                  408   408.06979126508486        1.0479136228453527     
                  409   408.90505240443218       -2.1158555508496851E-002
                  410   409.92759450282972       0.92516121901714587     
                  411   410.97432335861146        1.6854265499008564E-002
                  412   411.92737237328458        1.0380677724541199     
                  413   412.92255440217889        4.8142249728518882E-002
                  414   413.93590270246438        1.0439177997585758     
                  415   414.98568265974194       -5.7359473875320761E-002
                  416   415.92520022721999        1.0309612690949947     
                  417   416.95160259943685       -9.0582124941881295E-002
                  418   417.95384514719876        1.0412148359640745     
                  419   419.09954987897220       -8.0103837505854369E-003
                  420   420.01177033817982       0.91761160179145917     
                  421   421.04144971285484        8.8442509457294038E-002
                  422   422.05202114244122       0.90521137918654659     
                  423   422.99407812279321       -1.7439672632632797E-002
                  424   424.09831270285667       0.97433518342314618     
                  425   424.98749323548287        3.9119696776970109E-002
                  426   425.98616574775104        1.0411439655949764     
                  427   427.01712953451175       -5.0497735279719722E-002
                  428   427.99073811024209       0.96793016960094636     
                  429   428.91235101164790       -6.4876128169678221E-002
                  430   430.02175999308469       0.92308018212319831     
                  431   430.97772324403905       -8.7938857171335205E-002
                  432   432.02600307375724        1.0423297627468924     
                  433   432.97399504084922       -9.9009169138078307E-002
                  434   433.96300658070879        1.0414450653478093     
                  435   434.91735759656740       -7.9001265436351512E-002
                  436   435.98582698414197       0.91208856670926375     
                  437   437.09226493333801        8.0997140442358229E-002
                  438   437.95285106300338        1.0748037718976042     
                  439   439.04269773862478       -4.9819142257418438E-002
                  440   439.93309135412500       0.93224106168473586     
                  441   440.96239397654961        6.7383081925216470E-002
                  442   441.99642509095742       0.93564460780006342     
                  443   442.96304349003833       -4.2704574920108831E-002
                  444   444.03492788238856        1.0377987730171241     
                  445   444.98024015469196       -9.3879299295554525E-002
                  446   446.02311957452525        1.0597894465420283     
                  447   446.90509812874228        7.6576602562797219E-002
                  448   448.01188669885016       0.96803264109591447     
                  449   449.03618317041520        2.5359282434794961E-002
                  450   450.08073661307958       0.96530174537189972     
                  451   451.05657542585305       -7.0439163150639666E-002
                  452   452.08936516479588       0.90963078014745735     
                  453   453.07124915410242        6.2955740627395951E-002
                  454   454.06844225160813       0.99832413805648590     
                  455   454.90799886576292        2.8400868500299381E-002
                  456   455.91299584714574       0.95655089207717447     
                  457   457.01188498839372        1.9487589394167337E-003
                  458   457.91478284255982       0.93719887526853851     
                  459   459.03359213787365       -5.6050087978732649E-002
                  460   459.94479062358806       0.97778125110812542     
                  461   460.96911769255092        4.9444820631856873E-002
                  462   462.09058166357255        1.0899861423478081     
                  463   462.97453996083442       -2.3947790607860453E-002
                  464   463.98255976683771        1.0188105617884098     
                  465   464.96655499619084       -6.4158741503262812E-003
                  466   465.90037571974801        1.0820801506350286     
                  467   467.06312495977102       -8.0690261142498665E-002
                  468   468.00941069676173        1.0057299362671064     
                  469   469.05021934346951       -7.0767741421061930E-002
                  470   469.94066023252446        1.0850740265069874     
                  471   470.95159503523337       -1.0716003787123729E-002
                  472   472.04188000897130       0.98751781272877648     
                  473   472.96093323932428        8.9449272020362153E-002
                  474   474.06242606457766       0.97719910888797379     
                  475   475.02174389205339       -1.0670524705504503E-002
                  476   476.03724256828281        1.0044025907191176     
                  477   477.00968206305993        2.4395430804833196E-002
                  478   478.03656917833177       0.94589684085999792     
                  479   478.94773709525737        2.5459378478797756E-002
                  480   479.97505251370256       0.99007815240552310     
                  481   481.06826263236553        6.9067547588237632E-002
                  482   481.97136372453900        1.0650021681076247     
                  483   483.05189081845134        6.1192515762737848E-003
                  484   483.93572191228685        1.0144737696769222     
                  485   485.08099545540017       -4.9164062709816450E-002
                  486   486.07269503928416       0.98506433142713545     
                  487   486.90498157794229        6.5359622167417725E-002
                  488   488.09350216808798        1.0223495516990597     
                  489   489.08236131617406       -5.2895624190093568E-002
                  490   490.03387914082901        1.0877954652332975     
                  491   491.05170137590068        5.1444507490146146E-002
                  492   492.06917109192449        1.0753397573582799     
                  493   492.94228892127603       -4.5098506192543894E-002
                  494   493.94766884392794        1.0714654808466986     
                  495   495.04004356403090        8.4518839263593742E-002
                  496   495.91637836674158        1.0863738731940114     
                  497   496.94889812903233       -1.0788617382053403E-002
                  498   497.98724023246814        1.0221811051557093     
                  499   498.91148558095784        5.6993034387256697E-002
                  500   500.00002909321989        1.0491397538604845     
                  501   501.09265028820761        8.7165144823805801E-002
                  502   502.08520808968240       0.92205436317088330     
                  503   503.06605610729366       -1.9565532390788190E-002
                  504   504.05612801413542       0.99530169353284581     
                  505   504.93796752905973       -9.2497621991344828E-002
                  506   505.93084076208720       0.96677311524458387     
                  507   506.96518342080901        8.2154728266720961E-002
                  508   508.09356976649764        1.0722212487056892     
                  509   508.95835255660438        3.1656170568562098E-002
                  510   510.03899309546705        1.0480587941477111     
                  511   510.95941478316604       -4.7579977198996509E-002
                  512   512.07324479633098        1.0310899703412117     
                  513   512.96942054840088       -4.8637091102521485E-003
                  514   513.98904447240432        1.0425423419459210     
                  515   515.03778868790789        2.9426808841938740E-002
                  516   515.92068251186163       0.90407774776755245     
                  517   516.93724325570611       -4.1731825088206172E-002
                  518   518.01479962947053       0.96702118716307761     
                  519   518.99763676333339       -6.5110673903425981E-002
                  520   519.97856036176040        1.0066778757742798     
                  521   521.01470931364634        6.5094965242658120E-002
                  522   521.98596295160735        1.0958622942213940     
                  523   522.96813516776592       -1.4346789095117801E-003
                  524   524.04055971955313        1.0104560078969718     
                  525   524.91158312437074        6.4949404023937618E-002
                  526   525.90791207204586       0.96662288904358618     
                  527   526.98535706559426       -1.3378445414042858E-002
                  528   527.91697279636833        1.0292200244168235     
                  529   529.04382018118190        6.9969435469015212E-002
                  530   529.99870516215969       0.91104780229560145     
                  531   530.99780788332271        6.1408703562218725E-002
                  532   531.94398412188752       0.93886099578316451     
                  533   532.94994051415028        3.6564650568942120E-002
                  534   534.00055110931362       0.94505198946561875     
                  535   535.06493571692545        3.5576268028582658E-002
                  536   536.01835704446057        1.0254388958173175     
                  537   537.09559469677095       -8.0157694956951686E-002
                  538   538.00737408019722       0.91505971509859774     
                  539   539.03156290379741        7.3773302471929064E-003
                  540   540.09922650726173       0.95377662344804470     
                  541   541.02446267464109        6.9941790998651721E-002
                  542   542.06939554617259        1.0124202513947582     
                  543   542.92839135509098        4.2933380766014662E-002
                  544   544.08777717901251        1.0393039990342487     
                  545   545.00765509694008        1.4550273900040031E-002
                  546   546.04253886776689       0.94799955281982873     
                  547   547.08142779313437       -8.3009998037004457E-002
                  548   548.06218806737354       0.95858178944163308     
                  549   549.07105377674509        8.8514805138531355E-002
                  550   549.99226841992379       0.94695349278333341     
                  551   551.02827029007858        6.6968436967793754E-002
                  552   551.91884940496050        1.0941875119755449     
                  553   553.06532747127119        6.3965621828602964E-002
                  554   553.94403310502889       0.97863801015689889     
                  555   555.04127902380856        3.5452648771412965E-002
                  556   556.05433286083871        1.0888250407996136     
                  557   557.03280550259683       -2.0333772624621382E-002
                  558   557.97025237427056       0.95100836836717362     
                  559   559.01441837192090       -1.4561518885183769E-002
                  560   560.00430977675990        1.0681795277817581     
                  561   561.01046007134573       -6.1430989529039484E-002
                  562   562.05624041635417       0.98780263079055064     
                  563   563.02179139305304       -8.3698454103067199E-002
                  564   563.91805167511245        1.0729940052835076     
                  565   564.96730320495340       -2.7458821075055345E-002
                  566   565.92966139877217       0.90282875640377391     
                  567   566.99472748056201       -8.2995933881076830E-002
                  568   568.04523061064151       0.92129393326550169     
                  569   568.98079516242478       -7.9762046575110601E-002
                  570   570.08408025663289       0.93094977473149831     
                  571   571.07278768340984        4.2826558651738095E-002
                  572   572.03129243603178        1.0891461834992255     
                  573   573.02043717366291       -5.6688220658461623E-002
                  574   574.09024241069039        1.0927519012008693     
                  575   574.91166712708923        4.3942354784086618E-002
                  576   575.95849101462841       0.95761990144524967     
                  577   577.06457389840750        1.4361963763042537E-002
                  578   578.02831014725416       0.92257237941750780     
                  579   579.05500578909027       -7.4406504319592462E-002
                  580   580.05812883409635       0.95740211784978713     
                  581   580.99644044490321       -8.1410699060091435E-002
                  582   581.91640112150890        1.0815469206898298     
                  583   583.05849956999282        5.7275025846914379E-002
                  584   584.04648201367252        1.0765603695429573     
                  585   585.00721524638607        6.8530217734959209E-003
                  586   585.98739341944270        1.0376941929893653     
                  587   587.03826026325135        6.2251136803755852E-002
                  588   588.05813024896327       0.95877216107447616     
                  589   588.90193830018950       -1.9765694350105487E-002
                  590   590.09045570108856       0.95269622146252064     
                  591   590.95662372211825       -5.1747425951889997E-002
                  592   591.96659369112820       0.99268403510085224     
                  593   593.08898094322421       -6.5870092812836373E-002
                  594   594.00727404629947        1.0787815398985883     
                  595   594.91341931698605        7.2416757448363761E-002
                  596   595.90316180247669       0.90636246262612263     
                  597   597.09658338664349       -6.2721509791923730E-002
                  598   598.06349638518361        1.0593788476448378     
                  599   599.01587365051057        7.0423586093848300E-002
                  600   599.94426756476673        1.0789669316138721     
                  601   600.96072318297377       -3.2649685043070475E-003
                  602   601.92892869760658        1.0706635108643185     
                  603   602.90260173909917        4.4836454334851950E-002
                  604   604.03462691692266       0.92972118921569513     
                  605   605.01515840802938        2.1804952831550664E-002
                  606   605.96425569083738       0.97136042566836955     
                  607   607.08186236568497        3.1736243764801525E-003
                  608   607.91176257253971       0.96472179437444583     
                  609   609.03597085634567       -2.9943856927008267E-002
                  610   609.93316570311958        1.0643115178382019     
                  611   610.94552157203555       -2.6702152420322992E-002
                  612   612.04271463858674       0.99911805232694550     
                  613   613.00066818112396        4.3643812865570064E-002
                  614   613.94811983527950        1.0469727696120046     
                  615   615.05923247049554        8.0726986653712252E-002
                  616   615.92276450538736       0.94003173764953518     
                  617   617.05652777066143        5.3304754992616332E-003
                  618   617.93743508290311        1.0064665545331710     
                  619   618.93754574150978       -3.0499475037864252E-002
                  620   620.05412392664402       0.98912076331690379     
                  621   621.00962276030089        3.5955390474346982E-002
                  622   622.08990778565396       0.98855243457599939     
                  623   623.00571279170060       -7.2506274651358740E-002
                  624   623.92104169647337       0.92539542137823827     
                  625   624.99100160012324        2.7116042795421957E-002
                  626   626.09861634877666       0.95881110116349955     
                  627   627.03932210125663        7.3964023405543172E-002
                  628   627.93645841710679       0.93440436320977538     
                  629   628.91707872543816       -9.5962468885095908E-002
                  630   630.00654506086084        1.0337498274895263     
                  631   631.00810365798156        7.4110388505526370E-002
                  632   632.00854539138959       0.99617689307799162     
                  633   632.98719184128265       -6.6485342429839583E-002
                  634   633.90058823031598       0.94331689192539170     
                  635   635.03045781290973       -6.5762403607183439E-002
                  636   636.04022685448706       0.93265831231094576     
                  637   636.90738978888487       -1.8873601347512509E-002
                  638   638.07305926811614       0.94141607519712900     
                  639   638.99393738963249       -1.8652905402414835E-002
                  640   640.04438868187856        1.0450422195163647     
                  641   641.00574078282887        4.1176801806229651E-002
                  642   641.95045307525743        1.0296954876968956     
                  643   642.95928537644295       -5.1203988084866509E-002
                  644   644.01952054814069        1.0919316243410209     
                  645   644.91455131885471        2.2128179121533656E-002
                  646   646.00418972271757       0.99684386350842524     
                  647   646.97009036130476        9.0883639716567710E-003
                  648   648.08211854576530       0.94993629380999423     
                  649   648.93009660768450        9.2846757524825740E-002
                  650   650.07224383041626       0.96428046519345578     
                  651   650.98757677784442        4.0898554939926196E-002
                  652   651.99318519667042        1.0188029244574022     
                  653   652.90269232718890        4.9159961201265867E-002
                  654   653.99832345815696        1.0441004677455497     
                  655   655.00994925781345        9.8625806812784933E-002
                  656   656.02596989404265        1.0958060988989446     
                  657   656.90437824525895       -9.9627928148130707E-002
                  658   657.96753253004272        1.0072150733214724     
                  659   659.03355634465049        3.7123062890490943E-002
                  660   660.07185108347028       0.91532933096953328     
                  661   660.98946718078923       -9.4205767132056806E-002
                  662   661.95914859488585       0.92475726537970893     
                  663   662.95502762172521       -9.0321239009457710E-002
                  664   664.04047706015058       0.98454722004864881     
                  665   664.92340484977524       -2.3170768615187021E-002
                  666   665.93624359537387       0.90743424748738144     
                  667   667.04716608751278        3.2190581213935421E-002
                  668   668.07114646608954        1.0591209176013754     
                  669   668.92723551403412        3.0760010503240065E-002
                  670   669.92140515577921       0.97901036453744372     
                  671   671.04990576691137       -6.0087645061240369E-002
                  672   671.99352853827440        1.0648444297643194     
                  673   672.95128386537021        8.6955632681211092E-002
                  674   673.93272250830717       0.97751247205687963     
                  675   675.09229295641990       -7.4533128762315423E-002
                  676   675.93317234179221       0.96274858512319039     
                  677   676.91031919234729        3.2749627486018423E-002
                  678   678.06231593320683        1.0580401872374334     
                  679   679.06652384845268       -7.9480455674489969E-002
                  680   679.98730304423395       0.98855745603109724     
                  681   681.05898228921887        2.5077117747543065E-002
                  682   681.94895975434008       0.90068108442843708     
                  683   682.90000321586115       -3.1097250004057025E-002
                  684   683.97996266961309       0.90589794670920032     
                  685   685.04864218985210       -8.0328162064101372E-002
                  686   686.00501655317453       0.94119641112291619     
                  687   686.98883700546230       -5.1322248738025857E-002
                  688   687.90477940182484       0.95638972501086572     
                  689   688.91347828953622       -7.2122573708703591E-002
                  690   690.09343968271821        1.0587755454932175     
                  691   691.02299578289819        6.2670158592116082E-002
                  692   692.04000271732014       0.92679040646757183     
                  693   693.04465067474939       -7.8508346953277644E-002
                  694   693.96104152058308       0.92068822361390590     
                  695   695.03188698817610        8.3492897560507595E-002
                  696   696.04483875198093       0.93021415044448219     
                  697   696.92480862620880       -3.0843993579816625E-002
                  698   697.95929242396699       0.95738602461298683     
                  699   699.01795737349107        4.8454279723533777E-003
                  700   699.90863407709719       0.94743212219685746     
                  701   700.98956601046518        6.4996360309803408E-002
                  702   702.05713557790943       0.95895462710948476     
                  703   702.90879909431737       -4.9597901813042647E-002
                  704   703.99113475945137       0.95516960901683690     
                  705   704.98945591216273       -7.5096612307403957E-002
                  706   706.09866509562403        1.0491349188043373     
                  707   707.03605362992118       -2.0774777930226376E-002
                  708   708.08538739902826       0.90347555843161897     
                  709   708.94016230984118        5.9529192559844873E-002
                  710   710.08456366036523        1.0578658676794102     
                  711   711.08925352817607        1.0401988315414279E-002
                  712   711.99072316112529        1.0444645659337073     
                  713   712.98620903521953        9.1257515734476019E-002
                  714   714.07326964345611        1.0207321414165289     
                  715   714.90738549684579        4.9212931152633171E-002
                  716   716.09005773987337        1.0644060649620855     
                  717   717.03647527401529       -8.2467291526016326E-002
                  718   717.93126524638046        1.0417235307945547     
                  719   718.97499626431011       -5.6793037098862374E-002
                  720   719.94177043964351       0.97594352301544340     
                  721   720.94170951958108       -2.4598705770635068E-002
                  722   721.92995639015123        1.0832549481560743     
                  723   723.00318895071121       -5.9978510718786675E-002
                  724   724.00029981482010       0.96390782736129121     
                  725   724.91261075167301       -3.0229923769713590E-003
                  726   726.03826344650849       0.92006509283031734     
                  727   726.97240092730726       -4.5628465432077867E-002
                  728   728.02037226333698        1.0177263521488313     
                  729   729.01348053867139       -8.3122767152990856E-002
                  730   729.92995766241506       0.96709615943824023     
                  731   731.00504293139579       -6.9881709989297741E-003
                  732   732.06637151957386       0.97069215823569077     
                  733   732.94121750438433       -8.3919085453818071E-002
                  734   734.03792989916678        1.0065174360611733     
                  735   735.00715812865280       -1.9389976970109982E-002
                  736   735.93073841473620       0.91622631624451212     
                  737   737.01163813790527        2.8950937205684674E-002
                  738   738.07950302244456        1.0818428721697799     
                  739   738.92053561263538       -8.1511787076198980E-002
                  740   740.04332730029432        1.0166830363069368     
                  741   740.95224493220530       -8.9179534673249364E-002
                  742   741.90757529579355        1.0919532265638412     
                  743   742.97815335268524        2.3187002523636938E-002
                  744   743.90248141952088       0.92424459059559849     
                  745   744.90498405116648       -4.4083314665945603E-002
                  746   746.09422365195326        1.0419194397698819     
                  747   746.97593152871298        6.6585073358827157E-002
                  748   747.91979309433884        1.0738943508997845     
                  749   748.95189379643591       -2.7643729469443920E-002
                  750   750.01682317821064        1.0915355564794456     
                  751   751.04226852447630        9.9111661090635295E-002
                  752   752.02368575747823        1.0314237663126069     
                  753   753.05318437831716       -5.3981784151896882E-002
                  754   753.98288235445216        1.0349949178419484     
                  755   754.98944216116911       -4.3584872442391585E-002
                  756   756.06277967363235        1.0863631929620334     
                  757   757.02237827052795        6.8995286635700315E-002
                  758   758.00076464418066        1.0322260206121836     
                  759   759.00370949627404        3.5309925646351631E-002
                  760   760.05586720823089       0.98317673365192038     
                  761   760.93662214995356        6.4214917031383711E-002
                  762   762.01711439612507       0.98257780422056917     
                  763   763.04880006655571        1.6976218518063718E-003
                  764   764.07378094817795       0.93694973949803173     
                  765   764.93513850602017       -7.4790764103805932E-002
                  766   765.94907877932974        1.0289660708131976     
                  767   767.07216012130425        1.7898254205245823E-002
                  768   768.07313670648932        1.0790356894143931     
                  769   768.90696791090602       -1.3780884198101168E-002
                  770   770.07432669317518       0.99038961558875382     
                  771   770.93242445823614        3.7570343318328314E-002
                  772   772.03261933244266        1.0257380442740813     
                  773   772.95453458557813       -3.9640360683505724E-002
                  774   774.05144130234248       0.98834088401831188     
                  775   774.96037506782739       -6.2279791037777754E-002
                  776   775.93438692178665       0.91239665925754376     
                  777   777.06354307256970        1.2666396152189438E-002
                  778   778.07052656205951       0.96484110627075292     
                  779   778.94113287605342       -8.0948462776277846E-003
                  780   779.92726618050153        1.0812364657363787     
                  781   781.08069871672399       -4.8389328257850139E-003
                  782   781.95155120521179       0.90422022370074073     
                  783   783.08827073276700        3.4301371477655884E-002
                  784   784.06167977832297       0.98068695535865769     
                  785   784.93670839087758       -3.4454151664403673E-002
                  786   785.92289442489243       0.91475525210079023     
                  787   787.07692328036626       -1.3638716774266757E-002
                  788   788.02166666803566       0.94737487467911241     
                  789   789.07694196595389       -9.2499381368631992E-002
                  790   789.95668889165586       0.93342010740523051     
                  791   791.05746617661134        4.8718225584084091E-002
                  792   791.93104192616318        1.0119715999540857     
                  793   792.98199877809395        4.7737901648012282E-004
                  794   793.98993152574224       0.94307607353002099     
                  795   795.09628770195877       -7.2805141649134708E-002
                  796   795.99830806694467       0.98548880288877738     
                  797   796.95622226866067       -4.6675225466402154E-002
                  798   798.01706344008630       0.90188683279330084     
                  799   798.95714551445531        6.3067021471167439E-002
                  800   799.94080450620470       0.99079647890611100     
                  801   800.98227684501785       -1.8568400928347453E-002
                  802   802.09740176604726        1.0475959056570272     
                  803   802.99582454981453       -2.3242957859867797E-003
                  804   803.95376651537163       0.97055037952681011     
                  805   805.05296450722824       -5.2880058141332467E-002
                  806   806.05944644768431        1.0723487919659498     
                  807   806.99107049291354       -7.2351773955168314E-002
                  808   808.06605140603142        1.0879568180611867     
                  809   809.06883679538953       -3.1044360445868627E-002
                  810   809.93470379978510       0.90347726721521937     
                  811   810.94157115487928        5.7252532499786485E-003
                  812   812.08937085429534       0.96830818385335093     
                  813   812.96251450080229        6.4574460117983901E-002
                  814   813.98702639290241        1.0427715468724479     
                  815   814.96564468437418       -8.3726121711959353E-002
                  816   815.98425823334787        1.0615910318202828     
                  817   816.97169367114884        4.2449904172199904E-002
                  818   818.08925962694025        1.0979736610172357     
                  819   819.03317310482453        6.4874160963372729E-002
                  820   819.92093783740756       0.96096021364296014     
                  821   820.97526529985078        6.5602693755189179E-002
                  822   822.03738865446587       0.94965068138732167     
                  823   823.01058896381312        9.9933105875838812E-002
                  824   823.93475733258208        1.0971950037989799     
                  825   825.00424306975947        8.9272610756845922E-002
                  826   825.92068266560204        1.0130381910336168     
                  827   826.99536045138689        4.0305450205941923E-002
                  828   827.97634327174808       0.98693361388216094     
                  829   828.92736199188778        9.9317688436631607E-002
                  830   829.94182540562645        1.0907494877092709     
                  831   830.90503579788913       -6.1427190157542097E-002
                  832   832.00803266891239       0.98192193597811095     
                  833   832.96209700161262        3.3686588108090859E-002
                  834   833.97180822866414       0.92412656304463681     
                  835   835.02836538746021        6.3591643934953673E-002
                  836   835.99850159495588       0.92924622975702353     
                  837   837.01672535593923        6.6050317485446930E-002
                  838   838.06640589510050       0.97060685833148852     
                  839   839.02706397245947        1.3022478155885683E-002
                  840   840.03261078231060        1.0926022273661018     
                  841   840.93420553673957        9.7048969713837613E-002
                  842   841.92054211841878        1.0696882786316082     
                  843   842.90843983794821       -2.5975533363677444E-002
                  844   843.99640281772884       0.97748151804326011     
                  845   845.08886477990995       -7.0657067159637765E-002
                  846   845.99028610646508        1.0485503530439826     
                  847   846.94695361375398        6.4594977830299188E-002
                  848   848.07843516866478       0.97371483588736030     
                  849   848.95710513545168        5.1729716289372285E-002
                  850   850.06921739266841        1.0953247386490133     
                  851   850.95297524884381       -6.6140419060846806E-003
                  852   851.95090456546188       0.92061470975913429     
                  853   853.03510424559852       -1.6056811826874351E-002
                  854   854.03544681096605        1.0190142270593610     
                  855   855.05456255331637       -9.0505313593866002E-002
                  856   856.01650133923408        1.0024061228916541     
                  857   857.05082137168188       -4.2799860389431121E-003
                  858   857.91309892387699       0.90913758096341901     
                  859   858.94700137417396       -6.8605772473313037E-002
                  860   860.09247762159794        1.0354660938988187     
                  861   861.09060831882039        5.9715046029590518E-002
                  862   861.99931749139182       0.92713050880432191     
                  863   862.92379690143764       -5.9454410408928335E-002
                  864   863.93458298725136       0.99384825392423126     
                  865   864.96176102672962        3.8296476355343695E-002
                  866   866.05946819030953        1.0076490109711402     
                  867   866.98229824444752       -2.4350379132909175E-002
                  868   867.93390044124783        1.0138844376829186     
                  869   869.06903062579579       -7.9405122341106693E-002
                  870   870.00199823554078        1.0907469847432851     
                  871   870.91143058433727       -1.0401518559299688E-002
                  872   872.06416109664292       0.96600822890472959     
                  873   872.99567040506054       -4.3541206781211310E-002
                  874   874.02900221681068        1.0107267744055388     
                  875   875.06286709029860        2.9659598564238249E-003
                  876   875.92915623433794        1.0640721939458531     
                  877   876.94507772571455        1.3313239698801799E-002
                  878   877.92756440658127       0.98916637600491608     
                  879   879.04241078641974        6.2066279287528114E-002
                  880   879.98915941633709        1.0230208593817463     
                  881   880.90029738501642       -3.2703805177544398E-002
                  882   882.02632478632711       0.96702157860927029     
                  883   882.95768383793165        9.3640390006321489E-002
                  884   883.93179899606628        1.0373997335777765     
                  885   885.06771762935409       -2.1336550023950338E-002
                  886   886.09958757483628       0.97086401874913786     
                  887   887.09471806449301       -5.8371217361937143E-002
                  888   887.90802895484819       0.91494555978223313     
                  889   889.03953632114599        2.8105902443767761E-002
                  890   890.08481732938378       0.91242900276674732     
                  891   890.93755419186630       -5.8637604354475507E-002
                  892   892.02460259724501       0.90930977681034320     
                  893   893.00781720498787        5.6549744004366659E-002
                  894   893.99976053111573        1.0402507154027665     
                  895   894.94678626797281        8.6851801021764430E-002
                  896   896.02631074614658       0.98327701590255534     
                  897   897.05628156182286       -9.9290363570430168E-002
                  898   898.04602503932313        1.0234426020322795     
                  899   899.06062989756617        8.2187988492063019E-002
                  900   899.90784028458972       0.90651562122373286     
                  901   900.99963170320359       -7.8943705551687338E-002
                  902   901.98494485115714       0.93933015815851095     
                  903   902.92069695547684       -1.5879521810618275E-002
                  904   903.96450647500524        1.0350524070554221     
                  905   904.97370582379779       -1.6654975369767011E-003
                  906   905.96855168241825       0.91000684697795742     
                  907   907.01572366099253       -8.7890848911334751E-002
                  908   907.98605397187441        1.0135025928128929     
                  909   909.03443752782607        1.8418346949777981E-002
                  910   909.96405392572046       0.99387810636812668     
                  911   910.96851262214602       -8.8404829065303864E-002
                  912   912.00682444068468        1.0389642246793696     
                  913   912.92172613792752        1.2428956177514633E-002
                  914   914.01373369678697       0.99401168878100765     
                  915   915.09394782309982        1.8170456199647883E-002
                  916   915.92236260838308       0.93839598098113419     
                  917   917.05635562647399       -2.8442225978330890E-002
                  918   917.95247471526102        1.0886664300005158     
                  919   919.02141949666236        5.1070199750291589E-002
                  920   919.90943519484051        1.0875242570954009     
                  921   921.09478999896021       -4.2356657454426766E-002
                  922   921.92008031803073        1.0432976377298631     
                  923   922.94749653480051       -7.1547865320234855E-002
                  924   923.94617521335863        1.0659563625405908     
                  925   925.07210794372963       -7.7395439130290969E-002
                  926   926.08737607973023        1.0760247314709066     
                  927   926.90554483190670        5.1156593354338586E-002
                  928   928.05211313151449       0.96179028382945719     
                  929   929.06815923893521       -7.8251069035024934E-004
                  930   930.07346096635490       0.98881770370497934     
                  931   930.98337411727459       -8.2173103630090089E-002
                  932   932.05616694775347       0.98339464766753915     
                  933   933.04920669769331        2.9214854159257397E-002
                  934   933.92402198005527       0.93515846391744017     
                  935   935.01734297220071       -9.7882996225711102E-002
                  936   935.93335401732816       0.94464944303486120     
                  937   937.09386767877629       -8.8148243983996316E-003
                  938   938.01163028477265        1.0316708347964259     
                  939   939.09519286428690        8.8775984841208189E-002
                  940   939.90522312837675       0.94575553147667613     
                  941   941.09030429910274       -8.0214513035164928E-002
                  942   942.09083579967592       0.95161638317454045     
                  943   942.99825847542456       -9.3530225980021364E-002
                  944   944.00053334125573        1.0780347721768784     
                  945   944.94222125140664        3.9522184798849336E-002
                  946   946.02088595791770       0.92751934131863478     
                  947   947.01135003429738        9.7624064147779632E-002
                  948   947.96327157904432       0.94033088434292567     
                  949   949.08261811052944        2.7225596089983706E-002
                  950   949.92691081362307        1.0473198132485488     
                  951   950.91925897197586        2.1117705431143372E-002
                  952   951.95425915857550        1.0450097597909438     
                  953   952.94406275065046       -6.0431433673242906E-002
                  954   953.97574220554679       0.98560718548054926     
                  955   954.95755462878503        7.6457584885272656E-002
                  956   955.92096188453593        1.0645967540375609     
                  957   956.91574243594539       -5.9593663141904722E-002
                  958   957.99066212937942       0.99745786783078172     
                  959   958.96730070135936        1.1280947175168157E-002
                  960   959.97441825908254        1.0776425563742893     
                  961   961.02075386724289       -3.7679647695428621E-002
                  962   962.04257968031879       0.91563007055803058     
                  963   963.01144289552872        5.1903291342075802E-002
                  964   964.03724264932703        1.0728992677935896     
                  965   964.93680958983771        2.9386501968456630E-002
                  966   965.97321613706151        1.0390635503248491     
                  967   967.05689566184128       -3.8498470023922940E-002
                  968   967.93207709373905        1.0498754862408586     
                  969   969.00253656047983       -3.2076861386326858E-002
                  970   970.05883445235872       0.90729551320492308     
                  971   970.90731252390458       -3.5135557993746444E-002
                  972   971.90508555314386       0.96989088586489913     
                  973   973.09856096764497        5.0718187072138377E-002
                  974   974.04555462631060        1.0179334630243921     
                  975   974.99901893171909        6.4160961779895387E-002
                  976   975.93713912291685       0.98413898988299531     
                  977   976.93015953839358        2.5757007759546313E-002
                  978   977.98007620432122       0.93448655860977548     
                  979   979.01936591408673        4.0251201105850759E-003
                  980   979.93985294701554       0.99223830445666117     
                  981   980.95195222564598        4.5439808920423819E-002
                  982   981.99731545196926        1.0406426494058008     
                  983   983.01278065772487       -5.8917882949291421E-002
                  984   983.92333845315102       0.99047967110978830     
                  985   984.95017391742579        1.3073156987822673E-002
                  986   986.04071307158779        1.0635168434468356     
                  987   986.92314314312387       -7.4634360225451307E-002
                  988   988.02060457248103       0.91794828201683665     
                  989   989.00063496444420       -1.4586026290639820E-002
                  990   989.94461267638758        1.0455776861344781     
                  991   991.05034576700564        2.1375793815046687E-002
                  992   992.00646358550205        1.0760850508313471     
                  993   992.90260170506281        6.6245928692061057E-002
                  994   994.07604354009425       0.95527290096411566     
                  995   995.08415349088978       -6.1192784435001889E-002
                  996   995.97999687091408       0.93352956671423792     
                  997   997.04857170061121        6.5578031598506614E-003
                  998   998.03959572678286        1.0620010110129341     
                  999   999.00809333729967       -4.7439892381318655E-003
                 1000   1000.0128531507978        1.0991248521174450     
