                 2000   2.1236949798306200E-003  -6.9710138894189615E-004
                 4000   1.9315815088016854E-002   4.6897501728261374E-003
                 6000   5.5770754619399203E-003  -5.9462369846201323E-004
                 8000   3.1069180622469425E-004  -6.8015669625074739E-004
                10000   6.4025733825414841E-004  -6.9605169556370206E-004
                12000   8.1093299139651121E-003  -3.6560523604727918E-004
                14000   1.3742140593064257E-002   8.9658886720299564E-004
                16000   1.3580240070981760E-003  -7.2491059667751019E-004
                18000   5.6172231960509811E-005  -6.9266184787367732E-004
                20000   3.2919086401215175E-003  -7.2583221389388734E-004
                22000   4.7039241145691293E-003   2.7824559655465361E-002
                24000   3.6998746344241214E-003  -7.1958079893146227E-004
                26000   9.3404777630427122E-005  -7.0143876204298565E-004
                28000   1.1722790197473620E-003  -7.3334207803919511E-004
                30000   1.2257804582158045E-002   4.1902518833170137E-004
                32000   9.0837625827242946E-003  -2.4971370014124900E-004
                34000   7.6741013915247118E-004  -7.2644262838987756E-004
                36000   2.3762908464008893E-004  -7.1054085896150138E-004
                38000   4.9886712014208965E-003  -6.7197751938449573E-004
                40000   2.0352599529444952E-002   7.3434710661442297E-003
                42000   2.4022976629506140E-003  -7.4670581934215799E-004
                44000   4.1084456203540913E-006  -7.0301999974231610E-004
                46000   1.9413435267187254E-003  -7.4685952129727748E-004
                48000   1.8198125094318486E-002   3.3634496201530371E-003
                50000   6.0300681390977875E-003  -6.0480455445131572E-004
                52000   3.6863810501001627E-004  -7.1705298061450402E-004
                54000   5.6130025730042482E-004  -7.2327082394783740E-004
                56000   7.5070473272792820E-003  -4.6498584042204582E-004
                58000   1.4838256606919906E-002   1.2961995974618572E-003
                60000   1.4949819728603778E-003  -7.4367607163366479E-004
                62000   3.6644205115291848E-005  -7.0541506888313849E-004
                64000   3.0396542736498620E-003  -7.4208835043357106E-004
                66000   1.3908179548745628E-002   1.9744263363969769E-002
                68000   3.9987877461152063E-003  -7.1829328568682950E-004
                70000   1.2392464803576999E-004  -7.0896777373378485E-004
                72000   1.0574719465257403E-003  -7.3648307067202532E-004
                74000   1.1346616261875353E-002   1.8351303321393142E-004
                76000   9.8086890159046411E-003  -1.3253989456157647E-004
                78000   8.6116450349788291E-004  -7.3208270178058471E-004
                80000   1.9386729960365974E-004  -7.1170239506189057E-004
                82000   4.6228887731199061E-003  -6.9311837389591038E-004
                84000   2.0150712423561108E-002   1.0173655763905472E-002
                86000   2.6089743771292003E-003  -7.4737828504968127E-004
                88000   1.1396556258692802E-005  -7.0480363339301842E-004
                90000   1.7772942904717521E-003  -7.4714027172091224E-004
                92000   1.7028269252576948E-002   2.4551493527678742E-003
                94000   6.5040388348616435E-003  -5.6657317878191008E-004
                96000   4.3003585009874346E-004  -7.1994110452184526E-004
                98000   4.8942173935289897E-004  -7.2183733188892999E-004
               100000   6.9587308786516122E-003  -5.2392216744005977E-004
               102000   1.5979243326379337E-002   1.8352481821326083E-003
               104000   1.6397737033771328E-003  -7.4592805210128539E-004
               106000   2.1425050268079371E-005  -7.0527895565607852E-004
               108000   2.8053129458695584E-003  -7.4565629738112572E-004
               110000   1.8602829934172040E-002   1.3801007868018337E-002
               112000   4.3181099550887430E-003  -7.0665017625449198E-004
               114000   1.5882780780267420E-004  -7.1057164724963433E-004
               116000   9.5052220871483164E-004  -7.3439720928734258E-004
               118000   1.0505329550861869E-002  -4.6100577809626177E-008
               120000   1.0592496015769668E-002   1.7731996779225579E-005
               122000   9.6165552600908921E-004  -7.3466154231736881E-004
               124000   1.5485888002674311E-004  -7.1043966035782571E-004
               126000   4.2827087334332296E-003  -7.0810515116345209E-004
               128000   1.8280811374391293E-002   1.4331376446374614E-002
               130000   2.8297272830008760E-003  -7.4541591194900300E-004
               132000   2.2856572491026400E-005  -7.0537845089501175E-004
               134000   1.6237649495930869E-003  -7.4580899844135492E-004
               136000   1.5854440766822270E-002   1.7701702543363926E-003
               138000   7.0156154381455782E-003  -5.1830432712830126E-004
               140000   4.9686832968262769E-004  -7.2214605707742873E-004
               142000   4.2318778343578028E-004  -7.1980538682064714E-004
               144000   6.4514291886384155E-003  -5.7129792614413590E-004
               146000   1.7155081725980528E-002   2.5404039574232059E-003
               148000   1.7943946940814938E-003  -7.4739704524991201E-004
               150000   1.0414434695744909E-005  -7.0489702434696369E-004
               152000   2.5861238950351845E-003  -7.4769648938729529E-004
               154000   2.0232016699446985E-002   9.8164629052163912E-003
               156000   4.6608643557124844E-003  -6.9151035399135391E-004
               158000   1.9833250189134406E-004  -7.1206676629019744E-004
               160000   8.5078797981113900E-004  -7.3205259284257664E-004
               162000   9.7281425499403367E-003  -1.4712775264663649E-004
               164000   1.1440968344288397E-002   2.0544340419404705E-004
               166000   1.0693981247710020E-003  -7.3704436700550700E-004
               168000   1.2044968995829143E-004  -7.0917680201294407E-004
               170000   3.9658446694374174E-003  -7.1981767907267318E-004
               172000   1.3135444086954964E-002   2.0526731627041116E-002
               174000   3.0657620770816103E-003  -7.4217220738987527E-004
               176000   3.8530611052489720E-005  -7.0601859263459796E-004
               178000   1.4800124368773439E-003  -7.4408813428738759E-004
               180000   1.4719145839407548E-002   1.2454161025860732E-003
               182000   7.5683781215859320E-003  -4.5884624644145292E-004
               184000   5.6934731845678297E-004  -7.2437242781912955E-004
               186000   3.6237563774725964E-004  -7.1781529365931910E-004
               188000   5.9813943342437110E-003  -6.0975477137277512E-004
               190000   1.8320139512753821E-002   3.4755891614134601E-003
               192000   1.9595288913755353E-003  -7.4843018163123969E-004
               194000   3.5816994104124840E-006  -7.0463767600614617E-004
               196000   2.3810576129826076E-003  -7.4874989908227374E-004
               198000   2.0316229741860099E-002   7.0951882417832780E-003
               200000   5.0291906673078802E-003  -6.7248389180837853E-004
               202000   2.4256949221353695E-004  -7.1367262673390072E-004
               204000   7.5789691690769450E-004  -7.2968259551204305E-004
               206000   9.0107083760367704E-003  -2.6563108616663156E-004
               208000   1.2357558305662673E-002   4.4090260028522253E-004
               210000   1.1847634725174997E-003  -7.3933902805559950E-004
               212000   9.0534545698425586E-005  -7.0804460068782621E-004
               214000   3.6703389709061532E-003  -7.2891472887375507E-004
               216000   3.6868495157027087E-003   2.8601626117901194E-002
               218000   3.3182812439066264E-003  -7.3750135164733300E-004
               220000   5.8459926482063882E-005  -7.0680540221942467E-004
               222000   1.3454855089190566E-003  -7.4212438221422537E-004
               224000   1.3643327437428182E-002   8.3853063951479462E-004
               226000   8.1663546631954385E-003  -3.8565869069248784E-004
               228000   6.4772894060015633E-004  -7.2666184229503968E-004
               230000   3.0679227247908288E-004  -7.1592980999010398E-004
               232000   5.5455319850314221E-003  -6.4093726559631345E-004
               234000   1.9384757238339656E-002   4.7367633727710256E-003
               236000   2.1358678154286270E-003  -7.4896930431221198E-004
               238000   9.0613138924315302E-007  -7.0453553899993806E-004
               240000   2.1890808467780725E-003  -7.4901785311689314E-004
               242000   1.9652848160784352E-002   5.1819076999590563E-003
               244000   5.4253424810697471E-003  -6.4879720797880074E-004
               246000   2.9165995452100932E-004  -7.1540649637164336E-004
               248000   6.7153739694024916E-004  -7.2733513421241827E-004
               250000   8.3483125980143100E-003  -3.6148788831289884E-004
               252000   1.3344698223418281E-002   7.3835353443754952E-004
               254000   1.3082046516029169E-003  -7.4152294697186810E-004
               256000   6.5028940961144372E-005  -7.0706392710586925E-004
               258000   3.3946080419602741E-003  -7.3584828987512238E-004
               260000   1.2542472468633015E-003   3.0451937593884187E-002
               262000   3.5886166699248150E-003  -7.3112785383967966E-004
               264000   8.2707045385933421E-005  -7.0774807067234072E-004
               266000   1.2196251280778209E-003  -7.3998739292942218E-004
               268000   1.2635896454823896E-002   5.1985098515732885E-004
               270000   8.8135809526829201E-003  -2.9547843389456368E-004
               272000   7.3225307294079401E-004  -7.2900399184149987E-004
               274000   2.5626484719604793E-004  -7.1416556756551347E-004
               276000   5.1408112542128109E-003  -6.6615593313520374E-004
               278000   2.0178233962258266E-002   6.4734127934212935E-003
               280000   2.3242080593732775E-003  -7.4890682349195532E-004
               282000   2.3806132203675083E-006  -7.0459758633574976E-004
               284000   2.0093634608251369E-003  -7.4864765860256372E-004
               286000   1.8643980607111661E-002   3.8015551299206509E-003
               288000   5.8519418256008007E-003  -6.1946635708299744E-004
               290000   3.4576738894894084E-004  -7.1726586063095628E-004
               292000   5.9140712839939513E-004  -7.2503663464395011E-004
               294000   7.7365788648688059E-003  -4.3921880140341949E-004
               296000   1.4401184165266142E-002   1.1170614964210693E-003
               298000   1.4401695941614987E-003  -7.4355075177838861E-004
               300000   4.3855745990628597E-005  -7.0624010398859282E-004
               302000   3.1370571353628346E-003  -7.4098901925405587E-004
               304000   1.0755989713541747E-002   2.2773579520262464E-002
               306000   3.8782215988134253E-003  -7.2270815338877647E-004
               308000   1.1133585088949014E-004  -7.0884615673574446E-004
               310000   1.1019719563164861E-003  -7.3773004028840220E-004
               312000   1.1698966140301350E-002   2.6808520976492190E-004
               314000   9.5146836882692813E-003  -1.8406459983108929E-004
               316000   8.2322678556163650E-004  -7.3138104206815660E-004
               318000   2.1063990222665801E-004  -7.1253343357903618E-004
               320000   4.7647147278997992E-003  -6.8645076033856925E-004
               322000   2.0369483087898883E-002   8.9237216787235573E-003
               324000   2.5253958233945159E-003  -7.4810936951178624E-004
               326000   8.0096954667153541E-006  -7.0482449832057431E-004
               328000   1.8410551772315628E-003  -7.4776052374365477E-004
               330000   1.7496178273494010E-002   2.7838033288768525E-003
               332000   6.3117362693605635E-003  -5.8328240229307382E-004
               334000   4.0504409684782416E-004  -7.1924204660584563E-004
               336000   5.1724486664022880E-004  -7.2280645111105638E-004
               338000   7.1711041057075193E-003  -5.0237839912575094E-004
               340000   1.5520844576663010E-002   1.6040488556207468E-003
               342000   1.5811970928268073E-003  -7.4536785288992951E-004
               344000   2.6956801681462619E-005  -7.0557749912659854E-004
               346000   2.8963996291634440E-003  -7.4464023893617659E-004
               348000   1.7221544419057440E-002   1.5880131382331741E-002
               350000   4.1887421910824611E-003  -7.1182649751010791E-004
               352000   1.4443760379356612E-004  -7.1009693841694302E-004
               354000   9.9206431443160073E-004  -7.3539588897121220E-004
               356000   1.0831172037807093E-002   6.7764141247648408E-005
               358000   1.0274045211861666E-002  -4.5998680420662829E-005
               360000   9.2094224505127290E-004  -7.3376817444477220E-004
               362000   1.6977725859349042E-004  -7.1103983778530164E-004
               364000   4.4147567464561926E-003  -7.0268151574786328E-004
               366000   1.9305043953233524E-002   1.2481811158445287E-002
               368000   2.7403865693627558E-003  -7.4641756648283198E-004
               370000   1.7808086938031467E-005  -7.0521659771099500E-004
               372000   1.6834694255793317E-003  -7.4645872006338443E-004
               374000   1.6317260516283641E-002   2.0197588260941570E-003
               376000   6.8079469894064869E-003  -5.3873161844493706E-004
               378000   4.6969228135212672E-004  -7.2132568819346129E-004
               380000   4.4880353543273770E-004  -7.2066154858898375E-004
               382000   6.6480398571845999E-003  -5.5372551755642494E-004
               384000   1.6686618849226290E-002   2.2372115857736147E-003
               386000   1.7318327391428062E-003  -7.4690805460079829E-004
               388000   1.4280977595352121E-005  -7.0507736968109392E-004
               390000   2.6713292831546673E-003  -7.4705789484657377E-004
               392000   1.9835425408938873E-002   1.1212410982551067E-002
               394000   4.5219474657721241E-003  -6.9798087686704952E-004
               396000   1.8210065618713548E-004  -7.1149600913152837E-004
               398000   8.8951693775747207E-004  -7.3302197537561452E-004
               400000   1.0029055904611383E-002  -9.2616701000990053E-005
               402000   1.1096404841071248E-002   1.2588501656856906E-004
               404000   1.0257661027188018E-003  -7.3613824480655578E-004
               406000   1.3355744101954298E-004  -7.0969180528784870E-004
               408000   4.0888993443240563E-003  -7.1554017173338356E-004
               410000   1.5704471108222304E-002   1.7777748728746254E-002
               412000   2.9702199164912831E-003  -7.4364226129220855E-004
               414000   3.1806107958079237E-005  -7.0577257221922450E-004
               416000   1.5359048445101964E-003  -7.4482853023366015E-004
               418000   1.5163239411487102E-002   1.4374494907036194E-003
               420000   7.3438965458861539E-003  -4.8394352708787814E-004
               422000   5.3990038780575090E-004  -7.2350358446219491E-004
               424000   3.8586496528603863E-004  -7.1861512121470454E-004
               426000   6.1635982997113644E-003  -5.9547321571400526E-004
               428000   1.7863709737451008E-002   3.0718271389386762E-003
               430000   1.8927182044711588E-003  -7.4809458291979125E-004
               432000   5.7942056590193130E-006  -7.0474211763904505E-004
               434000   2.4607950779830016E-003  -7.4845472374456261E-004
               436000   2.0404816161845477E-002   8.0577548525460185E-003
               438000   4.8798750001693937E-003  -6.8056065444219843E-004
               440000   2.2444730151668322E-004  -7.1303870042785855E-004
               442000   7.9394902783268555E-004  -7.3064001004523196E-004
               444000   9.2884902282050156E-003  -2.2163943383704136E-004
               446000   1.1985550594039194E-002   3.4094051087499538E-004
               448000   1.1380536876544659E-003  -7.3845722231026686E-004
               450000   1.0187001105709617E-004  -7.0849325197784000E-004
               452000   3.7851113722884764E-003  -7.2560488474256147E-004
               454000   7.7347878120983850E-003   2.5378088310416661E-002
               456000   3.2160472208703841E-003  -7.3955778948112886E-004
               458000   5.0040317077690474E-005  -7.0649114183241437E-004
               460000   1.3977903867231627E-003  -7.4294378823051290E-004
               462000   1.4062238732692432E-002   9.8794620959024183E-004
               464000   7.9234786053586723E-003  -4.1654151953851197E-004
               466000   6.1591428051210298E-004  -7.2576233764349597E-004
               468000   3.2822896863216093E-004  -7.1667977243662379E-004
               470000   5.7145691754145978E-003  -6.2936154842876144E-004
               472000   1.8982831334008934E-002   4.1893274992868034E-003
               474000   2.0645195653452393E-003  -7.4883625273410763E-004
               476000   1.4707242070473061E-006  -7.0457189353777922E-004
               478000   2.2637246399745251E-003  -7.4901075408754180E-004
               480000   1.9973905792614929E-002   5.8647826424436380E-003
               482000   5.2646847990424767E-003  -6.5882544906393516E-004
               484000   2.7159287864110646E-004  -7.1471834069023214E-004
               486000   7.0503691409892950E-004  -7.2827682570391391E-004
               488000   8.6047813756557137E-003  -3.2587252066355524E-004
               490000   1.2944654322538419E-002   6.1183007012527760E-004
               492000   1.2582414050993484E-003  -7.4068740672247196E-004
               494000   7.4625372370125753E-005  -7.0744933347728948E-004
               496000   3.5017428043311819E-003  -7.3334578636816963E-004
               498000   1.8801311273982425E-005   3.1378256025797753E-002
               500000   3.4791494945875679E-003  -7.3389533862419729E-004
               502000   7.2567838518530786E-005  -7.0737010266344027E-004
               504000   1.2685469794958071E-003  -7.4086696078612055E-004
               506000   1.3027143834714226E-002   6.3722356089076072E-004
               508000   8.5506145757997566E-003  -3.3355195227314192E-004
               510000   6.9796494309855913E-004  -7.2808406580836705E-004
               512000   2.7571499669000352E-004  -7.1486473043574114E-004
               514000   5.2977997649150338E-003  -6.5680910674364100E-004
               516000   1.9912184496634233E-002   5.7149394844263658E-003
               518000   2.2480030092098952E-003  -7.4902620684123128E-004
               520000   1.2990741236361372E-006  -7.0456789181414610E-004
               522000   2.0792543385097038E-003  -7.4887725882173044E-004
               524000   1.9069430387726339E-002   4.2979997866278950E-003
               526000   5.6788967269798480E-003  -6.3186359406053111E-004
               528000   3.2369366530384127E-004  -7.1652836692948432E-004
               530000   6.2246744674080627E-004  -7.2595594811642491E-004
               532000   7.9735025013616852E-003  -4.1031657870138849E-004
               534000   1.3973957218040754E-002   9.5554828431639656E-004
               536000   1.3867614460560255E-003  -7.4278279324601639E-004
               538000   5.1740767084256455E-005  -7.0656238439891004E-004
               540000   3.2371340121322414E-003  -7.3915837153147590E-004
               542000   6.8873401548219812E-003   2.6073302191384446E-002
               544000   3.7609209925850112E-003  -7.2633276811888132E-004
               546000   9.9447822571510186E-005  -7.0840674566378231E-004
               548000   1.1476973842301783E-003  -7.3865174023338891E-004
               550000   1.2062247587713185E-002   3.6103404907999027E-004
               552000   9.2298358408093445E-003  -2.3113212969697072E-004
               554000   7.8634807361234991E-004  -7.3045019554849233E-004
               556000   2.2816302827165005E-004  -7.1317953547431190E-004
               558000   4.9106689128805749E-003  -6.7894386206650314E-004
               560000   2.0397442192073175E-002   7.8454353999548986E-003
               562000   2.4439838970173084E-003  -7.4853809585472366E-004
               564000   5.2787691702557285E-006  -7.0472950762450316E-004
               566000   1.9065018837476867E-003  -7.4818226923104708E-004
               568000   1.7959744213432986E-002   3.1521402659541479E-003
               570000   6.1251478635861124E-003  -5.9856217921483391E-004
               572000   3.8089551054079521E-004  -7.1845949331927905E-004
               574000   5.4596889314348937E-004  -7.2369679293425300E-004
               576000   7.3901420494309651E-003  -4.7889146583334353E-004
               578000   1.5069918891630753E-002   1.3957727429465667E-003
               580000   1.5241327741749079E-003  -7.4469128595454359E-004
               582000   3.3153300619652428E-005  -7.0583612923441825E-004
               584000   2.9899446102122154E-003  -7.4336754610882026E-004
               586000   1.5231958665370650E-002   1.8318459070194984E-002
               588000   4.0629441527440108E-003  -7.1648312108932104E-004
               590000   1.3076575342154737E-004  -7.0959790721248641E-004
               592000   1.0347634798433490E-003  -7.3634376536955786E-004
               594000   1.1167371463729370E-002   1.4187698709755114E-004
               596000   9.9654932821671288E-003  -1.0439451499876957E-004
               598000   8.8134537892969140E-004  -7.3283675604778617E-004
               600000   1.8542599630934852E-004  -7.1163052133582443E-004
               602000   4.5505879552663010E-003  -6.9669746995162636E-004
               604000   1.9940939945516000E-002   1.0903453878386378E-002
               606000   2.6533805255390518E-003  -7.4722249131080581E-004
               608000   1.3420179779585945E-005  -7.0505679741595349E-004
               610000   1.7447533484304554E-003  -7.4703441617948567E-004
               612000   1.6784292749711410E-002   2.2977249745585026E-003
               614000   6.6065385705194775E-003  -5.5753182198010431E-004
               616000   4.4339241437829126E-004  -7.2050262252229308E-004
               618000   4.7528503757397300E-004  -7.2151698305362869E-004
               620000   6.8507359945635150E-003  -5.3462999744249026E-004
               622000   1.6220263038506769E-002   1.9654354552001295E-003
               624000   1.6708817328207704E-003  -7.4635037942892774E-004
               626000   1.8806534899555417E-005  -7.0527174725977288E-004
               628000   2.7588163905589093E-003  -7.4624774634181529E-004
               630000   1.9127178922749524E-002   1.2843311931357022E-002
               632000   4.3869152746304008E-003  -7.0388057725914905E-004
               634000   1.6660488799399566E-004  -7.1093924703531956E-004
               636000   9.2934499133301776E-004  -7.3398216961110564E-004
               638000   1.0339649906542856E-002  -3.3187179951928066E-005
               640000   1.0762385442005864E-002   5.3098951773367908E-005
               642000   9.8331010776509138E-004  -7.3521809125983979E-004
               644000   1.4737863730105935E-004  -7.1022492487993595E-004
               646000   4.2154329265921405E-003  -7.1081845210825968E-004
               648000   1.7555269103951911E-002   1.5418188212771109E-002
               650000   2.8771939095412835E-003  -7.4490250451800764E-004
               652000   2.5748503398550734E-005  -7.0554847429731688E-004
               654000   1.5932815592264707E-003  -7.4552560805761199E-004
               656000   1.5615842162684274E-002   1.6502301680201932E-003
               658000   7.1262671874314110E-003  -5.0706083090653773E-004
               660000   5.1136544404901659E-004  -7.2264515570822990E-004
               662000   4.1018862659614072E-004  -7.1943044675215151E-004
               664000   6.3513623414236213E-003  -5.7995760840293727E-004
               666000   1.7398843422462021E-002   2.7121538334917857E-003
               668000   1.8276260417646019E-003  -7.4768798903200096E-004
               670000   8.6619234045110622E-006  -7.0487173437878666E-004
               672000   2.5426550153140885E-003  -7.4802679219025594E-004
               674000   2.0341420956586840E-002   9.1693097433770201E-003
               676000   4.7347921937741346E-003  -6.8795958677588258E-004
               678000   2.0708119435248866E-004  -7.1242635080785699E-004
               680000   8.3104759527715950E-004  -7.3160057325292278E-004
               682000   9.5752305842754411E-003  -1.7376092872976620E-004
               684000   1.1624554750300229E-002   2.4971033999090722E-004
               686000   1.0925850756203432E-003  -7.3756204555254631E-004
               688000   1.1390428479504257E-004  -7.0896693447832599E-004
               690000   3.9030885405942472E-003  -7.2193128410206076E-004
               692000   1.1479597300409497E-002   2.2112567172144760E-002
               694000   3.1165296807441683E-003  -7.4136754282187040E-004
               696000   4.2295855690091674E-005  -7.0620339541910152E-004
               698000   1.4514929865886035E-003  -7.4373442746260830E-004
               700000   1.4491607060320773E-002   1.1527981265750937E-003
               702000   7.6880965975710258E-003  -4.4497998792613052E-004
               704000   5.8505101068321642E-004  -7.2487450008922223E-004
               706000   3.5047169513492958E-004  -7.1745048662854314E-004
               708000   5.8886899681872074E-003  -6.1677607277493959E-004
               710000   1.8552283553107021E-002   3.7053187314428585E-003
               712000   1.9950080109004745E-003  -7.4861850840935134E-004
               714000   2.6885895548756144E-006  -7.0463638299584123E-004
               716000   2.3403465211135400E-003  -7.4889746114987447E-004
               718000   2.0223098207063282E-002   6.6448093693235325E-003
               720000   5.1086458961275266E-003  -6.6803584976735586E-004
               722000   2.5230440898422980E-004  -7.1405290629670323E-004
               724000   7.3953491999057550E-004  -7.2922746916975062E-004
               726000   8.8694890291915549E-003  -2.8715908250505367E-004
               728000   1.2555730402404857E-002   4.9670450790466022E-004
               730000   1.2095907554167278E-003  -7.3983320914873291E-004
               732000   8.4908136442118259E-005  -7.0786198782054515E-004
               734000   3.6118349760362817E-003  -7.3054280612098804E-004
               736000   1.8560686095877423E-003   2.9998071925556140E-002
               738000   3.3726203350281665E-003  -7.3636702154532914E-004
               740000   6.3114020588773531E-005  -7.0701954343052641E-004
               742000   1.3187876440505528E-003  -7.4172741941683001E-004
               744000   1.3429495571231782E-002   7.6625445059117045E-004
               746000   8.2958285975976466E-003  -3.6858422400688805E-004
               748000   6.6467152487408715E-004  -7.2717374337186928E-004
               750000   2.9594573479867361E-004  -7.1558695137770669E-004
               752000   5.4594408003636056E-003  -6.4663181621999236E-004
               754000   1.9578772358949888E-002   5.0503814768636341E-003
               756000   2.1737647083670724E-003  -7.4904184647401966E-004
               758000   8.7073273332193968E-007  -7.0456705316966780E-004
               760000   2.1509922229920103E-003  -7.4902145587232697E-004
               762000   1.9463926104365904E-002   4.8598899503398780E-003
               764000   5.5108978310383257E-003  -6.4326830169581580E-004
               766000   3.0242375365955253E-004  -7.1581278817853570E-004
               768000   6.5448259282080347E-004  -7.2688782774194482E-004
               770000   8.2179754760056435E-003  -3.7892719386455130E-004
               772000   1.3557279889898931E-002   8.0910753672155131E-004
               774000   1.3347441964574941E-003  -7.4198825555537922E-004
               776000   6.0301704389623009E-005  -7.0691267836911367E-004
               778000   3.3399448686123961E-003  -7.3707888623337949E-004
               780000   2.9084393720024975E-003   2.9198696630539381E-002
               782000   3.6468037043829709E-003  -7.2960111557649019E-004
               784000   8.8257488619608308E-005  -7.0799443514594042E-004
               786000   1.1946696559011177E-003  -7.3956170718728368E-004
               788000   1.2436566801385940E-002   4.6290311712781599E-004
               790000   8.9538862895359641E-003  -2.7438853602002939E-004
               792000   7.5051166882509257E-004  -7.2952546732483710E-004
               794000   2.4644400774845212E-004  -7.1384993550042757E-004
               796000   5.0608864524878013E-003  -6.7075150990986089E-004
               798000   2.0282330520242003E-002   6.9107736733181047E-003
               800000   2.3646819294462782E-003  -7.4883965425534430E-004
               802000   3.2028180784187195E-006  -7.0466330946844611E-004
               804000   1.9736764797075677E-003  -7.4853564478497654E-004
               806000   1.8413653922505005E-002   3.5658634745505697E-003
               808000   5.9440782822365971E-003  -6.1263258828136177E-004
               810000   3.5757879632690074E-004  -7.1769722747902541E-004
               812000   5.7560802843800208E-004  -7.2460230300841401E-004
               814000   7.6160834862413190E-003  -4.5339541532385126E-004
               816000   1.4627733877556020E-002   1.2077245821591077E-003
               818000   1.4685452746525649E-003  -7.4397830010176067E-004
               820000   4.0017309161829621E-005  -7.0612297619125576E-004
               822000   3.0860216096250952E-003  -7.4188873640728997E-004
               824000   1.2498536205044673E-002   2.1150120583024911E-002
               826000   3.9406011867910385E-003  -7.2071012362462524E-004
               828000   1.1780604385562070E-004  -7.0912516275849680E-004
               830000   1.0786438572041989E-003  -7.3728586871485988E-004
               832000   1.1514162468344294E-002   2.2289392972295584E-004
               834000   9.6665630235444749E-003  -1.5797797165784317E-004
               836000   8.4284304046221270E-004  -7.3190704332780452E-004
               838000   2.0181238155420484E-004  -7.1224625219714070E-004
               840000   4.6903314089511263E-003  -6.9014616186428910E-004
               842000   2.0282906587635187E-002   9.5512483397051789E-003
               844000   2.5686423568336350E-003  -7.4787219621752976E-004
               846000   9.6908995198470671E-006  -7.0492538865756210E-004
               848000   1.8076568139355996E-003  -7.4755594671041536E-004
               850000   1.7252799399289843E-002   2.6079568559355996E-003
               852000   6.4111699645657445E-003  -5.7485256964296479E-004
               854000   4.1795553867381304E-004  -7.1969772870008144E-004
               856000   5.0264560138091059E-004  -7.2238959132002879E-004
               858000   7.0597396364006203E-003  -5.1390253196942728E-004
               860000   1.5758602176435023E-002   1.7212671846903113E-003
               862000   1.6115018248464401E-003  -7.4574457889710994E-004
               864000   2.3993135596868954E-005  -7.0549428113114059E-004
               866000   2.8486527638689743E-003  -7.4526708419831063E-004
               868000   1.8007792178792444E-002   1.4755636647492390E-002
               870000   4.2556394574675017E-003  -7.0926175192182015E-004
               872000   1.5183794396125025E-004  -7.1040768004665812E-004
               874000   9.7029438059422109E-004  -7.3494152183364023E-004
               876000   1.0660201529111337E-002   3.1640300066297570E-005
               878000   1.0438668839318026E-002  -1.3558477650357133E-005
               880000   9.4200592884502595E-004  -7.3429440373678437E-004
               882000   1.6191969087041362E-004  -7.1078356578849005E-004
               884000   4.3455621807964619E-003  -7.0562631874669071E-004
               886000   1.8827327526067972E-002   1.3407537337333193E-002
               888000   2.7866100122978738E-003  -7.4597413472975627E-004
               890000   2.0355065488191249E-005  -7.0535218817229103E-004
               892000   1.6521792033834149E-003  -7.4618046490860515E-004
               894000   1.6075611568927575E-002   1.8864394502974076E-003
               896000   6.9152491929266096E-003  -5.2836033289596792E-004
               898000   4.8372788203166162E-004  -7.2180239085088823E-004
               900000   4.3535868285966253E-004  -7.2026454016168879E-004
               902000   6.5448887799319086E-003  -5.6311002824201812E-004
               904000   1.6930562075952185E-002   2.3909087834075526E-003
               906000   1.7642085454026113E-003  -7.4721949889741733E-004
               908000   1.2186133121904728E-005  -7.0502930016901435E-004
               910000   2.6266986991898902E-003  -7.4745814718039385E-004
               912000   2.0075459966555034E-002   1.0458939857245185E-002
               914000   4.5937998533459442E-003  -6.9473194218364889E-004
               916000   1.9046294198393879E-004  -7.1183790414421153E-004
               918000   8.6921290727929028E-004  -7.3256441771809590E-004
               920000   9.8712177189021789E-003  -1.2162367845931391E-004
               922000   1.1274415838055626E-002   1.6635946416139680E-004
               924000   1.0483310780877984E-003  -7.3665723115799112E-004
               926000   1.2664290221581608E-004  -7.0946643358466423E-004
               928000   4.0243758307893880E-003  -7.1786703880532274E-004
               930000   1.4463954307197118E-002   1.9159632846074470E-002
               932000   3.0196467578302022E-003  -7.4294891551178607E-004
               934000   3.5223031655071249E-005  -7.0594276429568770E-004
               936000   1.5066266826349009E-003  -7.4449293431486172E-004
               938000   1.4930860227355501E-002   1.3349728228844752E-003
               940000   7.4599482915955967E-003  -4.7117375632536537E-004
               942000   5.5512304852550949E-004  -7.2399943384752726E-004
               944000   3.7353131998940615E-004  -7.1824125183553864E-004
               946000   6.0680777394165773E-003  -6.0309878116997890E-004
               948000   1.8102706207740196E-002   3.2760383234661161E-003
               950000   1.9272849228954266E-003  -7.4832271152659616E-004
               952000   4.5602676364364474E-006  -7.0472851933161022E-004
               954000   2.4190020801423693E-003  -7.4866848856475167E-004
               956000   2.0374971043781016E-002   7.5394908864655280E-003
               958000   4.9570679368464822E-003  -6.7648779489824849E-004
               960000   2.3378529667975653E-004  -7.1340990361415521E-004
               962000   7.7504989683828580E-004  -7.3018485955329262E-004
               964000   9.1427185301715865E-003  -2.4505869245338579E-004
               966000   1.2177943111542694E-002   3.9181879377428008E-004
               968000   1.1622235854115461E-003  -7.3896229864683818E-004
               970000   9.5881925946484471E-005  -7.0830062599723856E-004
               972000   3.7249796545007156E-003  -7.2741514489873269E-004
               974000   5.6059090768724694E-003   2.7102015914332769E-002
               976000   3.2689386166008874E-003  -7.3856286210462945E-004
               978000   5.4341282383122826E-005  -7.0669530986387959E-004
               980000   1.3703775451001602E-003  -7.4256429101169686E-004
               982000   1.3842805632346892E-002   9.0829645302244167E-004
               984000   8.0489460490538525E-003  -4.0082903651131313E-004
               986000   6.3235514043987948E-004  -7.2627288475098756E-004
               988000   3.1696681186711364E-004  -7.1633026017825529E-004
               990000   5.6259001129803357E-003  -6.3555627234192788E-004
               992000   1.9196461635806062E-002   4.4659012972672035E-003
               994000   2.1014400758643595E-003  -7.4896045786548968E-004
               996000   1.0953929814742101E-006  -7.0459348958162198E-004
               998000   2.2246275957678368E-003  -7.4907105892207644E-004
              1000000   1.9814363554139906E-002   5.4980474902667159E-003
              1002000   5.3477703839764990E-003  -6.5375278758334930E-004
              1004000   2.8194732232871586E-004  -7.1511798651858929E-004
              1006000   6.8746938864188518E-004  -7.2782937435298572E-004
              1008000   8.4702666239096155E-003  -3.4482470064475958E-004
              1010000   1.3151488437682834E-002   6.7613688993126272E-004
              1012000   1.2840859136438447E-003  -7.4116880913931442E-004
              1014000   6.9542439392404981E-005  -7.0728902553203292E-004
              1016000   3.4455756170406679E-003  -7.3472949658442066E-004
              1018000   2.8339772852557289E-004   3.1180281717104200E-002
              1020000   3.5357694286977112E-003  -7.3253678582622668E-004
              1022000   7.7759712981622566E-005  -7.0760757437923196E-004
              1024000   1.2429165179065396E-003  -7.4045533958059075E-004
              1026000   1.2822010120014046E-002   5.7467928806010141E-004
              1028000   8.6865477976346642E-003  -3.1416128963360115E-004
              1030000   7.1569815892599939E-004  -7.2860642527867504E-004
              1032000   2.6549154272409431E-004  -7.1454225989238374E-004
              1034000   5.2155169540999084E-003  -6.6181777468148431E-004
              1036000   2.0060449121204374E-002   6.0969797114168965E-003
              1038000   2.2874314390405868E-003  -7.4902185609040050E-004
              1040000   1.7809088735489805E-006  -7.0462395733578620E-004
              1042000   2.0426248554315900E-003  -7.4881223317645336E-004
              1044000   1.8851056770488338E-002   4.0319001603934587E-003
              1046000   5.7683344246065409E-003  -6.2558326540596010E-004
              1048000   3.3508246597343042E-004  -7.1695388333216749E-004
              1050000   6.0617756489042671E-004  -7.2551994368348193E-004
              1052000   7.8491788199806494E-003  -4.2571215032100799E-004
              1054000   1.4195206169691233E-002   1.0376444136011896E-003
              1056000   1.4143995573539713E-003  -7.4323089495617297E-004
              1058000   4.7551922760366137E-005  -7.0643586774655825E-004
              1060000   3.1847083169875110E-003  -7.4018566010666592E-004
              1062000   8.9712750787424335E-003   2.4338479015233287E-002
              1064000   3.8216021298794847E-003  -7.2453614271604299E-004
              1066000   1.0555247872439266E-004  -7.0867690319958542E-004
              1068000   1.1237307572646788E-003  -7.3821780219243899E-004
              1070000   1.1871752893585424E-002   3.1154603020817554E-004
              1072000   9.3769692507886717E-003  -2.0717647231816453E-004
              1074000   8.0541392961728598E-004  -7.3097869752102788E-004
              1076000   2.1894412709087086E-004  -7.1288457877849659E-004
              1078000   4.8341220436428252E-003  -6.8298133617040232E-004
              1080000   2.0403440428143974E-002   8.3874703033371845E-003
              1082000   2.4861075662259095E-003  -7.4837619450139159E-004
              1084000   6.6185694201853165E-006  -7.0482034552590031E-004
              1086000   1.8722215737702825E-003  -7.4801575939999968E-004
              1088000   1.7719210775785407E-002   2.9550331743339164E-003
              1090000   6.2216285377634387E-003  -5.9080602052013424E-004
              1092000   3.9336892847579229E-004  -7.1890967259395557E-004
              1094000   5.3089910325393691E-004  -7.2327640951377187E-004
              1096000   7.2752811148794417E-003  -4.9140165314433390E-004
              1098000   1.5303600867403054E-002   1.5014507684433828E-003
              1100000   1.5536545521459375E-003  -7.4509330114099078E-004
              1102000   2.9843108523640875E-005  -7.0574278664579427E-004
              1104000   2.9409087232446819E-003  -7.4410031467364633E-004
              1106000   1.6352836635633364E-002   1.7000925485962107E-002
              1108000   4.1279967577281156E-003  -7.1415950865356904E-004
              1110000   1.3779292816878464E-004  -7.0989953587679796E-004
              1112000   1.0123881919816317E-003  -7.3589595116005076E-004
              1114000   1.0990976257347705E-002   1.0241474013944479E-004
              1116000   1.0124994267695359E-002  -7.4651535558407762E-005
              1118000   9.0183020666481704E-004  -7.3336713070594050E-004
              1120000   1.7718737645486292E-004  -7.1136533640054386E-004
              1122000   4.4794087896130978E-003  -6.9992537804726787E-004
              1124000   1.9652030365323449E-002   1.1694088734427552E-002
              1126000   2.6983970260456174E-003  -7.4686887484864527E-004
              1128000   1.5623363664456583E-005  -7.0518173706038206E-004
              1130000   1.7126357913417221E-003  -7.4678638356343952E-004
              1132000   1.6540748894484886E-002   2.1491897077242647E-003
              1134000   6.7106097005237182E-003  -5.4798337884590228E-004
              1136000   4.5697364697134163E-004  -7.2097411583054122E-004
              1138000   4.6138769536921718E-004  -7.2111459879883996E-004
              1140000   6.7443877806812576E-003  -5.4481728895049110E-004
              1142000   1.6462739595019271E-002   2.1032841434206495E-003
              1144000   1.7024234621824215E-003  -7.4669263715119484E-004
              1146000   1.6368411562856149E-005  -7.0521270993173632E-004
              1148000   2.7129898442308387E-003  -7.4673539152160615E-004
              1150000   1.9540343866729190E-002   1.1962168986863050E-002
              1152000   4.4567612845733927E-003  -7.0092095977659084E-004
              1154000   1.7458470290756352E-004  -7.1127170755893839E-004
              1156000   9.0846601752070301E-004  -7.3352780995786758E-004
              1158000   1.0176738050833564E-002  -6.4810282405225450E-005
              1160000   1.0934936825441775E-002   9.0133816612984914E-005
              1162000   1.0052660823870606E-003  -7.3574313770533430E-004
              1164000   1.4009174499210938E-004  -7.0998948137582511E-004
              1166000   4.1490830033956089E-003  -7.1338015886571161E-004
              1168000   1.6672564976418301E-002   1.6600412619247818E-002
              1170000   2.9253197726040094E-003  -7.4431636834514569E-004
              1172000   2.8818644762650359E-005  -7.0570738543971451E-004
              1174000   1.5632261099733111E-003  -7.4521336023973864E-004
              1176000   1.5379173450967280E-002   1.5366376385030427E-003
              1178000   7.2387808292898636E-003  -4.9530219503248017E-004
              1180000   5.2611490646982688E-004  -7.2313620086449136E-004
              1182000   3.9741918009459710E-004  -7.1904946342966143E-004
              1184000   6.2529232692219300E-003  -5.8823849795512347E-004
              1186000   1.7641520397391280E-002   2.8941829605710354E-003
              1188000   1.8613038484432741E-003  -7.4795346964768661E-004
              1190000   7.0865930832007117E-006  -7.0484632348897873E-004
              1192000   2.4997491063414685E-003  -7.4831231661487895E-004
              1194000   2.0396181336599664E-002   8.5701979588886663E-003
              1196000   4.8097993553706539E-003  -6.8423471510226390E-004
              1198000   2.1602670167305429E-004  -7.1278785027257912E-004
              1200000   8.1160103403375434E-004  -7.3114561101498372E-004
              1202000   9.4247564113242848E-003  -1.9925047706497768E-004
              1204000   1.1811227535222991E-002   2.9615135049085068E-004
              1206000   1.1161118124758853E-003  -7.3807554134058513E-004
              1208000   1.0755176766615828E-004  -7.0876313487609288E-004
              1210000   3.8412758985732101E-003  -7.2393604858669370E-004
              1212000   9.6117344719335134E-003   2.3786510500916038E-002
              1214000   3.1680173130203904E-003  -7.4050066673764182E-004
              1216000   4.6245633944061175E-005  -7.0639568863715074E-004
              1218000   1.4233482553069291E-003  -7.4337232196754579E-004
              1220000   1.4266788596680263E-002   1.0648908413913457E-003
              1222000   7.8096959761226777E-003  -4.3051570324312678E-004
              1224000   6.0099875478404185E-004  -7.2538084154688130E-004
              1226000   3.3878841884117032E-004  -7.1709226444826018E-004
              1228000   5.7973503096259201E-003  -6.2350857430507056E-004
              1230000   1.8779463800393789E-002   3.9500378814708893E-003
              1232000   2.0309780037611560E-003  -7.4878794856110379E-004
              1234000   1.9731522857999358E-006  -7.0464537302669661E-004
              1236000   2.3002129152612447E-003  -7.4901615260157680E-004
              1238000   2.0103733760218300E-002   6.2255149913602419E-003
              1240000   5.1893464906794659E-003  -6.6338329509493593E-004
              1242000   2.6225447522646561E-004  -7.1444268330462005E-004
              1244000   7.2144530570390981E-004  -7.2877753714599902E-004
              1246000   8.7306511449244482E-003  -3.0775993392019650E-004
              1248000   1.2756768816288634E-002   5.5523102328630506E-004
              1250000   1.2347558092899713E-003  -7.4032591895724982E-004
              1252000   7.9467174900062752E-005  -7.0768948276791631E-004
              1254000   3.5541157063003741E-003  -7.3208775160265834E-004
              1256000   5.4936888019387954E-004   3.0981086814019201E-002
              1258000   3.4277218383038845E-003  -7.3516166444191578E-004
              1260000   6.7949691893986680E-005  -7.0724462148361858E-004
              1262000   1.2924667535889225E-003  -7.4132800777133292E-004
              1264000   1.3218588572521143E-002   6.9747881448986235E-004
              1266000   8.4275361112175241E-003  -3.5074596924671784E-004
              1268000   6.8188883673082001E-004  -7.2769275527666038E-004
              1270000   2.8531474608914576E-004  -7.1525433167637855E-004
              1272000   5.3747162593022896E-003  -6.5208241354178026E-004
              1274000   1.9759477914987784E-002   5.3854365020130210E-003
              1276000   2.2121761550542396E-003  -7.4909215436685733E-004
              1278000   1.0124027731314814E-006  -7.0460978812644174E-004
              1280000   2.1133946673752551E-003  -7.4900349286216074E-004
              1282000   1.9263099266979469E-002   4.5584850115515914E-003
              1284000   5.5977306278690801E-003  -6.3749665375961327E-004
              1286000   3.1339550101977813E-004  -7.1622841026816803E-004
              1288000   6.3769338821782805E-004  -7.2644698161785900E-004
              1290000   8.0896860729973066E-003  -3.9564642521294871E-004
              1292000   1.3772980609534743E-002   8.8356487143183781E-004
              1294000   1.3616618568375218E-003  -7.4245122965951502E-004
              1296000   5.5760547384322251E-005  -7.0677303755827849E-004
              1298000   3.2860855723811705E-003  -7.3823941927648714E-004
              1300000   4.9235563711938109E-003   2.7640234309170428E-002
              1302000   3.7058402749838770E-003  -7.2798804807826494E-004
              1304000   9.3999409662035054E-005  -7.0825177211564455E-004
              1306000   1.1700504292009722E-003  -7.3913549525862082E-004
              1308000   1.2240312044260014E-002   4.0865490525495037E-004
              1310000   9.0964239797027627E-003  -2.5237451049790668E-004
              1312000   7.6903751850005960E-004  -7.3005178029818404E-004
              1314000   2.3682933214926640E-004  -7.1354353710765075E-004
              1316000   4.9821004325431677E-003  -6.7515362778923190E-004
              1318000   2.0357669253627857E-002   7.3811375151106896E-003
              1320000   2.4057141274932575E-003  -7.4874377427920852E-004
              1322000   4.2018105425856687E-006  -7.0474017734180534E-004
              1324000   1.9384909675651937E-003  -7.4840649258892968E-004
              1326000   1.8178894602442434E-002   3.3443301312476655E-003
              1328000   6.0377095370131922E-003  -6.0549524839554898E-004
              1330000   3.6962036264483379E-004  -7.1813765141308416E-004
              1332000   5.6005996842585254E-004  -7.2417500247579591E-004
              1334000   7.4975987907624159E-003  -4.6697308061730176E-004
              1336000   1.4856732596336622E-002   1.3031764647058993E-003
              1338000   1.4973028563116850E-003  -7.4439950509363269E-004
              1340000   3.6359086126270709E-005  -7.0601567605466326E-004
              1342000   3.0356574136892554E-003  -7.4273148837947505E-004
              1344000   1.4021643440096685E-002   1.9625925648600988E-002
              1346000   4.0038688759521136E-003  -7.1860683495313885E-004
              1348000   1.2446330875633203E-004  -7.0941365307025531E-004
              1350000   1.0556503710135135E-003  -7.3684188802423218E-004
              1352000   1.1332222288563142E-002   1.7974959439226280E-004
              1354000   9.8210877194528246E-003  -1.3068556391498422E-004
              1356000   8.6276042308794268E-004  -7.3243675223482417E-004
              1358000   1.9318883673360762E-004  -7.1196847999217730E-004
              1360000   4.6170995282638176E-003  -6.9367498443231250E-004
              1362000   2.0136666533971292E-002   1.0229335992282460E-002
              1364000   2.6124865009352297E-003  -7.4759819638153227E-004
              1366000   1.1551269881845957E-005  -7.0503580624494278E-004
              1368000   1.7746907765951918E-003  -7.4733701897039258E-004
              1370000   1.7008877256057271E-002   2.4420965041161927E-003
              1372000   6.5121239104247797E-003  -5.6605952231132998E-004
              1374000   4.3108922473084060E-004  -7.2015979358428341E-004
              1376000   4.8828873779567809E-004  -7.2197846594696143E-004
              1378000   6.9500774572067176E-003  -5.2495655674378544E-004
              1380000   1.5998351779980047E-002   1.8451730892710464E-003
              1382000   1.6422300888290276E-003  -7.4611128470106029E-004
              1384000   2.1210634414235926E-005  -7.0542055306932743E-004
              1386000   2.8015947045870880E-003  -7.4584503419120951E-004
              1388000   1.8648968903189359E-002   1.3721758483186110E-002
              1390000   4.3235452875803708E-003  -7.0656717633751269E-004
              1392000   1.5943901791877556E-004  -7.1072680153832677E-004
              1394000   9.4882876873144035E-004  -7.3448762928974296E-004
              1396000   1.0492072905170345E-002  -2.8567948265002441E-006
              1398000   1.0605889164850134E-002   2.0361550396690098E-005
              1400000   9.6336539364981098E-004  -7.3482070999778036E-004
              1402000   1.5425704709831590E-004  -7.1053452054888077E-004
              1404000   4.2773244080560012E-003  -7.0843703537819996E-004
              1406000   1.8228426129895423E-002   1.4414325867981713E-002
              1408000   2.8334731051981189E-003  -7.4548398173399479E-004
              1410000   2.3079803650760025E-005  -7.0549612108143482E-004
              1412000   1.6213272121349371E-003  -7.4589023882714125E-004
              1414000   1.5835402712530380E-002   1.7602870606414792E-003
              1416000   7.0243491513980105E-003  -5.1752914422810426E-004
              1418000   4.9801167744361252E-004  -7.2228454762970657E-004
              1420000   4.2214709274270880E-004  -7.1987322348099044E-004
              1422000   6.4434249240112526E-003  -5.7209674405513914E-004
              1424000   1.7174467642202443E-002   2.5535874231425453E-003
              1426000   1.7970200479021374E-003  -7.4751572955198569E-004
              1428000   1.0268696463907087E-005  -7.0498855845657713E-004
              1430000   2.5826476751649448E-003  -7.4781751345638766E-004
              1432000   2.0242899029518965E-002   9.7631023413825638E-003
              1434000   4.6666946469767845E-003  -6.9132652094168684E-004
              1436000   1.9902018680188399E-004  -7.1218599427574838E-004
              1438000   8.4920824848886962E-004  -7.3210700524813576E-004
              1440000   9.7158909872100754E-003  -1.4937952338573356E-004
              1442000   1.1455455525278223E-002   2.0879727204864320E-004
              1444000   1.0712283561553502E-003  -7.3717439942465649E-004
              1446000   1.1992302755952351E-004  -7.0924814742726874E-004
              1448000   3.9608268988181091E-003  -7.2007761944189465E-004
              1450000   1.3011946310721355E-002   2.0648977607154895E-002
              1452000   3.0697728016837191E-003  -7.4219764829865358E-004
              1454000   3.8823401823038578E-005  -7.0611971828680314E-004
              1456000   1.4777325415668652E-003  -7.4414680733365251E-004
              1458000   1.4700982344407056E-002   1.2377972188686904E-003
              1460000   7.5778141720518931E-003  -4.5785287414737484E-004
              1462000   5.7058595534954586E-004  -7.2449766271407388E-004
              1464000   3.6142120085976356E-004  -7.1787130594362419E-004
              1466000   5.9739710988625759E-003  -6.1040927185133313E-004
              1468000   1.8338747579259081E-002   3.4932446822045246E-003
              1470000   1.9623292688778940E-003  -7.4853050381154572E-004
              1472000   3.5044026872208943E-006  -7.0472163508368026E-004
              1474000   2.3778027175134124E-003  -7.4884703689482375E-004
              1476000   2.0309886185575540E-002   7.0580972804502456E-003
              1478000   5.0354648528680391E-003  -6.7222145334848318E-004
              1480000   2.4333573694067988E-004  -7.1378633904398733E-004
              1482000   7.5642849774435546E-004  -7.2972995859735561E-004
              1484000   8.9994098104374583E-003  -2.6745854547094861E-004
              1486000   1.2373188504975839E-002   4.4515319355362446E-004
              1488000   1.1867241761485665E-003  -7.3946162558558091E-004
              1490000   9.0080444870276066E-005  -7.0811286346935927E-004
              1492000   3.6656583390338609E-003  -7.2913041547239491E-004
              1494000   3.5286726175587724E-003   2.8723329448272678E-002
              1496000   3.3225683540903678E-003  -7.3749674772264793E-004
              1498000   5.8822943630015998E-005  -7.0690478959990267E-004
              1500000   1.3433502577406187E-003  -7.4217566852926350E-004
              1502000   1.3626216909872566E-002   8.3256704272924493E-004
              1504000   8.1765712486902131E-003  -3.8441041011984972E-004
              1506000   6.4906565190613497E-004  -7.2678482987516670E-004
              1508000   3.0592316837989942E-004  -7.1598471391633211E-004
              1510000   5.5386468170538720E-003  -6.4148095484270170E-004
              1512000   1.9400604495152376E-002   4.7608465966938532E-003
              1514000   2.1388618616860356E-003  -7.4905818122479606E-004
              1516000   8.9695496081077585E-007  -7.0461989608985474E-004
              1518000   2.1860354822972206E-003  -7.4910118606954298E-004
              1520000   1.9638329478822644E-002   5.1554593061573671E-003
              1522000   5.4320882969657236E-003  -6.4844913759678428E-004
              1524000   2.9250731939266120E-004  -7.1552048648441642E-004
              1526000   6.7017203032432098E-004  -7.2738138270956817E-004
              1528000   8.3378707681680680E-003  -3.6298417697252025E-004
              1530000   1.3361486561055992E-002   7.4376728243869634E-004
              1532000   1.3102995749738255E-003  -7.4164199575736298E-004
              1534000   6.4646912704007740E-005  -7.0713346904772458E-004
              1536000   3.3902376239045937E-003  -7.3603060315777149E-004
              1538000   1.3660541191968330E-003   3.0367693461220219E-002
              1540000   3.5932130573927668E-003  -7.3109143180612722E-004
              1542000   8.3141518164584288E-005  -7.0784915521158542E-004
              1544000   1.2176301494398636E-003  -7.4003548055158995E-004
              1546000   1.2619958877520938E-002   5.1514601307128685E-004
              1548000   8.8246388544266311E-003  -2.9391893857246931E-004
              1550000   7.3369398542007171E-004  -7.2912701278903837E-004
              1552000   2.5547651207919760E-004  -7.1422189365937699E-004
              1554000   5.1344131884780153E-003  -6.6661044945716473E-004
              1556000   2.0187456937459065E-002   6.5069537987632511E-003
              1558000   2.3274022930749156E-003  -7.4898426900434675E-004
              1560000   2.4395381950688552E-006  -7.0468413460387331E-004
              1562000   2.0065100651398748E-003  -7.4872114728414694E-004
              1564000   1.8625857556579240E-002   3.7821903525710019E-003
              1566000   5.8592157431997848E-003  -6.1901535287335380E-004
              1568000   3.4669808588163285E-004  -7.1738156749701770E-004
              1570000   5.9014321951991289E-004  -7.2508362541240129E-004
              1572000   7.7269392068401999E-003  -4.4044836328920977E-004
              1574000   1.4419082334514784E-002   1.1240103275078578E-003
              1576000   1.4424109745974677E-003  -7.4366662031907110E-004
              1578000   4.3544013846346536E-005  -7.0631209219648467E-004
              1580000   3.1329750231504929E-003  -7.4114434917075601E-004
              1582000   1.0902211667169197E-002   2.2641294236331246E-002
              1584000   3.8831421566541649E-003  -7.2263493969847463E-004
              1586000   1.1184289992580809E-004  -7.0894958801386411E-004
              1588000   1.1001057912530857E-003  -7.3777636681184478E-004
              1590000   1.1684163771657197E-002   2.6433186959486338E-004
              1592000   9.5266665647817366E-003  -1.8211422429727735E-004
              1594000   8.2477484177117947E-004  -7.3150436800472761E-004
              1596000   2.0993160268768224E-004  -7.1259194931904833E-004
              1598000   4.7587665887156017E-003  -6.8683204144509016E-004
              1600000   2.0364589972395916E-002   8.9717510053188738E-003
              1602000   2.5288125602202175E-003  -7.4817344524912639E-004
              1604000   8.1369539216929858E-006  -7.0491379597035001E-004
              1606000   1.8383851528128532E-003  -7.4782642463335424E-004
              1608000   1.7476885790674138E-002   2.7693773129841563E-003
              1610000   6.3195749284190523E-003  -5.8270779237567431E-004
              1612000   4.0606161133721912E-004  -7.1935955856001284E-004
              1614000   5.1607542643950139E-004  -7.2285465545115048E-004
              1616000   7.1621840679819233E-003  -5.0339425344584710E-004
              1618000   1.5539668823823814E-002   1.6130524753859500E-003
              1620000   1.5835891831923947E-003  -7.4547971423299117E-004
              1622000   2.6714980342207907E-005  -7.0565212141136769E-004
              1624000   2.8925822238478009E-003  -7.4477343141893812E-004
              1626000   1.7289810157415535E-002   1.5787179855811004E-002
              1628000   4.1940258903949024E-003  -7.1170870945308604E-004
              1630000   1.4501879727772622E-004  -7.1020291168464526E-004
              1632000   9.9032383295401673E-004  -7.3544134776002215E-004
              1634000   1.0817494577309166E-002   6.4753620475518765E-005
              1636000   1.0287021184519046E-002  -4.3557302070346773E-005
              1638000   9.2260519362508120E-004  -7.3389146210899286E-004
              1640000   1.6914540355640573E-004  -7.1110067410528710E-004
              1642000   4.4092192012578106E-003  -7.0300219955234729E-004
              1644000   1.9271120606998812E-002   1.2552502626353532E-002
              1646000   2.7440340601285491E-003  -7.4646549791607900E-004
              1648000   1.8003922601811270E-005  -7.0530851486500499E-004
              1650000   1.6809672921684708E-003  -7.4651852020508197E-004
              1652000   1.6298000361689314E-002   2.0088024070245908E-003
              1654000   6.8164161826423184E-003  -5.3800450232725566E-004
              1656000   4.7079902021804890E-004  -7.2144485078740972E-004
              1658000   4.4772736525442759E-004  -7.2071127685837224E-004
              1660000   6.6397888009542367E-003  -5.5456684182843491E-004
              1662000   1.6705983700604377E-002   2.2490217307268509E-003
              1664000   1.7343904388955342E-003  -7.4701473413580288E-004
              1666000   1.4108004192194463E-005  -7.0515465500093114E-004
              1668000   2.6677602256859351E-003  -7.4717260752424418E-004
              1670000   1.9857400790607316E-002   1.1150246060320919E-002
              1672000   4.5276141828172172E-003  -6.9780988536640310E-004
              1674000   1.8275771446239503E-004  -7.1160422975021528E-004
              1676000   8.8789219318096400E-004  -7.3306689644304446E-004
              1678000   1.0016409973272014E-002  -9.5052376410283379E-005
              1680000   1.1110450567518269E-002   1.2895311334890243E-004
              1682000   1.0275471268680681E-003  -7.3626084499521006E-004
              1684000   1.3300140778798025E-004  -7.0975494183268535E-004
              1686000   4.0837400760851171E-003  -7.1581055279104047E-004
              1688000   1.5613285201229739E-002   1.7883549006508601E-002
              1690000   2.9741247943173535E-003  -7.4367042006708462E-004
              1692000   3.2071230953063035E-005  -7.0586707994161257E-004
              1694000   1.5335643618815248E-003  -7.4488346277376853E-004
              1696000   1.5144700790657724E-002   1.4290307212949886E-003
              1698000   7.3530439324432234E-003  -4.8303063472641413E-004
              1700000   5.4110096436278774E-004  -7.2362398003299742E-004
              1702000   3.8487624228834166E-004  -7.1866633562331654E-004
              1704000   6.1559492934808542E-003  -5.9617262489906843E-004
              1706000   1.7882794980688482E-002   3.0875267900604127E-003
              1708000   1.8954465451630270E-003  -7.4819449187251297E-004
              1710000   5.6898283281792165E-006  -7.0482183586907925E-004
              1712000   2.4574535895697091E-003  -7.4855405300067168E-004
              1714000   2.0403864126119178E-002   8.0150437583643291E-003
              1716000   4.8859707813134375E-003  -6.8032460202731217E-004
              1718000   2.2518207357160770E-004  -7.1314901698323995E-004
              1720000   7.9243776002072604E-004  -7.3068482655107444E-004
              1722000   9.2768272772275531E-003  -2.2361777116755924E-004
              1724000   1.2000722825563682E-002   3.4481232574290797E-004
              1726000   1.1399624443676594E-003  -7.3857841222112490E-004
              1728000   1.0138709553869986E-004  -7.0855858694210600E-004
              1730000   3.7803003858673154E-003  -7.2583319315523188E-004
              1732000   7.5677345545908815E-003   2.5516083317449482E-002
              1734000   3.2202202326412068E-003  -7.3956211104828648E-004
              1736000   5.0375325919728520E-005  -7.0658789210362085E-004
              1738000   1.3955979462846641E-003  -7.4299469238854057E-004
              1740000   1.4044685980173397E-002   9.8138214873144431E-004
              1742000   7.9333793157410713E-003  -4.1539754821536109E-004
              1744000   6.1721128040425060E-004  -7.2588355268285399E-004
              1746000   3.2732674803378906E-004  -7.1673254109936668E-004
              1748000   5.7074774322987765E-003  -6.2994407899863740E-004
              1750000   1.9000108798202950E-002   4.2105761254984126E-003
              1752000   2.0674365348311565E-003  -7.4892761947873148E-004
              1754000   1.4345139115411917E-006  -7.0465396177550913E-004
              1756000   2.2605986221610409E-003  -7.4909717194165460E-004
              1758000   1.9961903121290581E-002   5.8346473474476732E-003
              1760000   5.2712362311346586E-003  -6.5851145182760568E-004
              1762000   2.7240783318344922E-004  -7.1483034643343778E-004
              1764000   7.0363057774605023E-004  -7.2832162631339577E-004
              1766000   8.5940045193603279E-003  -3.2749016752746602E-004
              1768000   1.2960984429478519E-002   6.1674618204821032E-004
              1770000   1.2602814139147326E-003  -7.4080625226259362E-004
              1772000   7.4215043667112698E-005  -7.0751670973006914E-004
              1774000   3.4972519022159259E-003  -7.3353900677217967E-004
              1776000   7.3975352746075909E-006   3.1386699724677058E-002
              1778000   3.4836222793643498E-003  -7.3387057081320298E-004
              1780000   7.2973848731335857E-005  -7.0746899362932091E-004
              1782000   1.2664980845351597E-003  -7.4091469000203984E-004
              1784000   1.3010745383150793E-002   6.3206421962817318E-004
              1786000   8.5613282970406056E-003  -3.3212295839201084E-004
              1788000   6.9936431991625512E-004  -7.2820559107206195E-004
              1790000   2.7489453738262421E-004  -7.1491894647323793E-004
              1792000   5.2912126277382572E-003  -6.5729545394806210E-004
              1794000   1.9924667678415317E-002   5.7442586862725322E-003
              1796000   2.2511147843988551E-003  -7.4910690848793455E-004
              1798000   1.3309665075830941E-006  -7.0465201009011619E-004
              1800000   2.0763254836286284E-003  -7.4895285772981111E-004
              1802000   1.9052352553858416E-002   4.2761322406936527E-003
              1804000   5.6859579443771400E-003  -6.3145402571189186E-004
              1806000   3.2459087808440915E-004  -7.1664183015964942E-004
              1808000   6.2116438421432366E-004  -7.2600101274230536E-004
              1810000   7.9635560771906082E-003  -4.1164309193231766E-004
              1812000   1.3991429167143478E-002   9.6183729049184271E-004
              1814000   1.3889445795945837E-003  -7.4289836018552732E-004
              1816000   5.1401126917493216E-005  -7.0663169903767864E-004
              1818000   3.2329405758839856E-003  -7.3932204711705347E-004
              1820000   7.0563976201862633E-003   2.5935546635036714E-002
              1822000   3.7657077936727934E-003  -7.2627323318294988E-004
              1824000   9.9925896300301221E-005  -7.0850740600322283E-004
              1826000   1.1457801399552437E-003  -7.3869680177222842E-004
              1828000   1.2046990879358000E-002   3.5693267311602789E-004
              1830000   9.2414443592147393E-003  -2.2934528332242197E-004
              1832000   7.8785259831270040E-004  -7.3057149248883916E-004
              1834000   2.2742354823703065E-004  -7.1323518803992499E-004
              1836000   4.9045473627200671E-003  -6.7935051642392631E-004
              1838000   2.0399409439093921E-002   7.8869612044912898E-003
              1840000   2.4473120347510324E-003  -7.4860568417200188E-004
              1842000   5.3788902266218164E-006  -7.0481560381327598E-004
              1844000   1.9037613312133665E-003  -7.4824880921563956E-004
              1846000   1.7940727216814542E-002   3.1359722011300526E-003
              1848000   6.1327541993821859E-003  -5.9803751572214635E-004
              1850000   3.8187836429571842E-004  -7.1857400086218091E-004
              1852000   5.4476186066167327E-004  -7.2374212489496772E-004
              1854000   7.3809414877403067E-003  -4.7998464839408075E-004
              1856000   1.5088406201334944E-002   1.4038883984571716E-003
              1858000   1.5264630472513795E-003  -7.4480238986153252E-004
              1860000   3.2883918430434613E-005  -7.0590718455556352E-004
              1862000   2.9860239356977844E-003  -7.4350649739921872E-004
              1864000   1.5328253620187811E-002   1.8209735972767614E-002
              1866000   4.0680824150613297E-003  -7.1638128091145738E-004
              1868000   1.3131734251514945E-004  -7.0970022510538253E-004
              1870000   1.0329746520240750E-003  -7.3638679439539756E-004
              1872000   1.1153260615446284E-002   1.3859805787540131E-004
              1874000   9.9780654985443876E-003  -1.0215938228812308E-004
              1876000   8.8296258445222299E-004  -7.3295725951487553E-004
              1878000   1.8476374825459718E-004  -7.1168751502675564E-004
              1880000   4.5448913145905885E-003  -6.9703787667651184E-004
              1882000   1.9921038487854512E-002   1.0963876725215078E-002
              1884000   2.6569328796594745E-003  -7.4727416613982491E-004
              1886000   1.3588724842057665E-005  -7.0514456262711644E-004
              1888000   1.7421849782681608E-003  -7.4709332079311917E-004
              1890000   1.6764907161442674E-002   2.2855241582617775E-003
              1892000   6.6147531600268955E-003  -5.5686543070648949E-004
              1894000   4.4446317394010161E-004  -7.2061789020883807E-004
              1896000   4.7417277665655111E-004  -7.2156277604360647E-004
              1898000   6.8422286451798112E-003  -5.3553277355212743E-004
              1900000   1.6239485051058631E-002   1.9760290769779559E-003
              1902000   1.6733735862213615E-003  -7.4645581615829333E-004
              1904000   1.8606234594952755E-005  -7.0534447849646999E-004
              1906000   2.7551515916451165E-003  -7.4636580029979857E-004
              1908000   1.9163842247726048E-002   1.2770561979167575E-002
              1910000   4.3924240590918068E-003  -7.0372833981295461E-004
              1912000   1.6723164445173704E-004  -7.1104286479690092E-004
              1914000   9.2767426380958287E-004  -7.3402347060411285E-004
              1916000   1.0326597527559746E-002  -3.5831741859894841E-005
              1918000   1.0775999630243444E-002   5.5904031365518024E-005
              1920000   9.8504299204831046E-004  -7.3533713517378934E-004
              1922000   1.4679295035589180E-004  -7.1028320573744566E-004
              1924000   4.2101272763622995E-003  -7.1110372288716336E-004
              1926000   1.7491114114330322E-002   1.5508509216618076E-002
              1928000   2.8809961574329042E-003  -7.4493485559170799E-004
              1930000   2.5986075929491456E-005  -7.0563786218060052E-004
              1932000   1.5908789413480102E-003  -7.4557817347955580E-004
              1934000   1.5596975160754077E-002   1.6409070732658366E-003
              1936000   7.1351362162839277E-003  -5.0622227607554997E-004
              1938000   5.1252859026779769E-004  -7.2276077527609617E-004
              1940000   4.0916510039481059E-004  -7.1947667620993736E-004
              1942000   6.3434792097795253E-003  -5.8070564955047953E-004
              1944000   1.7418169304817051E-002   2.7261529741362794E-003
              1946000   1.8302842316880318E-003  -7.4778625859203034E-004
              1948000   8.5304068691922747E-006  -7.0494592773546257E-004
              1950000   2.5392243835447434E-003  -7.4812730200990744E-004
              1952000   2.0347669274234793E-002   9.1198975058254580E-003
              1954000   4.7407156706129943E-003  -6.8774600131054503E-004
              1956000   2.0778484397997009E-004  -7.1253114699293527E-004
              1958000   8.2949262512954766E-004  -7.3164063450804645E-004
              1960000   9.5631911497473174E-003  -1.7590249445630860E-004
              1962000   1.1639274497896208E-002   2.5324330193030178E-004
              1964000   1.0944430170908995E-003  -7.3767897754175563E-004
              1966000   1.1339231801471279E-004  -7.0902644242311049E-004
              1968000   3.8981428729668744E-003  -7.2217034329598252E-004
              1970000   1.1338740643902522E-002   2.2242519053250472E-002
              1972000   3.1205920775768375E-003  -7.4137679746070064E-004
              1974000   4.2603000753084110E-005  -7.0629410587750045E-004
              1976000   1.4492419731957694E-003  -7.4378161705021507E-004
              1978000   1.4473630996691463E-002   1.1455642896280106E-003
              1980000   7.6976924210507220E-003  -4.4392803083151362E-004
              1982000   5.8630897668888028E-004  -7.2499012356803786E-004
              1984000   3.4953590321281367E-004  -7.1749728434515050E-004
              1986000   5.8813841653428999E-003  -6.1739680176756953E-004
              1988000   1.8570538685771978E-002   3.7241311396465390E-003
              1990000   1.9978499401562145E-003  -7.4870800478509425E-004
              1992000   2.6253202781019211E-006  -7.0471201674130542E-004
              1994000   2.3371375779270946E-003  -7.4898313498103996E-004
              1996000   2.0214524595036178E-002   6.6103389242340646E-003
              1998000   5.1150096096302701E-003  -6.6774905714905419E-004
              2000000   2.5308733620934713E-004  -7.1415854455952931E-004
