                 2000   1953.9535884619861        3.6731830470617050E-005
                 4000   1953.9535884925635        3.5914773255784641E-005
                 6000   1953.9535885400016        3.4244128336113952E-005
                 8000   1953.9535885946170        3.2043487132968394E-005
                10000   1953.9535886484894        2.9613364890720120E-005
                12000   1953.9535886968795        2.7173503575818796E-005
                14000   1953.9535887379870        2.4852410422854572E-005
                16000   1953.9535887719653        2.2705230447496874E-005
                18000   1953.9535887999243        2.0740047776860303E-005
                20000   1953.9535888232303        1.8941022373629300E-005
                22000   1953.9535888431155        1.7284422543019121E-005
                24000   1953.9535888605233        1.5747789915280955E-005
                26000   1953.9535888760902        1.4313969323149763E-005
                28000   1953.9535888901996        1.2971881433164216E-005
                30000   1953.9535889030512        1.1715563221431327E-005
                32000   1953.9535889147382        1.0542543232571178E-005
                34000   1953.9535889252973        9.4522041816787399E-006
                36000   1953.9535889347519        8.4444632221722585E-006
                38000   1953.9535889431306        7.5188784513199853E-006
                40000   1953.9535889504784        6.6741583310456078E-006
                42000   1953.9535889568579        5.9079883643046572E-006
                44000   1953.9535889623448        5.2170735617047125E-006
                46000   1953.9535889670249        4.5973054790385638E-006
                48000   1953.9535889709869        4.0439837450926480E-006
                50000   1953.9535889743197        3.5520446004337970E-006
                52000   1953.9535889771068        3.1162682794774284E-006
                54000   1953.9535889794270        2.7314514788658570E-006
                56000   1953.9535889813503        2.3925408050748735E-006
                58000   1953.9535889829394        2.0947288824782301E-006
                60000   1953.9535889842487        1.8335177989355331E-006
                62000   1953.9535889853250        1.6047557208824219E-006
                64000   1953.9535889862082        1.4046525581546040E-006
                66000   1953.9535889869321        1.2297800152216189E-006
                68000   1953.9535889875249        1.0770605639914724E-006
                70000   1953.9535889880094        9.4374901417236420E-007
                72000   1953.9535889884064        8.2740954961550986E-007
                74000   1953.9535889887306        7.2589039426683041E-007
                76000   1953.9535889889962        6.3729768572792676E-007
                78000   1953.9535889892131        5.5996966515584475E-007
                80000   1953.9535889893912        4.9245192708402137E-007
                82000   1953.9535889895367        4.3347419589017959E-007
                84000   1953.9535889896563        3.8192889090827378E-007
                86000   1953.9535889897541        3.3685159472704741E-007
                88000   1953.9535889898345        2.9740343620582183E-007
                90000   1953.9535889899007        2.6285533050810898E-007
                92000   1953.9535889899553        2.3257397441184406E-007
                94000   1953.9535889900008        2.0600946951852160E-007
                96000   1953.9535889900378        1.8268443350518814E-007
                98000   1953.9535889900685        1.6218445624587469E-007
               100000   1953.9535889900935        1.4414976047742017E-007
               102000   1953.9535889901147        1.2826793348841004E-007
               104000   1953.9535889901324        1.1426760546702362E-007
               106000   1953.9535889901470        1.0191296051239648E-007
               108000   1953.9535889901590        9.0998977103805161E-008
               110000   1953.9535889901692        8.1347305497880092E-008
               112000   1953.9535889901776        7.2802699742667345E-008
               114000   1953.9535889901849        6.5229931550625093E-008
               116000   1953.9535889901906        5.8511122050238172E-008
               118000   1953.9535889901958        5.2543435393986992E-008
               120000   1953.9535889901999        4.7237085341132188E-008
               122000   1953.9535889902036        4.2513612287655428E-008
               124000   1953.9535889902068        3.8304393832231218E-008
               126000   1953.9535889902093        3.4549356904357346E-008
               128000   1953.9535889902113        3.1195863801726131E-008
               130000   1953.9535889902133        2.8197748251608005E-008
               132000   1953.9535889902149        2.5514480886036042E-008
               134000   1953.9535889902156        2.3110446360543878E-008
               136000   1953.9535889902172        2.0954316803479617E-008
               138000   1953.9535889902181        1.9018508405824783E-008
               140000   1953.9535889902190        1.7278709792708216E-008
               142000   1953.9535889902197        1.5713472395881135E-008
               144000   1953.9535889902202        1.4303854405228873E-008
               146000   1953.9535889902206        1.3033111046515017E-008
               148000   1953.9535889902213        1.1886424938042094E-008
               150000   1953.9535889902213        1.0850671143534843E-008
               152000   1953.9535889902218        9.9142122816753225E-009
               154000   1953.9535889902222        9.0667196916098452E-009
               156000   1953.9535889902222        8.2990172029667950E-009
               158000   1953.9535889902227        7.6029445310909705E-009
               160000   1953.9535889902229        6.9712377243227824E-009
               162000   1953.9535889902229        6.3974244394798150E-009
               164000   1953.9535889902229        5.8757321223739921E-009
               166000   1953.9535889902229        5.4010074290327083E-009
               168000   1953.9535889902229        4.9686454462764076E-009
               170000   1953.9535889902234        4.5745274625008046E-009
               172000   1953.9535889902234        4.2149662052059993E-009
               174000   1953.9535889902238        3.8866576048507463E-009
               176000   1953.9535889902238        3.5866382680753363E-009
               178000   1953.9535889902238        3.3122479500339162E-009
               180000   1953.9535889902238        3.0610964078105026E-009
               182000   1953.9535889902238        2.8310340967408434E-009
               184000   1953.9535889902238        2.6201262405600268E-009
               186000   1953.9535889902238        2.4266298661816309E-009
               188000   1953.9535889902238        2.2489734459003215E-009
               190000   1953.9535889902238        2.0857388348334928E-009
               192000   1953.9535889902238        1.9356452306273227E-009
               194000   1953.9535889902238        1.7975349164661334E-009
               196000   1953.9535889902238        1.6703605780464518E-009
               198000   1953.9535889902238        1.5531740109729691E-009
               200000   1953.9535889902238        1.4451160574946545E-009
               202000   1953.9535889902238        1.3454076311091282E-009
               204000   1953.9535889902238        1.2533417046646889E-009
               206000   1953.9535889902238        1.1682761525439082E-009
               208000   1953.9535889902238        1.0896273505712831E-009
               210000   1953.9535889902238        1.0168644487339553E-009
               212000   1953.9535889902238        9.4950424180826722E-010
               214000   1953.9535889902238        8.8710657177337439E-010
               216000   1953.9535889902238        8.2927020359343846E-010
               218000   1953.9535889902238        7.7562912269941630E-010
               220000   1953.9535889902238        7.2584920846410978E-010
               222000   1953.9535889902238        6.7962524316537200E-010
               224000   1953.9535889902238        6.3667822055177615E-010
               226000   1953.9535889902238        5.9675292216214270E-010
               228000   1953.9535889902238        5.5961573312683617E-010
               230000   1953.9535889902238        5.2505267232954085E-010
               232000   1953.9535889902238        4.9286761458772026E-010
               234000   1953.9535889902238        4.6288068497391807E-010
               236000   1953.9535889902238        4.3492680756300646E-010
               238000   1953.9535889902238        4.0885439283165467E-010
               240000   1953.9535889902238        3.8452414962290264E-010
               242000   1953.9535889902238        3.6180800911239471E-010
               244000   1953.9535889902238        3.4058814954911180E-010
               246000   1953.9535889902238        3.2075611173207074E-010
               248000   1953.9535889902238        3.0221199624148935E-010
               250000   1953.9535889902238        2.8486373438925794E-010
               252000   1953.9535889902238        2.6862642568059385E-010
               254000   1953.9535889902238        2.5342173533059195E-010
               256000   1953.9535889902238        2.3917734604008766E-010
               258000   1953.9535889902238        2.2582645883111925E-010
               260000   1953.9535889902238        2.1330733826149959E-010
               262000   1953.9535889902238        2.0156289782122353E-010
               264000   1953.9535889902238        1.9054032172643034E-010
               266000   1953.9535889902238        1.8019071970760616E-010
               268000   1953.9535889902238        1.7046881172450472E-010
               270000   1953.9535889902238        1.6133263984295500E-010
               272000   1953.9535889902238        1.5274330478075363E-010
               274000   1953.9535889902238        1.4466472486872649E-010
               276000   1953.9535889902238        1.3706341539540997E-010
               278000   1953.9535889902238        1.2990828649756183E-010
               280000   1953.9535889902238        1.2317045793204199E-010
               282000   1953.9535889902238        1.1682308922792151E-010
               284000   1953.9535889902238        1.1084122385485132E-010
               286000   1953.9535889902238        1.0520164617314736E-010
               288000   1953.9535889902238        9.9882750049851080E-011
               290000   1953.9535889902238        9.4864418121406837E-011
               292000   1953.9535889902238        9.0127910786305598E-011
               294000   1953.9535889902238        8.5655764087450428E-011
               296000   1953.9535889902238        8.1431695727015502E-011
               298000   1953.9535889902238        7.7440518520128372E-011
               300000   1953.9535889902238        7.3668060660209017E-011
               302000   1953.9535889902238        7.0101092223034446E-011
               304000   1953.9535889902238        6.6727257387790490E-011
               306000   1953.9535889902238        6.3535011901345126E-011
               308000   1953.9535889902238        6.0513565350863432E-011
               310000   1953.9535889902238        5.7652827851693347E-011
               312000   1953.9535889902238        5.4943360787746942E-011
               314000   1953.9535889902238        5.2376331277203299E-011
               316000   1953.9535889902238        4.9943470060760698E-011
               318000   1953.9535889902238        4.7637032538898717E-011
               320000   1953.9535889902238        4.5449762705783476E-011
               322000   1953.9535889902238        4.3374859749893084E-011
               324000   1953.9535889902238        4.1405947110106498E-011
               326000   1953.9535889902238        3.9537043795152534E-011
               328000   1953.9535889902238        3.7762537788633632E-011
               330000   1953.9535889902238        3.6077161378342475E-011
               332000   1953.9535889902238        3.4475968259629356E-011
               334000   1953.9535889902238        3.2954312277901112E-011
               336000   1953.9535889902238        3.1507827683976755E-011
               338000   1953.9535889902238        3.0132410787297568E-011
               340000   1953.9535889902238        2.8824202900908086E-011
               342000   1953.9535889902238        2.7579574481231356E-011
               344000   1953.9535889902238        2.6395110373466287E-011
               346000   1953.9535889902238        2.5267596078948139E-011
               348000   1953.9535889902238        2.4194004970213314E-011
               350000   1953.9535889902238        2.3171486382556714E-011
               352000   1953.9535889902238        2.2197354518690843E-011
               354000   1953.9535889902238        2.1269078106396344E-011
               356000   1953.9535889902238        2.0384270755209247E-011
               358000   1953.9535889902238        1.9540681960768905E-011
               360000   1953.9535889902238        1.8736188710926476E-011
               362000   1953.9535889902238        1.7968787650279645E-011
               364000   1953.9535889902238        1.7236587763291099E-011
               366000   1953.9535889902238        1.6537803539132649E-011
               368000   1953.9535889902238        1.5870748585202826E-011
               370000   1953.9535889902238        1.5233829656118759E-011
               372000   1953.9535889902238        1.4625541071060337E-011
               374000   1953.9535889902238        1.4044459491179681E-011
               376000   1953.9535889902238        1.3489239032422415E-011
               378000   1953.9535889902238        1.2958606691456795E-011
               380000   1953.9535889902238        1.2451358062097670E-011
               382000   1953.9535889902238        1.1966353323338082E-011
               384000   1953.9535889902238        1.1502513480169661E-011
               386000   1953.9535889902238        1.1058816840070151E-011
               388000   1953.9535889902238        1.0634295709620575E-011
               390000   1953.9535889902238        1.0228033296453491E-011
               392000   1953.9535889902238        9.8391608021837329E-012
               394000   1953.9535889902238        9.4668546953613207E-012
               396000   1953.9535889902238        9.1103341501765857E-012
               398000   1953.9535889902238        8.7688586424787515E-012
               400000   1953.9535889902238        8.4417256909498813E-012
               402000   1953.9535889902238        8.1282687351230736E-012
               404000   1953.9535889902238        7.8278551409203936E-012
               406000   1953.9535889902238        7.5398843254172650E-012
               408000   1953.9535889902238        7.2637859936650056E-012
               410000   1953.9535889902238        6.9990184797834753E-012
               412000   1953.9535889902238        6.7450671862884288E-012
               414000   1953.9535889902238        6.5014431148543467E-012
               416000   1953.9535889902238        6.2676814833817628E-012
               418000   1953.9535889902238        6.0433404234678396E-012
               420000   1953.9535889902238        5.8279997533620688E-012
               422000   1953.9535889902238        5.6212598219466446E-012
               424000   1953.9535889902238        5.4227404190264960E-012
               426000   1953.9535889902238        5.2320797481373713E-012
               428000   1953.9535889902238        5.0489334577321923E-012
               430000   1953.9535889902238        4.8729737274834201E-012
               432000   1953.9535889902238        4.7038884061390772E-012
               434000   1953.9535889902238        4.5413801978581199E-012
               436000   1953.9535889902238        4.3851658941077559E-012
               438000   1953.9535889902238        4.2349756485487392E-012
               440000   1953.9535889902238        4.0905522919696832E-012
               442000   1953.9535889902238        3.9516506852571733E-012
               444000   1953.9535889902238        3.8180371079169300E-012
               446000   1953.9535889902238        3.6894886801898163E-012
               448000   1953.9535889902238        3.5657928166786179E-012
               450000   1953.9535889902238        3.4467467096221588E-012
               452000   1953.9535889902238        3.3321568402939144E-012
               454000   1953.9535889902238        3.2218385167009752E-012
               456000   1953.9535889902238        3.1156154359334776E-012
               458000   1953.9535889902238        3.0133192702152072E-012
               460000   1953.9535889902238        2.9147892747788580E-012
               462000   1953.9535889902238        2.8198719166333622E-012
               464000   1953.9535889902238        2.7284205229213756E-012
               466000   1953.9535889902238        2.6402949477551933E-012
               468000   1953.9535889902238        2.5553612566099846E-012
               470000   1953.9535889902238        2.4734914270458970E-012
               472000   1953.9535889902238        2.3945630650822204E-012
               474000   1953.9535889902238        2.3184591362566188E-012
               476000   1953.9535889902238        2.2450677105159557E-012
               478000   1953.9535889902238        2.1742817202085738E-012
               480000   1953.9535889902238        2.1059987305138492E-012
               482000   1953.9535889902238        2.0401207215336015E-012
               484000   1953.9535889902238        1.9765538813850733E-012
               486000   1953.9535889902238        1.9152084099545522E-012
               488000   1953.9535889902238        1.8559983322362568E-012
               490000   1953.9535889902238        1.7988413213375896E-012
               492000   1953.9535889902238        1.7436585301297949E-012
               494000   1953.9535889902238        1.6903744313741641E-012
               496000   1953.9535889902238        1.6389166657287163E-012
               498000   1953.9535889902238        1.5892158973257863E-012
               500000   1953.9535889902238        1.5412056763818508E-012
               502000   1953.9535889902238        1.4948223086401553E-012
               504000   1953.9535889902238        1.4500047310749018E-012
               506000   1953.9535889902238        1.4066943937330901E-012
               508000   1953.9535889902238        1.3648351473078687E-012
               510000   1953.9535889902238        1.3243731360815942E-012
               512000   1953.9535889902238        1.2852566960713709E-012
               514000   1953.9535889902238        1.2474362580224237E-012
               516000   1953.9535889902238        1.2108642551101607E-012
               518000   1953.9535889902238        1.1754950349184727E-012
               520000   1953.9535889902238        1.1412847756773091E-012
               522000   1953.9535889902238        1.1081914064674186E-012
               524000   1953.9535889902238        1.0761745311285632E-012
               526000   1953.9535889902238        1.0451953557374410E-012
               528000   1953.9535889902238        1.0152166195597602E-012
               530000   1953.9535889902238        9.8620252909156935E-013
               532000   1953.9535889902238        9.5811869526158474E-013
               534000   1953.9535889902238        9.3093207352345427E-013
               536000   1953.9535889902238        9.0461090663038246E-013
               538000   1953.9535889902238        8.7912467015035101E-013
               540000   1953.9535889902238        8.5444402039949290E-013
               542000   1953.9535889902238        8.3054074473718951E-013
               544000   1953.9535889902238        8.0738771421796240E-013
               546000   1953.9535889902238        7.8495883826364932E-013
               548000   1953.9535889902238        7.6322902142663662E-013
               550000   1953.9535889902238        7.4217412219517263E-013
               552000   1953.9535889902238        7.2177091345176529E-013
               554000   1953.9535889902238        7.0199704485405887E-013
               556000   1953.9535889902238        6.8283100683146890E-013
               558000   1953.9535889902238        6.6425209617665642E-013
               560000   1953.9535889902238        6.4624038318254412E-013
               562000   1953.9535889902238        6.2877668018189190E-013
               564000   1953.9535889902238        6.1184251149286740E-013
               566000   1953.9535889902238        5.9542008474734321E-013
               568000   1953.9535889902238        5.7949226328187327E-013
               570000   1953.9535889902238        5.6404253996282439E-013
               572000   1953.9535889902238        5.4905501199475141E-013
               574000   1953.9535889902238        5.3451435681691357E-013
               576000   1953.9535889902238        5.2040580911572493E-013
               578000   1953.9535889902238        5.0671513876010031E-013
               580000   1953.9535889902238        4.9342862971203382E-013
               582000   1953.9535889902238        4.8053305980163175E-013
               584000   1953.9535889902238        4.6801568141431136E-013
               586000   1953.9535889902238        4.5586420291842299E-013
               588000   1953.9535889902238        4.4406677096222169E-013
               590000   1953.9535889902238        4.3261195344509454E-013
               592000   1953.9535889902238        4.2148872325770068E-013
               594000   1953.9535889902238        4.1068644264135998E-013
               596000   1953.9535889902238        4.0019484825129384E-013
               598000   1953.9535889902238        3.9000403680909766E-013
               600000   1953.9535889902238        3.8010445137542769E-013
               602000   1953.9535889902238        3.7048686816517874E-013
               604000   1953.9535889902238        3.6114238389793088E-013
               606000   1953.9535889902238        3.5206240370883299E-013
               608000   1953.9535889902238        3.4323862948629617E-013
               610000   1953.9535889902238        3.3466304876432298E-013
               612000   1953.9535889902238        3.2632792399329413E-013
               614000   1953.9535889902238        3.1822578230544857E-013
               616000   1953.9535889902238        3.1034940564106976E-013
               618000   1953.9535889902238        3.0269182129751846E-013
               620000   1953.9535889902238        2.9524629285386235E-013
               622000   1953.9535889902238        2.8800631148429899E-013
               624000   1953.9535889902238        2.8096558755256963E-013
               626000   1953.9535889902238        2.7411804260671742E-013
               628000   1953.9535889902238        2.6745780165515220E-013
               630000   1953.9535889902238        2.6097918575120639E-013
               632000   1953.9535889902238        2.5467670487704896E-013
               634000   1953.9535889902238        2.4854505112919403E-013
               636000   1953.9535889902238        2.4257909209850129E-013
               638000   1953.9535889902238        2.3677386459254185E-013
               640000   1953.9535889902238        2.3112456854946509E-013
               642000   1953.9535889902238        2.2562656120787727E-013
               644000   1953.9535889902238        2.2027535148714534E-013
               646000   1953.9535889902238        2.1506659462619706E-013
               648000   1953.9535889902238        2.0999608695384880E-013
               650000   1953.9535889902238        2.0505976092717617E-013
               652000   1953.9535889902238        2.0025368033660271E-013
               654000   1953.9535889902238        1.9557403567033541E-013
               656000   1953.9535889902238        1.9101713971363830E-013
               658000   1953.9535889902238        1.8657942323201528E-013
               660000   1953.9535889902238        1.8225743089641798E-013
               662000   1953.9535889902238        1.7804781730422520E-013
               664000   1953.9535889902238        1.7394734319578249E-013
               666000   1953.9535889902238        1.6995287176892521E-013
               668000   1953.9535889902238        1.6606136516877057E-013
               670000   1953.9535889902238        1.6226988108010476E-013
               672000   1953.9535889902238        1.5857556945474484E-013
               674000   1953.9535889902238        1.5497566938071879E-013
               676000   1953.9535889902238        1.5146750601711519E-013
               678000   1953.9535889902238        1.4804848771189217E-013
               680000   1953.9535889902238        1.4471610315690139E-013
               682000   1953.9535889902238        1.4146791868695104E-013
               684000   1953.9535889902238        1.3830157567042699E-013
               686000   1953.9535889902238        1.3521478798226015E-013
               688000   1953.9535889902238        1.3220533959538540E-013
               690000   1953.9535889902238        1.2927108221457275E-013
               692000   1953.9535889902238        1.2640993304888420E-013
               694000   1953.9535889902238        1.2361987262953766E-013
               696000   1953.9535889902238        1.2089894269993275E-013
               698000   1953.9535889902238        1.1824524422258045E-013
               700000   1953.9535889902238        1.1565693540913359E-013
               702000   1953.9535889902238        1.1313222984792449E-013
               704000   1953.9535889902238        1.1066939469917172E-013
               706000   1953.9535889902238        1.0826674892862591E-013
               708000   1953.9535889902238        1.0592266164615386E-013
               710000   1953.9535889902238        1.0363555045803907E-013
               712000   1953.9535889902238        1.0140387990165478E-013
               714000   1953.9535889902238        9.9226159934268797E-014
               716000   1953.9535889902238        9.7100944470135507E-014
               718000   1953.9535889902238        9.5026829968162435E-014
               720000   1953.9535889902238        9.3002454072478452E-014
               722000   1953.9535889902238        9.1026494280697957E-014
               724000   1953.9535889902238        8.9097666698160478E-014
               726000   1953.9535889902238        8.7214724802027142E-014
               728000   1953.9535889902238        8.5376458251782709E-014
               730000   1953.9535889902238        8.3581691749152929E-014
               732000   1953.9535889902238        8.1829283935287676E-014
               734000   1953.9535889902238        8.0118126323523999E-014
               736000   1953.9535889902238        7.8447142274457211E-014
               738000   1953.9535889902238        7.6815285981199776E-014
               740000   1953.9535889902238        7.5221541530467774E-014
               742000   1953.9535889902238        7.3664921961191725E-014
               744000   1953.9535889902238        7.2144468367837661E-014
               746000   1953.9535889902238        7.0659249030461329E-014
               748000   1953.9535889902238        6.9208358577072914E-014
               750000   1953.9535889902238        6.7790917179916983E-014
               752000   1953.9535889902238        6.6406069760414138E-014
               754000   1953.9535889902238        6.5052985224108438E-014
               756000   1953.9535889902238        6.3730855759861988E-014
               758000   1953.9535889902238        6.2438896092977627E-014
               760000   1953.9535889902238        6.1176342822314830E-014
               762000   1953.9535889902238        5.9942453755156174E-014
               764000   1953.9535889902238        5.8736507253583909E-014
               766000   1953.9535889902238        5.7557801632801305E-014
               768000   1953.9535889902238        5.6405654544716207E-014
               770000   1953.9535889902238        5.5279402407105755E-014
               772000   1953.9535889902238        5.4178399837198187E-014
               774000   1953.9535889902238        5.3102019111537976E-014
               776000   1953.9535889902238        5.2049649638025131E-014
               778000   1953.9535889902238        5.1020697444213730E-014
               780000   1953.9535889902238        5.0014584693798415E-014
               782000   1953.9535889902238        4.9030749203274326E-014
               784000   1953.9535889902238        4.8068643967361456E-014
               786000   1953.9535889902238        4.7127736745428863E-014
               788000   1953.9535889902238        4.6207509595926410E-014
               790000   1953.9535889902238        4.5307458471026204E-014
               792000   1953.9535889902238        4.4427092817258357E-014
               794000   1953.9535889902238        4.3565935164899562E-014
               796000   1953.9535889902238        4.2723520768325528E-014
               798000   1953.9535889902238        4.1899397220587842E-014
               800000   1953.9535889902238        4.1093124104427940E-014
               802000   1953.9535889902238        4.0304272645904040E-014
               804000   1953.9535889902238        3.9532425378434804E-014
               806000   1953.9535889902238        3.8777175814913886E-014
               808000   1953.9535889902238        3.8038128142354492E-014
               810000   1953.9535889902238        3.7314896901933378E-014
               812000   1953.9535889902238        3.6607106712609495E-014
               814000   1953.9535889902238        3.5914391968905287E-014
               816000   1953.9535889902238        3.5236396567218546E-014
               818000   1953.9535889902238        3.4572773645070151E-014
               820000   1953.9535889902238        3.3923185310725094E-014
               822000   1953.9535889902238        3.3287302394496467E-014
               824000   1953.9535889902238        3.2664804200377482E-014
               826000   1953.9535889902238        3.2055378278268902E-014
               828000   1953.9535889902238        3.1458720176231327E-014
               830000   1953.9535889902238        3.0874533236110875E-014
               832000   1953.9535889902238        3.0302528363933721E-014
               834000   1953.9535889902238        2.9742423819984018E-014
               836000   1953.9535889902238        2.9193945024372857E-014
               838000   1953.9535889902238        2.8656824350672002E-014
               840000   1953.9535889902238        2.8130800934964259E-014
               842000   1953.9535889902238        2.7615620497981986E-014
               844000   1953.9535889902238        2.7111035147692679E-014
               846000   1953.9535889902238        2.6616803222628092E-014
               848000   1953.9535889902238        2.6132689107734633E-014
               850000   1953.9535889902238        2.5658463082464569E-014
               852000   1953.9535889902238        2.5193901144874156E-014
               854000   1953.9535889902238        2.4738784870155466E-014
               856000   1953.9535889902238        2.4292901252619854E-014
               858000   1953.9535889902238        2.3856042556492035E-014
               860000   1953.9535889902238        2.3428006185156566E-014
               862000   1953.9535889902238        2.3008594531219715E-014
               864000   1953.9535889902238        2.2597614849176229E-014
               866000   1953.9535889902238        2.2194879120355682E-014
               868000   1953.9535889902238        2.1800203931282235E-014
               870000   1953.9535889902238        2.1413410349881049E-014
               872000   1953.9535889902238        2.1034323806400256E-014
               874000   1953.9535889902238        2.0662773970981556E-014
               876000   1953.9535889902238        2.0298594653207109E-014
               878000   1953.9535889902238        1.9941623684453072E-014
               880000   1953.9535889902238        1.9591702812723397E-014
               882000   1953.9535889902238        1.9248677604220732E-014
               884000   1953.9535889902238        1.8912397332127293E-014
               886000   1953.9535889902238        1.8582714898982444E-014
               888000   1953.9535889902238        1.8259486718157587E-014
               890000   1953.9535889902238        1.7942572644948671E-014
               892000   1953.9535889902238        1.7631835864756355E-014
               894000   1953.9535889902238        1.7327142828595019E-014
               896000   1953.9535889902238        1.7028363150048001E-014
               898000   1953.9535889902238        1.6735369536449031E-014
               900000   1953.9535889902238        1.6448037703816612E-014
               902000   1953.9535889902238        1.6166246295346361E-014
               904000   1953.9535889902238        1.5889876813868010E-014
               906000   1953.9535889902238        1.5618813546592933E-014
               908000   1953.9535889902238        1.5352943486171372E-014
               910000   1953.9535889902238        1.5092156276792528E-014
               912000   1953.9535889902238        1.4836344133126603E-014
               914000   1953.9535889902238        1.4585401776239306E-014
               916000   1953.9535889902238        1.4339226378962622E-014
               918000   1953.9535889902238        1.4097717499206136E-014
               920000   1953.9535889902238        1.3860777013003917E-014
               922000   1953.9535889902238        1.3628309066749941E-014
               924000   1953.9535889902238        1.3400220014340182E-014
               926000   1953.9535889902238        1.3176418361333763E-014
               928000   1953.9535889902238        1.2956814714870725E-014
               930000   1953.9535889902238        1.2741321727448117E-014
               932000   1953.9535889902238        1.2529854047374462E-014
               934000   1953.9535889902238        1.2322328270483309E-014
               936000   1953.9535889902238        1.2118662886990252E-014
               938000   1953.9535889902238        1.1918778241847632E-014
               940000   1953.9535889902238        1.1722596483023966E-014
               942000   1953.9535889902238        1.1530041519090735E-014
               944000   1953.9535889902238        1.1341038975863099E-014
               946000   1953.9535889902238        1.1155516152364850E-014
               948000   1953.9535889902238        1.0973401985454545E-014
               950000   1953.9535889902238        1.0794627001875546E-014
               952000   1953.9535889902238        1.0619123284161609E-014
               954000   1953.9535889902238        1.0446824434284126E-014
               956000   1953.9535889902238        1.0277665530852448E-014
               958000   1953.9535889902238        1.0111583099502698E-014
               960000   1953.9535889902238        9.9485150736871425E-015
               962000   1953.9535889902238        9.7884007604142365E-015
               964000   1953.9535889902238        9.6311808128964632E-015
               966000   1953.9535889902238        9.4767971887389887E-015
               968000   1953.9535889902238        9.3251931278906449E-015
               970000   1953.9535889902238        9.1763131151890904E-015
               972000   1953.9535889902238        9.0301028552396497E-015
               974000   1953.9535889902238        8.8865092391074365E-015
               976000   1953.9535889902238        8.7454803190417993E-015
               978000   1953.9535889902238        8.6069652800449173E-015
               980000   1953.9535889902238        8.4709144131264658E-015
               982000   1953.9535889902238        8.3372790859737784E-015
               984000   1953.9535889902238        8.2060117249813623E-015
               986000   1953.9535889902238        8.0770657820993120E-015
               988000   1953.9535889902238        7.9503957164026144E-015
               990000   1953.9535889902238        7.8259569655774884E-015
               992000   1953.9535889902238        7.7037059277249692E-015
               994000   1953.9535889902238        7.5835999348469235E-015
               996000   1953.9535889902238        7.4655972349442482E-015
               998000   1953.9535889902238        7.3496569656885440E-015
              1000000   1953.9535889902238        7.2357391407704359E-015
              1002000   1953.9535889902238        7.1238046222485047E-015
              1004000   1953.9535889902238        7.0138151038960406E-015
              1006000   1953.9535889902238        6.9057330924415763E-015
              1008000   1953.9535889902238        6.7995218901377787E-015
              1010000   1953.9535889902238        6.6951455723155883E-015
              1012000   1953.9535889902238        6.5925689732202445E-015
              1014000   1953.9535889902238        6.4917576666368036E-015
              1016000   1953.9535889902238        6.3926779502366503E-015
              1018000   1953.9535889902238        6.2952968271855432E-015
              1020000   1953.9535889902238        6.1995819933071369E-015
              1022000   1953.9535889902238        6.1055018159505513E-015
              1024000   1953.9535889902238        6.0130253261777400E-015
              1026000   1953.9535889902238        5.9221221954542905E-015
              1028000   1953.9535889902238        5.8327627271973816E-015
              1030000   1953.9535889902238        5.7449178412587174E-015
              1032000   1953.9535889902238        5.6585590561293076E-015
              1034000   1953.9535889902238        5.5736584819581502E-015
              1036000   1953.9535889902238        5.4901888019547425E-015
              1038000   1953.9535889902238        5.4081232617449952E-015
              1040000   1953.9535889902238        5.3274356550226652E-015
              1042000   1953.9535889902238        5.2481003154382858E-015
              1044000   1953.9535889902238        5.1700920994217925E-015
              1046000   1953.9535889902238        5.0933863785742526E-015
              1048000   1953.9535889902238        5.0179590238817922E-015
              1050000   1953.9535889902238        4.9437864004939749E-015
              1052000   1953.9535889902238        4.8708453504809029E-015
              1054000   1953.9535889902238        4.7991131887872607E-015
              1056000   1953.9535889902238        4.7285676858562847E-015
              1058000   1953.9535889902238        4.6591870621020213E-015
              1060000   1953.9535889902238        4.5909499793214709E-015
              1062000   1953.9535889902238        4.5238355254155780E-015
              1064000   1953.9535889902238        4.4578232094854510E-015
              1066000   1953.9535889902238        4.3928929519818305E-015
              1068000   1953.9535889902238        4.3290250750885987E-015
              1070000   1953.9535889902238        4.2662002934554188E-015
              1072000   1953.9535889902238        4.2043997055565070E-015
              1074000   1953.9535889902238        4.1436047878636026E-015
              1076000   1953.9535889902238        4.0837973846481809E-015
              1078000   1953.9535889902238        4.0249596978356030E-015
              1080000   1953.9535889902238        3.9670742843661376E-015
              1082000   1953.9535889902238        3.9101240444893528E-015
              1084000   1953.9535889902238        3.8540922166172562E-015
              1086000   1953.9535889902238        3.7989623670688044E-015
              1088000   1953.9535889902238        3.7447183876236174E-015
              1090000   1953.9535889902238        3.6913444849620555E-015
              1092000   1953.9535889902238        3.6388251750511861E-015
              1094000   1953.9535889902238        3.5871452758975888E-015
              1096000   1953.9535889902238        3.5362899031481689E-015
              1098000   1953.9535889902238        3.4862444610216940E-015
              1100000   1953.9535889902238        3.4369946392109330E-015
              1102000   1953.9535889902238        3.3885264025157947E-015
              1104000   1953.9535889902238        3.3408259896609596E-015
              1106000   1953.9535889902238        3.2938799052151518E-015
              1108000   1953.9535889902238        3.2476749139884544E-015
              1110000   1953.9535889902238        3.2021980363071885E-015
              1112000   1953.9535889902238        3.1574365420914806E-015
              1114000   1953.9535889902238        3.1133779438380577E-015
              1116000   1953.9535889902238        3.0700099966415422E-015
              1118000   1953.9535889902238        3.0273206882520392E-015
              1120000   1953.9535889902238        2.9852982356294650E-015
              1122000   1953.9535889902238        2.9439310805078989E-015
              1124000   1953.9535889902238        2.9032078860746006E-015
              1126000   1953.9535889902238        2.8631175291966642E-015
              1128000   1953.9535889902238        2.8236490987450617E-015
              1130000   1953.9535889902238        2.7847918895783894E-015
              1132000   1953.9535889902238        2.7465353996540974E-015
              1134000   1953.9535889902238        2.7088693244952784E-015
              1136000   1953.9535889902238        2.6717835545756965E-015
              1138000   1953.9535889902238        2.6352681704928600E-015
              1140000   1953.9535889902238        2.5993134370563898E-015
              1142000   1953.9535889902238        2.5639098049493326E-015
              1144000   1953.9535889902238        2.5290479001549405E-015
              1146000   1953.9535889902238        2.4947185267294291E-015
              1148000   1953.9535889902238        2.4609126577955411E-015
              1150000   1953.9535889902238        2.4276214370514820E-015
              1152000   1953.9535889902238        2.3948361695328851E-015
              1154000   1953.9535889902238        2.3625483249985012E-015
              1156000   1953.9535889902238        2.3307495284472641E-015
              1158000   1953.9535889902238        2.2994315617341652E-015
              1160000   1953.9535889902238        2.2685863570770541E-015
              1162000   1953.9535889902238        2.2382059964363971E-015
              1164000   1953.9535889902238        2.2082827069637639E-015
              1166000   1953.9535889902238        2.1788088578554089E-015
              1168000   1953.9535889902238        2.1497769599311401E-015
              1170000   1953.9535889902238        2.1211796594316907E-015
              1172000   1953.9535889902238        2.0930097378239510E-015
              1174000   1953.9535889902238        2.0652601083066201E-015
              1176000   1953.9535889902238        2.0379238133999032E-015
              1178000   1953.9535889902238        2.0109940209501092E-015
              1180000   1953.9535889902238        1.9844640238834076E-015
              1182000   1953.9535889902238        1.9583272369610515E-015
              1184000   1953.9535889902238        1.9325771931003595E-015
              1186000   1953.9535889902238        1.9072075426757213E-015
              1188000   1953.9535889902238        1.8822120502217077E-015
              1190000   1953.9535889902238        1.8575845935603116E-015
              1192000   1953.9535889902238        1.8333191593162857E-015
              1194000   1953.9535889902238        1.8094098421457876E-015
              1196000   1953.9535889902238        1.7858508431467558E-015
              1198000   1953.9535889902238        1.7626364671398485E-015
              1200000   1953.9535889902238        1.7397611200429212E-015
              1202000   1953.9535889902238        1.7172193085825286E-015
              1204000   1953.9535889902238        1.6950056357255577E-015
              1206000   1953.9535889902238        1.6731148009476927E-015
              1208000   1953.9535889902238        1.6515415995481173E-015
              1210000   1953.9535889902238        1.6302809157263342E-015
              1212000   1953.9535889902238        1.6093277272730834E-015
              1214000   1953.9535889902238        1.5886770991221046E-015
              1216000   1953.9535889902238        1.5683241825187456E-015
              1218000   1953.9535889902238        1.5482642156179215E-015
              1220000   1953.9535889902238        1.5284925198716622E-015
              1222000   1953.9535889902238        1.5090044980760081E-015
              1224000   1953.9535889902238        1.4897956340175868E-015
              1226000   1953.9535889902238        1.4708614907384520E-015
              1228000   1953.9535889902238        1.4521977083716440E-015
              1230000   1953.9535889902238        1.4338000035076406E-015
              1232000   1953.9535889902238        1.4156641660336822E-015
              1234000   1953.9535889902238        1.3977860607502133E-015
              1236000   1953.9535889902238        1.3801616231528929E-015
              1238000   1953.9535889902238        1.3627868589617241E-015
              1240000   1953.9535889902238        1.3456578441968623E-015
              1242000   1953.9535889902238        1.3287707212829665E-015
              1244000   1953.9535889902238        1.3121217002377079E-015
              1246000   1953.9535889902238        1.2957070547630053E-015
              1248000   1953.9535889902238        1.2795231245367487E-015
              1250000   1953.9535889902238        1.2635663110170691E-015
              1252000   1953.9535889902238        1.2478330774233155E-015
              1254000   1953.9535889902238        1.2323199469390123E-015
              1256000   1953.9535889902238        1.2170235036880493E-015
              1258000   1953.9535889902238        1.2019403884042169E-015
              1260000   1953.9535889902238        1.1870672997168343E-015
              1262000   1953.9535889902238        1.1724009928375255E-015
              1264000   1953.9535889902238        1.1579382766669936E-015
              1266000   1953.9535889902238        1.1436760163655421E-015
              1268000   1953.9535889902238        1.1296111276599605E-015
              1270000   1953.9535889902238        1.1157405800603620E-015
              1272000   1953.9535889902238        1.1020613940269457E-015
              1274000   1953.9535889902238        1.0885706395386305E-015
              1276000   1953.9535889902238        1.0752654361303859E-015
              1278000   1953.9535889902238        1.0621429520921120E-015
              1280000   1953.9535889902238        1.0492004032749818E-015
              1282000   1953.9535889902238        1.0364350511147640E-015
              1284000   1953.9535889902238        1.0238442036704461E-015
              1286000   1953.9535889902238        1.0114252139292990E-015
              1288000   1953.9535889902238        9.9917547871935120E-016
              1290000   1953.9535889902238        9.8709243832101329E-016
              1292000   1953.9535889902238        9.7517357538565100E-016
              1294000   1953.9535889902238        9.6341641456880275E-016
              1296000   1953.9535889902238        9.5181852147774081E-016
              1298000   1953.9535889902238        9.4037750173532139E-016
              1300000   1953.9535889902238        9.2909100089906526E-016
              1302000   1953.9535889902238        9.1795670289009057E-016
              1304000   1953.9535889902238        9.0697233022709925E-016
              1306000   1953.9535889902238        8.9613564224634868E-016
              1308000   1953.9535889902238        8.8544443595111740E-016
              1310000   1953.9535889902238        8.7489654385942813E-016
              1312000   1953.9535889902238        8.6448983383942882E-016
              1314000   1953.9535889902238        8.5422220925698020E-016
              1316000   1953.9535889902238        8.4409160730449027E-016
              1318000   1953.9535889902238        8.3409599795705952E-016
              1320000   1953.9535889902238        8.2423338605142119E-016
              1322000   1953.9535889902238        8.1450180703787660E-016
              1324000   1953.9535889902238        8.0489932983163484E-016
              1326000   1953.9535889902238        7.9542405295136755E-016
              1328000   1953.9535889902238        7.8607410682928425E-016
              1330000   1953.9535889902238        7.7684765201719210E-016
              1332000   1953.9535889902238        7.6774287820404741E-016
              1334000   1953.9535889902238        7.5875800469982866E-016
              1336000   1953.9535889902238        7.4989127926214882E-016
              1338000   1953.9535889902238        7.4114097757041222E-016
              1340000   1953.9535889902238        7.3250540331727497E-016
              1342000   1953.9535889902238        7.2398288772727374E-016
              1344000   1953.9535889902238        7.1557178689049647E-016
              1346000   1953.9535889902238        7.0727048580773338E-016
              1348000   1953.9535889902238        6.9907739300061339E-016
              1350000   1953.9535889902238        6.9099094354044663E-016
              1352000   1953.9535889902238        6.8300959669269859E-016
              1354000   1953.9535889902238        6.7513183674727420E-016
              1356000   1953.9535889902238        6.6735617142541728E-016
              1358000   1953.9535889902238        6.5968113283071908E-016
              1360000   1953.9535889902238        6.5210527532606690E-016
              1362000   1953.9535889902238        6.4462717669745226E-016
              1364000   1953.9535889902238        6.3724543689989239E-016
              1366000   1953.9535889902238        6.2995867837148504E-016
              1368000   1953.9535889902238        6.2276554458767027E-016
              1370000   1953.9535889902238        6.1566470076822861E-016
              1372000   1953.9535889902238        6.0865483223864728E-016
              1374000   1953.9535889902238        6.0173464636809146E-016
              1376000   1953.9535889902238        5.9490286902489351E-016
              1378000   1953.9535889902238        5.8815824726927001E-016
              1380000   1953.9535889902238        5.8149954694572519E-016
              1382000   1953.9535889902238        5.7492555349341842E-016
              1384000   1953.9535889902238        5.6843507083066632E-016
              1386000   1953.9535889902238        5.6202692163682765E-016
              1388000   1953.9535889902238        5.5569994711401534E-016
              1390000   1953.9535889902238        5.4945300578667777E-016
              1392000   1953.9535889902238        5.4328497411874851E-016
              1394000   1953.9535889902238        5.3719474645301295E-016
              1396000   1953.9535889902238        5.3118123300118085E-016
              1398000   1953.9535889902238        5.2524336152651933E-016
              1400000   1953.9535889902238        5.1938007621794617E-016
              1402000   1953.9535889902238        5.1359033701594545E-016
              1404000   1953.9535889902238        5.0787312038548234E-016
              1406000   1953.9535889902238        5.0222741828125742E-016
              1408000   1953.9535889902238        4.9665223789066767E-016
              1410000   1953.9535889902238        4.9114660114736705E-016
              1412000   1953.9535889902238        4.8570954578712614E-016
              1414000   1953.9535889902238        4.8034012343451876E-016
              1416000   1953.9535889902238        4.7503740066320591E-016
              1418000   1953.9535889902238        4.6980045788266181E-016
              1420000   1953.9535889902238        4.6462838916667407E-016
              1422000   1953.9535889902238        4.5952030304670069E-016
              1424000   1953.9535889902238        4.5447532089266030E-016
              1426000   1953.9535889902238        4.4949257769428783E-016
              1428000   1953.9535889902238        4.4457122108754191E-016
              1430000   1953.9535889902238        4.3971041192287979E-016
              1432000   1953.9535889902238        4.3490932310452361E-016
              1434000   1953.9535889902238        4.3016714092856868E-016
              1436000   1953.9535889902238        4.2548306283454512E-016
              1438000   1953.9535889902238        4.2085629885511475E-016
              1440000   1953.9535889902238        4.1628607057480904E-016
              1442000   1953.9535889902238        4.1177161142141310E-016
              1444000   1953.9535889902238        4.0731216602341076E-016
              1446000   1953.9535889902238        4.0290699053738267E-016
              1448000   1953.9535889902238        3.9855535192601027E-016
              1450000   1953.9535889902238        3.9425652764151090E-016
              1452000   1953.9535889902238        3.9000980689701409E-016
              1454000   1953.9535889902238        3.8581448869754478E-016
              1456000   1953.9535889902238        3.8166988219934181E-016
              1458000   1953.9535889902238        3.7757530731352183E-016
              1460000   1953.9535889902238        3.7353009363686695E-016
              1462000   1953.9535889902238        3.6953358103917895E-016
              1464000   1953.9535889902238        3.6558511857833507E-016
              1466000   1953.9535889902238        3.6168406492253218E-016
              1468000   1953.9535889902238        3.5782978840742022E-016
              1470000   1953.9535889902238        3.5402166682050941E-016
              1472000   1953.9535889902238        3.5025908647079794E-016
              1474000   1953.9535889902238        3.4654144288681330E-016
              1476000   1953.9535889902238        3.4286814067703748E-016
              1478000   1953.9535889902238        3.3923859255003920E-016
              1480000   1953.9535889902238        3.3565222021733836E-016
              1482000   1953.9535889902238        3.3210845359860154E-016
              1484000   1953.9535889902238        3.2860673114675302E-016
              1486000   1953.9535889902238        3.2514649913647233E-016
              1488000   1953.9535889902238        3.2172721183467660E-016
              1490000   1953.9535889902238        3.1834833152333650E-016
              1492000   1953.9535889902238        3.1500932844669820E-016
              1494000   1953.9535889902238        3.1170968016197839E-016
              1496000   1953.9535889902238        3.0844887176075506E-016
              1498000   1953.9535889902238        3.0522639594487865E-016
              1500000   1953.9535889902238        3.0204175254303325E-016
              1502000   1953.9535889902238        2.9889444847380323E-016
              1504000   1953.9535889902238        2.9578399823072947E-016
              1506000   1953.9535889902238        2.9270992235166002E-016
              1508000   1953.9535889902238        2.8967174911160902E-016
              1510000   1953.9535889902238        2.8666901292045474E-016
              1512000   1953.9535889902238        2.8370125507495463E-016
              1514000   1953.9535889902238        2.8076802333091201E-016
              1516000   1953.9535889902238        2.7786887197277415E-016
              1518000   1953.9535889902238        2.7500336154148447E-016
              1520000   1953.9535889902238        2.7217105876094431E-016
              1522000   1953.9535889902238        2.6937153632168882E-016
              1524000   1953.9535889902238        2.6660437335374416E-016
              1526000   1953.9535889902238        2.6386915458702036E-016
              1528000   1953.9535889902238        2.6116547077741107E-016
              1530000   1953.9535889902238        2.5849291841616058E-016
              1532000   1953.9535889902238        2.5585109964818811E-016
              1534000   1953.9535889902238        2.5323962222244389E-016
              1536000   1953.9535889902238        2.5065809953530094E-016
              1538000   1953.9535889902238        2.4810614969069095E-016
              1540000   1953.9535889902238        2.4558339730065965E-016
              1542000   1953.9535889902238        2.4308947125709109E-016
              1544000   1953.9535889902238        2.4062400606984884E-016
              1546000   1953.9535889902238        2.3818664139217004E-016
              1548000   1953.9535889902238        2.3577702135002682E-016
              1550000   1953.9535889902238        2.3339479577778037E-016
              1552000   1953.9535889902238        2.3103961887287359E-016
              1554000   1953.9535889902238        2.2871114980151107E-016
              1556000   1953.9535889902238        2.2640905236351147E-016
              1558000   1953.9535889902238        2.2413299510342865E-016
              1560000   1953.9535889902238        2.2188265105404489E-016
              1562000   1953.9535889902238        2.1965769784797281E-016
              1564000   1953.9535889902238        2.1745781735073535E-016
              1566000   1953.9535889902238        2.1528269616063789E-016
              1568000   1953.9535889902238        2.1313202487170778E-016
              1570000   1953.9535889902238        2.1100549855832467E-016
              1572000   1953.9535889902238        2.0890281602109284E-016
              1574000   1953.9535889902238        2.0682368108294434E-016
              1576000   1953.9535889902238        2.0476780067306189E-016
              1578000   1953.9535889902238        2.0273488606692626E-016
              1580000   1953.9535889902238        2.0072465275524293E-016
              1582000   1953.9535889902238        1.9873681968211721E-016
              1584000   1953.9535889902238        1.9677110996531787E-016
              1586000   1953.9535889902238        1.9482725014538981E-016
              1588000   1953.9535889902238        1.9290497080035309E-016
              1590000   1953.9535889902238        1.9100400580394503E-016
              1592000   1953.9535889902238        1.8912409303277181E-016
              1594000   1953.9535889902238        1.8726497361261435E-016
              1596000   1953.9535889902238        1.8542639235779786E-016
              1598000   1953.9535889902238        1.8360809738601107E-016
              1600000   1953.9535889902238        1.8180984033729705E-016
              1602000   1953.9535889902238        1.8003137586968105E-016
              1604000   1953.9535889902238        1.7827246245103647E-016
              1606000   1953.9535889902238        1.7653286142204756E-016
              1608000   1953.9535889902238        1.7481233740176071E-016
              1610000   1953.9535889902238        1.7311065816160585E-016
              1612000   1953.9535889902238        1.7142759473691030E-016
              1614000   1953.9535889902238        1.6976292103995004E-016
              1616000   1953.9535889902238        1.6811641389615959E-016
              1618000   1953.9535889902238        1.6648785342307175E-016
              1620000   1953.9535889902238        1.6487702244195707E-016
              1622000   1953.9535889902238        1.6328370673239795E-016
              1624000   1953.9535889902238        1.6170769484143732E-016
              1626000   1953.9535889902238        1.6014877830708421E-016
              1628000   1953.9535889902238        1.5860675124759745E-016
              1630000   1953.9535889902238        1.5708141045101106E-016
              1632000   1953.9535889902238        1.5557255557033905E-016
              1634000   1953.9535889902238        1.5407998897508956E-016
              1636000   1953.9535889902238        1.5260351535254040E-016
              1638000   1953.9535889902238        1.5114294203967850E-016
              1640000   1953.9535889902238        1.4969807909367208E-016
              1642000   1953.9535889902238        1.4826873902868020E-016
              1644000   1953.9535889902238        1.4685473645407644E-016
              1646000   1953.9535889902238        1.4545588903413187E-016
              1648000   1953.9535889902238        1.4407201624006102E-016
              1650000   1953.9535889902238        1.4270294021494420E-016
              1652000   1953.9535889902238        1.4134848537433308E-016
              1654000   1953.9535889902238        1.4000847833588706E-016
              1656000   1953.9535889902238        1.3868274813693129E-016
              1658000   1953.9535889902238        1.3737112581712485E-016
              1660000   1953.9535889902238        1.3607344481309302E-016
              1662000   1953.9535889902238        1.3478954059687960E-016
              1664000   1953.9535889902238        1.3351925088844489E-016
              1666000   1953.9535889902238        1.3226241547602632E-016
              1668000   1953.9535889902238        1.3101887591464467E-016
              1670000   1953.9535889902238        1.2978847642293215E-016
              1672000   1953.9535889902238        1.2857106281862974E-016
              1674000   1953.9535889902238        1.2736648289486756E-016
              1676000   1953.9535889902238        1.2617458630867720E-016
              1678000   1953.9535889902238        1.2499522517727884E-016
              1680000   1953.9535889902238        1.2382825289211192E-016
              1682000   1953.9535889902238        1.2267352514352546E-016
              1684000   1953.9535889902238        1.2153089919158319E-016
              1686000   1953.9535889902238        1.2040023451676866E-016
              1688000   1953.9535889902238        1.1928139192028940E-016
              1690000   1953.9535889902238        1.1817423409094404E-016
              1692000   1953.9535889902238        1.1707862587349599E-016
              1694000   1953.9535889902238        1.1599443327676752E-016
              1696000   1953.9535889902238        1.1492152441977754E-016
              1698000   1953.9535889902238        1.1385976890898417E-016
              1700000   1953.9535889902238        1.1280903804022423E-016
              1702000   1953.9535889902238        1.1176920477669306E-016
              1704000   1953.9535889902238        1.1074014360141764E-016
              1706000   1953.9535889902238        1.0972173080589156E-016
              1708000   1953.9535889902238        1.0871384379622921E-016
              1710000   1953.9535889902238        1.0771636204204004E-016
              1712000   1953.9535889902238        1.0672916635998136E-016
              1714000   1953.9535889902238        1.0575213871952295E-016
              1716000   1953.9535889902238        1.0478516319958818E-016
              1718000   1953.9535889902238        1.0382812467062163E-016
              1720000   1953.9535889902238        1.0288091018041132E-016
              1722000   1953.9535889902238        1.0194340736066704E-016
              1724000   1953.9535889902238        1.0101550604452932E-016
              1726000   1953.9535889902238        1.0009709683917202E-016
              1728000   1953.9535889902238        9.9188072117402799E-017
              1730000   1953.9535889902238        9.8288325463745685E-017
              1732000   1953.9535889902238        9.7397751542091528E-017
              1734000   1953.9535889902238        9.6516246757595975E-017
              1736000   1953.9535889902238        9.5643708464646168E-017
              1738000   1953.9535889902238        9.4780035445491326E-017
              1740000   1953.9535889902238        9.3925127869315199E-017
              1742000   1953.9535889902238        9.3078886738857760E-017
              1744000   1953.9535889902238        9.2241214792273275E-017
              1746000   1953.9535889902238        9.1412015550810809E-017
              1748000   1953.9535889902238        9.0591193893465588E-017
              1750000   1953.9535889902238        8.9778655821179474E-017
              1752000   1953.9535889902238        8.8974308730905432E-017
              1754000   1953.9535889902238        8.8178060773079424E-017
              1756000   1953.9535889902238        8.7389821526205110E-017
              1758000   1953.9535889902238        8.6609501512484069E-017
              1760000   1953.9535889902238        8.5837012457408304E-017
              1762000   1953.9535889902238        8.5072267165341433E-017
              1764000   1953.9535889902238        8.4315179375040811E-017
              1766000   1953.9535889902238        8.3565664128083910E-017
              1768000   1953.9535889902238        8.2823637126205945E-017
              1770000   1953.9535889902238        8.2089015495107296E-017
              1772000   1953.9535889902238        8.1361717106757008E-017
              1774000   1953.9535889902238        8.0641660894379999E-017
              1776000   1953.9535889902238        7.9928766993766669E-017
              1778000   1953.9535889902238        7.9222956078795003E-017
              1780000   1953.9535889902238        7.8524150274234462E-017
              1782000   1953.9535889902238        7.7832272202013904E-017
              1784000   1953.9535889902238        7.7147245830365179E-017
              1786000   1953.9535889902238        7.6468995606127350E-017
              1788000   1953.9535889902238        7.5797447296663297E-017
              1790000   1953.9535889902238        7.5132527214882855E-017
              1792000   1953.9535889902238        7.4474162957714398E-017
              1794000   1953.9535889902238        7.3822282648037692E-017
              1796000   1953.9535889902238        7.3176815518700766E-017
              1798000   1953.9535889902238        7.2537691312088124E-017
              1800000   1953.9535889902238        7.1904841006133461E-017
              1802000   1953.9535889902238        7.1278196235308342E-017
              1804000   1953.9535889902238        7.0657689439509034E-017
              1806000   1953.9535889902238        7.0043253791516005E-017
              1808000   1953.9535889902238        6.9434823405350746E-017
              1810000   1953.9535889902238        6.8832333170257283E-017
              1812000   1953.9535889902238        6.8235718688909115E-017
              1814000   1953.9535889902238        6.7644916373974486E-017
              1816000   1953.9535889902238        6.7059863262901637E-017
              1818000   1953.9535889902238        6.6480497425829221E-017
              1820000   1953.9535889902238        6.5906757299148852E-017
              1822000   1953.9535889902238        6.5338582491668348E-017
              1824000   1953.9535889902238        6.4775912804816481E-017
              1826000   1953.9535889902238        6.4218689201909866E-017
              1828000   1953.9535889902238        6.3666853034666460E-017
              1830000   1953.9535889902238        6.3120346665220835E-017
              1832000   1953.9535889902238        6.2579112820776320E-017
              1834000   1953.9535889902238        6.2043095065169048E-017
              1836000   1953.9535889902238        6.1512237624297760E-017
              1838000   1953.9535889902238        6.0986485243112162E-017
              1840000   1953.9535889902238        6.0465783602464824E-017
              1842000   1953.9535889902238        5.9950078733294506E-017
              1844000   1953.9535889902238        5.9439317384609344E-017
              1846000   1953.9535889902238        5.8933446938816714E-017
              1848000   1953.9535889902238        5.8432415518434904E-017
              1850000   1953.9535889902238        5.7936171673717269E-017
              1852000   1953.9535889902238        5.7444664614844531E-017
              1854000   1953.9535889902238        5.6957844230068982E-017
              1856000   1953.9535889902238        5.6475660716743845E-017
              1858000   1953.9535889902238        5.5998065271165354E-017
              1860000   1953.9535889902238        5.5525009264781745E-017
              1862000   1953.9535889902238        5.5056444840579975E-017
              1864000   1953.9535889902238        5.4592324774309031E-017
              1866000   1953.9535889902238        5.4132602130998106E-017
              1868000   1953.9535889902238        5.3677230724513629E-017
              1870000   1953.9535889902238        5.3226164791593997E-017
              1872000   1953.9535889902238        5.2779359230487501E-017
              1874000   1953.9535889902238        5.2336769279373079E-017
              1876000   1953.9535889902238        5.1898350833852642E-017
              1878000   1953.9535889902238        5.1464060243491679E-017
              1880000   1953.9535889902238        5.1033854315508341E-017
              1882000   1953.9535889902238        5.0607690424328917E-017
              1884000   1953.9535889902238        5.0185526512720270E-017
              1886000   1953.9535889902238        4.9767320823913824E-017
              1888000   1953.9535889902238        4.9353032159235637E-017
              1890000   1953.9535889902238        4.8942619750058947E-017
              1892000   1953.9535889902238        4.8536043296753323E-017
              1894000   1953.9535889902238        4.8133263244264839E-017
              1896000   1953.9535889902238        4.7734239980686955E-017
              1898000   1953.9535889902238        4.7338934688921906E-017
              1900000   1953.9535889902238        4.6947308946620106E-017
              1902000   1953.9535889902238        4.6559324722056080E-017
              1904000   1953.9535889902238        4.6174944420549097E-017
              1906000   1953.9535889902238        4.5794130845314679E-017
              1908000   1953.9535889902238        4.5416847301448093E-017
              1910000   1953.9535889902238        4.5043057449346716E-017
              1912000   1953.9535889902238        4.4672725456728699E-017
              1914000   1953.9535889902238        4.4305815664684228E-017
              1916000   1953.9535889902238        4.3942293012176835E-017
              1918000   1953.9535889902238        4.3582122799546606E-017
              1920000   1953.9535889902238        4.3225270798169621E-017
              1922000   1953.9535889902238        4.2871702946068526E-017
              1924000   1953.9535889902238        4.2521385685532818E-017
              1926000   1953.9535889902238        4.2174286003401177E-017
              1928000   1953.9535889902238        4.1830370898730039E-017
              1930000   1953.9535889902238        4.1489608003914295E-017
              1932000   1953.9535889902238        4.1151965290703882E-017
              1934000   1953.9535889902238        4.0817411020028848E-017
              1936000   1953.9535889902238        4.0485913801138680E-017
              1938000   1953.9535889902238        4.0157442650838772E-017
              1940000   1953.9535889902238        3.9831966917882419E-017
              1942000   1953.9535889902238        3.9509456287639018E-017
              1944000   1953.9535889902238        3.9189880716122986E-017
              1946000   1953.9535889902238        3.8873210550823315E-017
              1948000   1953.9535889902238        3.8559416510107740E-017
              1950000   1953.9535889902238        3.8248469587612488E-017
              1952000   1953.9535889902238        3.7940341072152357E-017
              1954000   1953.9535889902238        3.7635002710811059E-017
              1956000   1953.9535889902238        3.7332426349146074E-017
              1958000   1953.9535889902238        3.7032584231505953E-017
              1960000   1953.9535889902238        3.6735448995813563E-017
              1962000   1953.9535889902238        3.6440993527283514E-017
              1964000   1953.9535889902238        3.6149190948621580E-017
              1966000   1953.9535889902238        3.5860014743314789E-017
              1968000   1953.9535889902238        3.5573438706936084E-017
              1970000   1953.9535889902238        3.5289436797263932E-017
              1972000   1953.9535889902238        3.5007983432158796E-017
              1974000   1953.9535889902238        3.4729053127510356E-017
              1976000   1953.9535889902238        3.4452620916765278E-017
              1978000   1953.9535889902238        3.4178661803385539E-017
              1980000   1953.9535889902238        3.3907151365930099E-017
              1982000   1953.9535889902238        3.3638065199296901E-017
              1984000   1953.9535889902238        3.3371379350485092E-017
              1986000   1953.9535889902238        3.3107070000414578E-017
              1988000   1953.9535889902238        3.2845113660974759E-017
              1990000   1953.9535889902238        3.2585487079512426E-017
              1992000   1953.9535889902238        3.2328167278319661E-017
              1994000   1953.9535889902238        3.2073131446841873E-017
              1996000   1953.9535889902238        3.1820357051710564E-017
              1998000   1953.9535889902238        3.1569821985546008E-017
              2000000   1953.9535889902238        3.1321504044081506E-017
