                 2000   2.8891363622468936E-003  -7.2782611304851033E-004
                 4000   2.0357197151324041E-002   4.2599096267759377E-003
                 6000   1.1564355255597823E-003  -6.8061717965980505E-004
                 8000   2.0473616608451416E-004  -6.3199177681811107E-004
                10000   6.8319921968620625E-003  -6.2706246238849409E-004
                12000   8.2640024732494755E-003  -5.1002835945450136E-004
                14000   3.0872061627846821E-004  -6.3925809179138729E-004
                16000   9.1321766641013380E-004  -6.7153739448135106E-004
                18000   1.7040201026504845E-002   1.7115353025165315E-003
                20000   3.4827864008167408E-003  -7.3491430119333539E-004
                22000   8.2830969633662202E-006  -6.2303349166745420E-004
                24000   2.4548527556895036E-003  -7.2533134126291784E-004
                26000   2.1669159832594678E-002   9.2184158089568188E-003
                28000   1.3980385568571803E-003  -6.9556545740489715E-004
                30000   1.3388844013872552E-004  -6.3301270828805014E-004
                32000   5.8216419734134972E-003  -6.8841192320188115E-004
                34000   9.7586603063131994E-003  -3.4006543157050591E-004
                36000   4.1704147351144630E-004  -6.5114203376997548E-004
                38000   7.3471025394673622E-004  -6.6855228006562769E-004
                40000   1.4358643300995582E-002   6.4636453151268344E-004
                42000   4.0789134178911548E-003  -7.3798154124138653E-004
                44000   3.0566845447439893E-005  -6.2987231334371671E-004
                46000   2.0786871025585329E-003  -7.2205964297226738E-004
                48000   1.3249780376801574E-002   2.1702758830807231E-002
                50000   1.6740413846016748E-003  -7.1060238349242755E-004
                52000   7.8821866188284154E-005  -6.3435955904279147E-004
                54000   4.9710341713909093E-003  -7.2368425981623552E-004
                56000   1.1559022003295817E-002  -4.9147792897656720E-005
                58000   5.4433517152991176E-004  -6.6231813051709785E-004
                60000   5.8063356963726856E-004  -6.6453772209899386E-004
                62000   1.2083370242730708E-002   5.5811051826881807E-005
                64000   4.7725933118322426E-003  -7.3016993628108361E-004
                66000   6.7016280772557165E-005  -6.3552660026621648E-004
                68000   1.7518306479436955E-003  -7.1571064668982554E-004
                70000   6.8917789911877156E-003   2.7123431164075819E-002
                72000   1.9894476080013490E-003  -7.2332721719057776E-004
                74000   3.8684844823882967E-005  -6.3453918019742593E-004
                76000   4.2491725283705494E-003  -7.4103981772196380E-004
                78000   1.3726428439375054E-002   4.5425926374584622E-004
                80000   6.9237258945539218E-004  -6.7240975050498954E-004
                82000   4.4838429232261275E-004  -6.5949521246390017E-004
                84000   1.0196806385383264E-002  -2.8513863920580146E-004
                86000   5.5852365560815874E-003  -7.0675830074655422E-004
                88000   1.1803635049522032E-004  -6.4049909749304846E-004
                90000   1.4669847876125726E-003  -7.0750180779257234E-004
                92000   2.1095432882770031E-002   1.1410584027495525E-002
                94000   2.3506780094385629E-003  -7.3394102466756931E-004
                96000   1.2876326326462348E-005  -6.3433795408067873E-004
                98000   3.6319745628932399E-003  -7.4710036287135287E-004
               100000   1.6294645608523162E-002   1.3501644904936468E-003
               102000   8.6338051175353881E-004  -6.8216361688664610E-004
               104000   3.3587575731533389E-004  -6.5426552783470814E-004
               106000   8.6363179490517548E-003  -4.8676075262922769E-004
               108000   6.5442210329611219E-003  -6.6054778975163566E-004
               110000   1.8425503346339975E-004  -6.4551236746010791E-004
               112000   1.2183814246834717E-003  -6.9855632242892831E-004
               114000   2.0999622073794390E-002   5.2083310310269103E-003
               116000   2.7655865148828967E-003  -7.4228602530142425E-004
               118000   1.0322707236012628E-006  -6.3435927842829792E-004
               120000   3.1009874332740949E-003  -7.4615982008611516E-004
               122000   1.9145897076297842E-002   3.0310997522990804E-003
               124000   1.0600260488842575E-003  -6.9200149549844428E-004
               126000   2.4147303623127113E-004  -6.4936364625217062E-004
               128000   7.3398512759620116E-003  -6.0693096938111248E-004
               130000   7.6843196072465397E-003  -5.7910166585661447E-004
               132000   2.6651184005773966E-004  -6.5096581314184518E-004
               134000   1.0014365645265120E-003  -6.8954553686392567E-004
               136000   1.8330158321346265E-002   2.4349891289143348E-003
               138000   3.2438142085965218E-003  -7.4752154580407090E-004
               140000   2.9894829397573639E-006  -6.3491944235401752E-004
               142000   2.6418781251152804E-003  -7.4093500193810654E-004
               144000   2.1508335704370746E-002   6.4636424295117590E-003
               146000   1.2855055213853819E-003  -7.0204756272827231E-004
               148000   1.6388826408410024E-004  -6.4505421600934945E-004
               150000   6.2555091977464150E-003  -6.7780662573495331E-004
               152000   9.0494940799286626E-003  -4.4114948467561345E-004
               154000   3.6587396991026214E-004  -6.5705306144699571E-004
               156000   8.1244632853603646E-004  -6.8085545907848558E-004
               158000   1.5527954001030334E-002   1.0378768112963778E-003
               160000   3.7973321370494951E-003  -7.4805075983910710E-004
               162000   1.8763187684208513E-005  -6.3617722071483045E-004
               164000   2.2433362660583562E-003  -7.3317272380420584E-004
               166000   1.9514306382008264E-002   1.4484395394849831E-002
               168000   1.5436743587333086E-003  -7.1222654393138739E-004
               170000   1.0210902255734741E-004  -6.4147105586068415E-004
               172000   5.3420041799756048E-003  -7.1809204828300415E-004
               174000   1.0693994723451001E-002  -2.0955543125635289E-004
               176000   4.8366661495138967E-004  -6.6385895176286690E-004
               178000   6.4838308156410225E-004  -6.7271227453390039E-004
               180000   1.3074863038604917E-002   2.7889288923718832E-004
               182000   4.4411535990073175E-003  -7.4128537039087731E-004
               184000   4.8539499768606094E-005  -6.3821379870471098E-004
               186000   1.8963256650943094E-003  -7.2401736020916456E-004
               188000   5.3609994296632206E-004   3.1945253120533666E-002
               190000   1.8392102849586556E-003  -7.2229924020820991E-004
               192000   5.5354303731210680E-005  -6.3868286393180609E-004
               194000   4.5669962756490871E-003  -7.3907298686883981E-004
               196000   1.2679769625059359E-002   1.8324766681460146E-004
               198000   6.2151399217589447E-004  -6.7140651901910259E-004
               200000   5.0675752031323601E-004  -6.6525143098406468E-004
               202000   1.1021733770063616E-002  -1.5404146462127361E-004
               204000   5.1942628618912396E-003  -7.2316394035260815E-004
               206000   9.2677392066242191E-005  -6.4107179820854527E-004
               208000   1.5935583222726080E-003  -7.1422949570240299E-004
               210000   1.7745961903590707E-002   1.6920891671549539E-002
               212000   2.1778201970804531E-003  -7.3184901001431459E-004
               214000   2.3046424199976787E-005  -6.3672565587751548E-004
               216000   3.9052130827437826E-003  -7.4776388618364212E-004
               218000   1.5060172107125732E-002   8.6745786029543469E-004
               220000   7.8139197502922466E-004  -6.7967553229699123E-004
               222000   3.8552005427771880E-004  -6.5855496488157817E-004
               224000   9.3210386656431207E-003  -4.0851018633784278E-004
               226000   6.0808216524823912E-003  -6.8728994726368915E-004
               228000   1.5171733629842997E-004  -6.4477342140967730E-004
               230000   1.3291118379749314E-003  -7.0431937667790557E-004
               232000   2.1695027648591401E-002   7.4191764081570988E-003
               234000   2.5665073044768942E-003  -7.4022852827889437E-004
               236000   4.7925613254270654E-006  -6.3561878329055244E-004
               238000   3.3368372819001656E-003  -7.4863077543029096E-004
               240000   1.7814279895451136E-002   2.1138958597011811E-003
               242000   9.6569503773397342E-004  -6.8860574531783166E-004
               244000   2.8298725050349821E-004  -6.5267244481845711E-004
               246000   7.9104601637195633E-003  -5.6020946791234287E-004
               248000   7.1316934784060558E-003  -6.2340779774346371E-004
               250000   2.2639581645933141E-004  -6.4932846824794315E-004
               252000   1.0981443096884185E-003  -6.9463086211068569E-004
               254000   1.9648852803372446E-002   3.4711017884669700E-003
               256000   3.0139203995244879E-003  -7.4646260399432909E-004
               258000   3.7297891046475439E-007  -6.3537302918397149E-004
               260000   2.8462353977908540E-003  -7.4457326752884977E-004
               262000   2.0589044687993149E-002   4.5481366107688777E-003
               264000   1.1773214670903341E-003  -6.9809042005748831E-004
               266000   1.9778570193524218E-004  -6.4763330319293441E-004
               268000   6.7340265838076434E-003  -6.5043804259817036E-004
               270000   8.3862173320574732E-003  -5.1463902089784238E-004
               272000   3.1766596157406171E-004  -6.5473718897328696E-004
               274000   8.9667839416893006E-004  -6.8539566306389523E-004
               276000   1.6793836677580738E-002   1.5749908848950744E-003
               278000   3.5308142018954016E-003  -7.4908951066796688E-004
               280000   9.7346025482607035E-006  -6.3599475724556603E-004
               282000   2.4209870893982200E-003  -7.3750368941204896E-004
               284000   2.1557079016363740E-002   9.8506766051863551E-003
               286000   1.4197821945641930E-003  -7.0796148968773026E-004
               288000   1.2880881389422275E-004  -6.4345442279429524E-004
               290000   5.7460705758529493E-003  -7.0284892311600579E-004
               292000   9.8937843067409374E-003  -3.3225953736784928E-004
               294000   4.2672517170564241E-004  -6.6099012657556326E-004
               296000   7.2143584006783602E-004  -6.7676916961932642E-004
               298000   1.4160192682286597E-002   5.7603307841990305E-004
               300000   4.1306590104197389E-003  -7.4590591753724783E-004
               302000   3.2989357776723943E-005  -6.3748797090454519E-004
               304000   2.0511523860325441E-003  -7.2869873327483002E-004
               306000   1.1518992180191801E-002   2.3270045518401807E-002
               308000   1.6973404723021979E-003  -7.1796515705120970E-004
               310000   7.5183595523045497E-005  -6.4014496585878286E-004
               312000   4.9105010882129598E-003  -7.3152736788489588E-004
               314000   1.1713546356559483E-002  -2.5297406947222917E-005
               316000   5.5505112794817591E-004  -6.6806575910791034E-004
               318000   5.6970956482456413E-004  -6.6885454704325225E-004
               320000   1.1925201741182700E-002   1.7405687413857350E-005
               322000   4.8304486902770562E-003  -7.3355199384486289E-004
               324000   7.0417087921161210E-005  -6.3985515443680074E-004
               326000   1.7287197070451803E-003  -7.1901843270149451E-004
               328000   8.9255143719092038E-003   2.5478815222760166E-002
               330000   2.0151922042889515E-003  -7.2772451097864537E-004
               332000   3.6245450810715001E-005  -6.3770951519359414E-004
               334000   4.1990555805208668E-003  -7.4513118884147436E-004
               336000   1.3906581563218195E-002   5.0158715732573074E-004
               338000   7.0444813576627234E-004  -6.7592603860364749E-004
               340000   4.3926407205950493E-004  -6.6171918109476154E-004
               342000   1.0069055818142108E-002  -3.0709716081825389E-004
               344000   5.6517648513036475E-003  -7.0682116562221305E-004
               346000   1.2247313613978258E-004  -6.4309729488383005E-004
               348000   1.4471890226354866E-003  -7.0904554779968772E-004
               350000   2.1328557304772715E-002   1.0727590806523600E-002
               352000   2.3797003106343787E-003  -7.3668301934037665E-004
               354000   1.1519554238860628E-005  -6.3615012928204388E-004
               356000   3.5895939563657287E-003  -7.4912185021501737E-004
               358000   1.6500910435014598E-002   1.4392075202981193E-003
               360000   8.7710643690043575E-004  -6.8450944635712360E-004
               362000   3.2825755078528596E-004  -6.5540603304221467E-004
               364000   8.5316768014949210E-003  -4.9965922318291481E-004
               366000   6.6221500691841066E-003  -6.5747811631034392E-004
               368000   1.8980090357649006E-004  -6.4721323725169507E-004
               370000   1.2012555722767904E-003  -6.9917601166599806E-004
               372000   2.0836226590543072E-002   4.9229090631763743E-003
               374000   2.7987013563316888E-003  -7.4401865334728571E-004
               376000   7.0782344078242575E-007  -6.3546766133131525E-004
               378000   3.0646919860625055E-003  -7.4701824778249137E-004
               380000   1.9355646514561484E-002   3.2055352947265355E-003
               382000   1.0756780038124192E-003  -6.9372074099302464E-004
               384000   2.3518079496192342E-004  -6.4994154958645384E-004
               386000   7.2531138075531687E-003  -6.1456925685812128E-004
               388000   7.7767878516040133E-003  -5.7216342884825887E-004
               390000   2.7324993750096758E-004  -6.5219837811114427E-004
               392000   9.8656847799248409E-004  -6.8967862251486300E-004
               394000   1.8116970654998163E-002   2.2971107271413621E-003
               396000   3.2819092501324382E-003  -7.4851163813202844E-004
               398000   3.6808294056631173E-006  -6.3566254680775711E-004
               400000   2.6105478579107558E-003  -7.4112683968480513E-004
               402000   2.1600755296498152E-002   6.8400245579834252E-003
               404000   1.3033735047174838E-003  -7.0341603225163344E-004
               406000   1.5880936569243531E-004  -6.4534120582834169E-004
               408000   6.1828820240494948E-003  -6.8227199000060192E-004
               410000   9.1602722428174837E-003  -4.2852356786309177E-004
               412000   3.7390039455766766E-004  -6.5804259235146992E-004
               414000   7.9954537200658995E-004  -6.8073503103665027E-004
               416000   1.5333550695340696E-002   9.6493446142123670E-004
               418000   3.8414494097238094E-003  -7.4833716696718071E-004
               420000   2.0474259317491001E-005  -6.3673517375988304E-004
               422000   2.2161510614663281E-003  -7.3298005296072504E-004
               424000   1.8872648566946371E-002   1.5435205248904408E-002
               426000   1.5640867137615973E-003  -7.1338103621872129E-004
               428000   9.8166346335700754E-005  -6.4161339925776365E-004
               430000   5.2806586266458365E-003  -7.2059152017691036E-004
               432000   1.0827538359543852E-002  -1.8770402390282340E-004
               434000   4.9309509112755920E-004  -6.6472717932091624E-004
               436000   6.3722916604966762E-004  -6.7246688237896377E-004
               438000   1.2910499414736432E-002   2.3797280733355787E-004
               440000   4.4925673079061427E-003  -7.4073360971486446E-004
               442000   5.1289785621097416E-005  -6.3868588884591424E-004
               444000   1.8726551187818765E-003  -7.2360659910150767E-004
               446000   1.7287801281613041E-005   3.2329296163794298E-002
               448000   1.8625548289069301E-003  -7.2329917572452234E-004
               450000   5.2493711853934306E-005  -6.3876217805025105E-004
               452000   4.5147865632518755E-003  -7.4033306326070681E-004
               454000   1.2840723560971582E-002   2.2110597505157331E-004
               456000   6.3248082314640037E-004  -6.7222048228386905E-004
               458000   4.9717675218540315E-004  -6.6495445330071472E-004
               460000   1.0885446314700342E-002  -1.7787261151896777E-004
               462000   5.2545659594041881E-003  -7.2145834107030580E-004
               464000   9.6500415532910057E-005  -6.4151464522304051E-004
               466000   1.5729040496084393E-003  -7.1370204246533635E-004
               468000   1.8561256706765651E-002   1.5865692047330467E-002
               470000   2.2045661884115210E-003  -7.3270429094733094E-004
               472000   2.1230831142696949E-005  -6.3678913060180944E-004
               474000   3.8604893057553515E-003  -7.4823592189157521E-004
               476000   1.5250992238254046E-002   9.3494369988787263E-004
               478000   7.9406123857782447E-004  -6.8047165302549423E-004
               480000   3.7737210408573846E-004  -6.5824957858022720E-004
               482000   9.2082552380268832E-003  -4.2268317768053509E-004
               484000   6.1520308157539229E-003  -6.8386979863485652E-004
               486000   1.5666060680783017E-004  -6.4522025652700586E-004
               488000   1.3110735239020800E-003  -7.0373862512956267E-004
               490000   2.1634004230800398E-002   7.0087980082169576E-003
               492000   2.5972310769855149E-003  -7.4090961886962752E-004
               494000   3.9990009380509075E-006  -6.3569465660106845E-004
               496000   3.2983155411858557E-003  -7.4860245244232385E-004
               498000   1.8025991802091443E-002   2.2406861881327372E-003
               500000   9.8026434142686031E-004  -6.8940176943367614E-004
               502000   2.7615819625823664E-004  -6.5238469165993494E-004
               504000   7.8167209164946433E-003  -5.6868597586780039E-004
               506000   7.2163759989205033E-003  -6.1732774385784867E-004
               508000   2.3252165283893977E-004  -6.4979917655293542E-004
               510000   1.0823974456772606E-003  -6.9403724465383885E-004
               512000   1.9444385008746082E-002   3.2832766391598452E-003
               514000   3.0493370420682816E-003  -7.4689949082956490E-004
               516000   5.9122161082844395E-007  -6.3547876559022997E-004
               518000   2.8129051362596833E-003  -7.4423178993893732E-004
               520000   2.0763807119095611E-002   4.8071135714504686E-003
               522000   1.1940287501222985E-003  -6.9889111763128458E-004
               524000   1.9218360644818102E-004  -6.4737918736325947E-004
               526000   6.6555973263102254E-003  -6.5544607919629824E-004
               528000   8.4876271282170249E-003  -5.0429700299630352E-004
               530000   3.2505308160146778E-004  -6.5524366978645711E-004
               532000   8.8295838927145544E-004  -6.8481536801143347E-004
               534000   1.6588640025070912E-002   1.4790443012000797E-003
               536000   3.5718178032404296E-003  -7.4916124284313832E-004
               538000   1.0966690436983155E-005  -6.3614149437511550E-004
               540000   2.3920440490682220E-003  -7.3697290510881517E-004
               542000   2.1408557446224788E-002   1.0455010885882323E-002
               544000   1.4389142491381451E-003  -7.0876084352078383E-004
               546000   1.2436073239450033E-004  -6.4324391473571528E-004
               548000   5.6799731560311624E-003  -7.0569564224299219E-004
               550000   1.0015943994203368E-002  -3.1486185374286855E-004
               552000   4.3547110763962019E-004  -6.6153916604650559E-004
               554000   7.0952603785266928E-004  -6.7621936715265402E-004
               556000   1.3982319931824937E-002   5.2344102885725505E-004
               558000   4.1783745608568439E-003  -7.4541902099165610E-004
               560000   3.5249728831144126E-005  -6.3768299154781584E-004
               562000   2.0259498207934427E-003  -7.2806160066922465E-004
               564000   9.7361337380294684E-003   2.4804642334696876E-002
               566000   1.7192440788305864E-003  -7.1874622862480900E-004
               568000   7.1833359853788601E-005  -6.3998434636061707E-004
               570000   4.8543987908131712E-003  -7.3300620534836507E-004
               572000   1.1861052432338617E-002   4.2437635835457218E-006
               574000   5.6527556115676749E-004  -6.6866049284446420E-004
               576000   5.5943195657445495E-004  -6.6834660546859334E-004
               578000   1.1776696003601364E-002  -1.2774979967263914E-005
               580000   4.8862995453445952E-003  -7.3220239564234012E-004
               582000   7.3733085761162474E-005  -6.4010327952903267E-004
               584000   1.7067327952489950E-003  -7.1833098096643687E-004
               586000   1.0772029668791703E-002   2.3922503250507932E-002
               588000   2.0402890198806221E-003  -7.2845733063938919E-004
               590000   3.3951919084384202E-005  -6.3760279622056542E-004
               592000   4.1511216669163067E-003  -7.4573727822151820E-004
               594000   1.4083377822679655E-002   5.5308794296096112E-004
               596000   7.1629723400374993E-004  -6.7656653557324014E-004
               598000   4.3047207674069501E-004  -6.6126068267838571E-004
               600000   9.9460733734433194E-003  -3.2490698055902571E-004
               602000   5.7175601571667527E-003  -7.0412855654242656E-004
               604000   1.2688578302707276E-004  -6.4340166772050371E-004
               606000   1.4279888316763084E-003  -7.0834576688595500E-004
               608000   2.1499423445563590E-002   1.0105448369866522E-002
               610000   2.4085068985921572E-003  -7.3732026628199740E-004
               612000   1.0255217744850344E-005  -6.3609993976864170E-004
               614000   3.5483975820568667E-003  -7.4917129077334396E-004
               616000   1.6705350787745259E-002   1.5331019953369177E-003
               618000   8.9075827365237448E-004  -6.8519266282031648E-004
               620000   3.2083048797111114E-004  -6.5500205230039255E-004
               622000   8.4296314263470010E-003  -5.1029953099191718E-004
               624000   6.7001951884646752E-003  -6.5267096693900418E-004
               626000   1.9536590068299647E-004  -6.4757575074041857E-004
               628000   1.1844898464970462E-003  -6.9848964903255345E-004
               630000   2.0665223202030642E-002   4.6577093332095072E-003
               632000   2.8318560466109553E-003  -7.4448832645590318E-004
               634000   4.5777531892906224E-007  -6.3547580675369752E-004
               636000   3.0291070690643285E-003  -7.4671669380469211E-004
               638000   1.9561218653898444E-002   3.3889969885046254E-003
               640000   1.0913491842601999E-003  -6.9443993221372801E-004
               642000   2.2901976662763801E-004  -6.4959547116088959E-004
               644000   7.1679630808085572E-003  -6.2090008542466199E-004
               646000   7.8700129650707204E-003  -5.6397086594306466E-004
               648000   2.8003895553001571E-004  -6.5261987872163767E-004
               650000   9.7194721181832603E-004  -6.8902304947698672E-004
               652000   1.7905360524380427E-002   2.1676262593339568E-003
               654000   3.3202079048843007E-003  -7.4870516977844316E-004
               656000   4.4421485267430616E-006  -6.3573035692498614E-004
               658000   2.5796824539303567E-003  -7.4061021817058083E-004
               660000   2.1671684547624158E-002   7.2393580649274935E-003
               662000   1.3213272399632020E-003  -7.0415959794145307E-004
               664000   1.5383427840897607E-004  -6.4505525452178663E-004
               666000   6.1113431532369041E-003  -6.8594194962072800E-004
               668000   9.2723460337707508E-003  -4.1478202806633624E-004
               670000   3.8200281540401557E-004  -6.5852292562885084E-004
               672000   7.8682968751130891E-004  -6.8012187484739093E-004
               674000   1.5142094863989462E-002   8.9603093432595571E-004
               676000   3.8858926920765291E-003  -7.4809023649029271E-004
               678000   2.2255860399068486E-005  -6.3686370281313949E-004
               680000   2.1892932805238573E-003  -7.3233938346883116E-004
               682000   1.8113026258952957E-002   1.6457196770949745E-002
               684000   1.5846427887765153E-003  -7.1413067109422977E-004
               686000   9.4313802580675208E-005  -6.4138899223756718E-004
               688000   5.2201363427489839E-003  -7.2258763053288319E-004
               690000   1.0962841497960278E-002  -1.6457324391775153E-004
               692000   5.0262043633820315E-004  -6.6526509691644021E-004
               694000   6.2622247602278614E-004  -6.7190384726108178E-004
               696000   1.2748859990320063E-002   1.9919008585393564E-004
               698000   4.5444227137491902E-003  -7.3979481450109645E-004
               700000   5.4112752516398044E-005  -6.3887600625179089E-004
               702000   1.8492319625898811E-003  -7.2290345949607346E-004
               704000   2.2640306473956882E-004   3.2174349241162553E-002
               706000   1.8861022200855535E-003  -7.2402706698206738E-004
               708000   4.9715508532844938E-005  -6.3860016905139053E-004
               710000   4.4632436386704650E-003  -7.4126462934250535E-004
               712000   1.3003755324156986E-002   2.6081117840949221E-004
               714000   6.4356214165290878E-004  -6.7281339641617676E-004
               716000   4.8771756679615242E-004  -6.6444659244717960E-004
               718000   1.0751360815440593E-002  -2.0049881436132430E-004
               720000   5.3154484055687378E-003  -7.1943698137721154E-004
               722000   1.0039878955886012E-004  -6.4176704100947751E-004
               724000   1.5524502758039935E-003  -7.1297838766119640E-004
               726000   1.9251544649866253E-002   1.4885265599251204E-002
               728000   2.2315794886565658E-003  -7.3336891213788267E-004
               730000   1.9492847720029003E-005  -6.3668998907393816E-004
               732000   3.8163252478090009E-003  -7.4848849748670077E-004
               734000   1.5443739042940377E-002   1.0056074725951377E-003
               736000   8.0685973032625286E-004  -6.8111519437680994E-004
               738000   3.6932810992449197E-004  -6.5780018266409462E-004
               740000   9.0971650663630877E-003  -4.3614559468225730E-004
               742000   6.2240051607762460E-003  -6.8014643941470500E-004
               744000   1.6168256882415067E-004  -6.4553537774653818E-004
               746000   1.2932082712205249E-003  -7.0302312714122875E-004
               748000   2.1550707467038775E-002   6.6229436912771137E-003
               750000   2.6282923765529871E-003  -7.4144936007686625E-004
               752000   3.2803354074920473E-006  -6.3565860630102533E-004
               754000   3.2602680353433166E-003  -7.4842490976343671E-004
               756000   1.8237756017683484E-002   2.3738065899862205E-003
               758000   9.9497547393055121E-004  -6.9008907347296834E-004
               760000   2.6942142098709701E-004  -6.5199590228728855E-004
               762000   7.7242570207828338E-003  -5.7672803915075445E-004
               764000   7.3020807039494446E-003  -6.1089574597959643E-004
               766000   2.3873103377760439E-004  -6.5017710449633568E-004
               768000   1.0668068240365296E-003  -6.9334945723115117E-004
               770000   1.9237263849028231E-002   3.1049591924170502E-003
               772000   3.0851654704825413E-003  -7.4722284560990075E-004
               774000   8.8352418897636912E-007  -6.3550589431527100E-004
               776000   2.7799736410062162E-003  -7.4378735775151113E-004
               778000   2.0929619252863459E-002   5.0808562777059372E-003
               780000   1.2108901222505283E-003  -6.9961172719881987E-004
               782000   1.8666657121125212E-004  -6.4705240984200925E-004
               784000   6.5781275517683546E-003  -6.6017956515092497E-004
               786000   8.5904021528074564E-003  -4.9347003191922820E-004
               788000   3.3253117510614861E-004  -6.5568394092745098E-004
               790000   8.6938256633948023E-004  -6.8416851515230024E-004
               792000   1.6384928086085292E-002   1.3874487319408672E-003
               794000   3.6133095543982217E-003  -7.4913137649552008E-004
               796000   1.2273728461286331E-005  -6.3623183751006706E-004
               798000   2.3634313251900355E-003  -7.3637001963780134E-004
               800000   2.1206180839064736E-002   1.1101500359846356E-002
               802000   1.4582154914547091E-003  -7.0949906272023541E-004
               804000   1.1999352307300524E-004  -6.4298008503807774E-004
               806000   5.6146108755207175E-003  -7.0836313978588582E-004
               808000   1.0139892466222726E-002  -2.9670680896088140E-004
               810000   4.4431883956210324E-004  -6.6204053073194648E-004
               812000   6.9774961262007425E-004  -6.7562225149514227E-004
               814000   1.3806689327842443E-002   4.7308048667567753E-004
               816000   4.2266568855095403E-003  -7.4482895428256205E-004
               818000   3.7587270424776848E-005  -6.3783658567071919E-004
               820000   2.0010171232331024E-003  -7.2737304390466193E-004
               822000   7.8204714007890884E-003   2.6377979083464793E-002
               824000   1.7413392063239444E-003  -7.1947868131311070E-004
               826000   6.8561525399795823E-005  -6.3978409506820050E-004
               828000   4.7988804131829203E-003  -7.3436442590888806E-004
               830000   1.2010792399544916E-002   3.5073821192713487E-005
               832000   5.7561618361782660E-004  -6.6922059350952114E-004
               834000   5.4927664549313747E-004  -6.6780494534110306E-004
               836000   1.1630346022678588E-002  -4.1717507390123745E-005
               838000   4.9428027729812619E-003  -7.3073411781310251E-004
               840000   7.7129204744544425E-005  -6.4032017813072024E-004
               842000   1.6849653375882398E-003  -7.1760600821153234E-004
               844000   1.2458947971659350E-002   2.2426246250847659E-002
               846000   2.0656118853872867E-003  -7.2914934211113370E-004
               848000   3.1735068267564304E-005  -6.3746654388286621E-004
               850000   4.1036731759459249E-003  -7.4626017487218596E-004
               852000   1.4262659208369480E-002   6.0694029199364317E-004
               854000   7.2827983170104026E-004  -6.7718146862475695E-004
               856000   4.2179097466192941E-004  -6.6077806961130489E-004
               858000   9.8249491549798982E-003  -3.4199246973916591E-004
               860000   5.7841118426777381E-003  -7.0128380915493579E-004
               862000   1.3138166684178187E-004  -6.4368190907280792E-004
               864000   1.4089690414962807E-003  -7.0761792118635171E-004
               866000   2.1619869039968789E-002   9.5246460961865339E-003
               868000   2.4375907908965235E-003  -7.3792046132795238E-004
               870000   9.0661517319325952E-006  -6.3602795047493492E-004
               872000   3.5076218502073137E-003  -7.4916255251301748E-004
               874000   1.6911592463446489E-002   1.6316265165374341E-003
               876000   9.0456247632391643E-004  -6.8585636305578096E-004
               878000   3.1350339717623935E-004  -6.5458064763900372E-004
               880000   8.3291125223149375E-003  -5.2050134138930694E-004
               882000   6.7791383493738255E-003  -6.4765033912312633E-004
               884000   2.0101720144233466E-004  -6.4791926775128116E-004
               886000   1.1678766552698579E-003  -6.9778186031966920E-004
               888000   2.0486149183134086E-002   4.4069058957408444E-003
               890000   2.8653590443740457E-003  -7.4492045111900775E-004
               892000   2.8199008705924990E-007  -6.3546821931343095E-004
               894000   2.9938962743642694E-003  -7.4637445879468828E-004
               896000   1.9764151414691775E-002   3.5825787672465700E-003
               898000   1.1071915523420243E-003  -6.9514328246584255E-004
               900000   2.2294929748187928E-004  -6.4923651529312282E-004
               902000   7.0840284844853364E-003  -6.2695955876869783E-004
               904000   7.9643411163176428E-003  -5.5545463259555573E-004
               906000   2.8691767876141283E-004  -6.5302634091357473E-004
               908000   9.5746012557416471E-004  -6.8835099483142851E-004
               910000   1.7693957635167498E-002   2.0441519877235736E-003
               912000   3.3589463356572067E-003  -7.4885547175116654E-004
               914000   5.2775746624587936E-006  -6.3578720581474433E-004
               916000   2.5491521188080158E-003  -7.4006556310026112E-004
               918000   2.1718690901523112E-002   7.6646107748257015E-003
               920000   1.3394698290911020E-003  -7.0488911495885124E-004
               922000   1.4894258756595045E-004  -6.4475943477366820E-004
               924000   6.0407519316092555E-003  -6.8944127497499606E-004
               926000   9.3858163072829213E-003  -4.0051485679670962E-004
               928000   3.9019971733940466E-004  -6.5899150263481641E-004
               930000   7.7423667750210594E-004  -6.7949621358250403E-004
               932000   1.4952453991696276E-002   8.2998427425987802E-004
               934000   3.9308859668349613E-003  -7.4778754290379373E-004
               936000   2.4112772977831481E-005  -6.3698493418008490E-004
               938000   2.1627329607119905E-003  -7.3167990608633026E-004
               940000   1.7220546022887657E-002   1.7556339486639216E-002
               942000   1.6054044424363158E-003  -7.1486654442072018E-004
               944000   9.0539933652185615E-005  -6.4115669926656038E-004
               946000   5.1603429824550349E-003  -7.2447474082112506E-004
               948000   1.1099926069903962E-002  -1.4053375282039625E-004
               950000   5.1224791220197982E-004  -6.6579412899076765E-004
               952000   6.1533090610984816E-004  -6.7133172612882021E-004
               954000   1.2589153347970020E-002   1.6190354819396022E-004
               956000   4.5969537302340850E-003  -7.3877826073331151E-004
               958000   5.7013866464847412E-005  -6.3906148799010179E-004
               960000   1.8260681559121444E-003  -7.2218811364685269E-004
               962000   1.1261876720120140E-003   3.1507141964062874E-002
               964000   1.9098732126023648E-003  -7.2474021464956438E-004
               966000   4.7013342841690210E-005  -6.3843166306325801E-004
               968000   4.4122617376583274E-003  -7.4212522066006482E-004
               970000   1.3168961168035925E-002   3.0218493672225255E-004
               972000   6.5475765544897391E-004  -6.7339994907582605E-004
               974000   4.7836746042851042E-004  -6.6393267823441047E-004
               976000   1.0619008831960831E-002  -2.2228031121404427E-004
               978000   5.3771443846124083E-003  -7.1730223110695970E-004
               980000   1.0437963033800596E-004  -6.4201655992146285E-004
               982000   1.5322181097819048E-003  -7.1224703038600529E-004
               984000   1.9829217445137923E-002   1.3976143686412376E-002
               986000   2.2588403061265345E-003  -7.3401653751976252E-004
               988000   1.7829666480646017E-005  -6.3658549357263519E-004
               990000   3.7726011064513282E-003  -7.4869382074107703E-004
               992000   1.5638675354864032E-002   1.0795417663026364E-003
               994000   8.1978995282555144E-004  -6.8175445876541164E-004
               996000   3.6138714236476713E-004  -6.5734738971820982E-004
               998000   8.9875696221474958E-003  -4.4910345458102339E-004
              1000000   6.2969431067233551E-003  -6.7625319833018922E-004
              1002000   1.6679225365532092E-004  -6.4584861090876257E-004
              1004000   1.2755295181922934E-003  -7.0230277793145853E-004
              1006000   2.1448083369023721E-002   6.2606552580224016E-003
              1008000   2.6596377288935747E-003  -7.4196819615748204E-004
              1010000   2.6359576236715145E-006  -6.3561834590494250E-004
              1012000   3.2225783140043072E-003  -7.4821530145911721E-004
              1014000   1.8449846648023991E-002   2.5138905128174053E-003
              1016000   1.0098414598612459E-003  -6.9077354866305194E-004
              1018000   2.6278110867550888E-004  -6.5160592179998170E-004
              1020000   7.6330654162572037E-003  -5.8445693607870296E-004
              1022000   7.3889167772686164E-003  -6.0420295635755584E-004
              1024000   2.4503360715885940E-004  -6.5055354661131904E-004
              1026000   1.0513725785772452E-003  -6.9265845812301551E-004
              1028000   1.9028445627259916E-002   2.9358381173871565E-003
              1030000   3.1213351294696826E-003  -7.4751876246669088E-004
              1032000   1.2499393663912576E-006  -6.3553009241822187E-004
              1034000   2.7473468277674062E-003  -7.4332106609731655E-004
              1036000   2.1085620693178417E-002   5.3713249481291336E-003
              1038000   1.2279340430667524E-003  -7.0033007982089109E-004
              1040000   1.8123925159965219E-004  -6.4672610713195438E-004
              1042000   6.5017280730611570E-003  -6.6471437539995023E-004
              1044000   8.6945060936506544E-003  -4.8222982725261681E-004
              1046000   3.4010761749247038E-004  -6.5612276490368160E-004
              1048000   8.5593949699122043E-004  -6.8351931840001322E-004
              1050000   1.6182958633352514E-002   1.2999831798129649E-003
              1052000   3.6552283410927755E-003  -7.4906312990148779E-004
              1054000   1.3655111783461774E-005  -6.3632068781587924E-004
              1056000   2.3350889745222619E-003  -7.3575259813479657E-004
              1058000   2.0941831747805454E-002   1.1796059959018237E-002
              1060000   1.4777296186529046E-003  -7.1023449478781523E-004
              1062000   1.1570985803924623E-004  -6.4271780421512104E-004
              1064000   5.5501344300722668E-003  -7.1090349084841110E-004
              1066000   1.0265409151684975E-002  -2.7786758730126985E-004
              1068000   4.5326982373848363E-004  -6.6254035470677706E-004
              1070000   6.8608908324960781E-004  -6.7502329308385392E-004
              1072000   1.3633171495448524E-002   4.2476069050071075E-004
              1074000   4.2754870768053066E-003  -7.4418223114574330E-004
              1076000   4.0000266416530496E-005  -6.3799020832401348E-004
              1078000   1.9763303853449423E-003  -7.2667552571529961E-004
              1080000   5.8344650700126429E-003   2.7946766617885366E-002
              1082000   1.7636780094505765E-003  -7.2020653704810893E-004
              1084000   6.5368395204094292E-005  -6.3958589304465322E-004
              1086000   4.7440809930316746E-003  -7.3564123757298514E-004
              1088000   1.2162362658571157E-002   6.7103398153502312E-005
              1090000   5.8606562043419478E-004  -6.6977912312909450E-004
              1092000   5.3922621526632719E-004  -6.6726190278001301E-004
              1094000   1.1485824641522095E-002  -6.9575471248730397E-005
              1096000   5.0000132123965936E-003  -7.2917901316592077E-004
              1098000   8.0603402904020857E-005  -6.4053856667924082E-004
              1100000   1.6634228512588610E-003  -7.1687642813589845E-004
              1102000   1.3969483558692649E-002   2.1006956564990530E-002
              1104000   2.0912082651311005E-003  -7.2983352790655608E-004
              1106000   2.9593831242873260E-005  -6.3733236501218986E-004
              1108000   4.0567973351068763E-003  -7.4673103983028712E-004
              1110000   1.4443893143584867E-002   6.6304889538362137E-004
              1112000   7.4037923724425592E-004  -6.7779497531407203E-004
              1114000   4.1320789902179718E-004  -6.6029470553658322E-004
              1116000   9.7053066681176536E-003  -3.5846514295174298E-004
              1118000   5.8515684891495305E-003  -6.9830304626193824E-004
              1120000   1.3596026352585288E-004  -6.4396486900919014E-004
              1122000   1.3901530238597268E-003  -7.0688879476554572E-004
              1124000   2.1695964016771548E-002   8.9821253270856022E-003
              1126000   2.4669776630074571E-003  -7.3850800385574756E-004
              1128000   7.9513070079729691E-006  -6.3595774697323905E-004
              1130000   3.4672966141994031E-003  -7.4912049102100471E-004
              1132000   1.7119040767998830E-002   1.7347742971286848E-003
              1134000   9.1849624317282734E-004  -6.8651894457876460E-004
              1136000   3.0626977901076049E-004  -6.5415937842187128E-004
              1138000   8.2297975974670624E-003  -5.3033797716930703E-004
              1140000   6.8592190564863752E-003  -6.4241386652839222E-004
              1142000   2.0675792753186036E-004  -6.4826634082714417E-004
              1144000   1.1514447848681940E-003  -6.9707514545170484E-004
              1146000   2.0300516520622175E-002   4.1700182901366978E-003
              1148000   2.8991977575571187E-003  -7.4533310831278673E-004
              1150000   1.8029803594558593E-007  -6.3546202024611928E-004
              1152000   2.9590400473224281E-003  -7.4601068196869817E-004
              1154000   1.9963577190720925E-002   3.7867411185919372E-003
              1156000   1.1231833166175217E-003  -6.9584582562842896E-004
              1158000   2.1696854209499726E-004  -6.4887880166594183E-004
              1160000   7.0010963044739322E-003  -6.3279175257323068E-004
              1162000   8.0600676615954353E-003  -5.4659169379982773E-004
              1164000   2.9389415096862671E-004  -6.5343670155606310E-004
              1166000   9.4313147422356357E-004  -6.8768144489707674E-004
              1168000   1.7483609394628032E-002   1.9267024550144998E-003
              1170000   3.3980638561385440E-003  -7.4897661294995755E-004
              1172000   6.1876657691589439E-006  -6.3584513750780864E-004
              1174000   2.5189060646853469E-003  -7.3950680812797309E-004
              1176000   2.1738406259903201E-002   8.1181918517663453E-003
              1178000   1.3577903212870989E-003  -7.0561783627640594E-004
              1180000   1.4413681749536646E-004  -6.4446606051753565E-004
              1182000   5.9710152240259095E-003  -6.9279482092100180E-004
              1184000   9.5009626833606822E-003  -3.8568012974619844E-004
              1186000   3.9850341635209031E-004  -6.5946380314083389E-004
              1188000   7.6178052001280375E-004  -6.7887367507478034E-004
              1190000   1.4765237667045973E-002   7.6685518873414538E-004
              1192000   3.9763233761366413E-003  -7.4744127998146786E-004
              1194000   2.6045233699508356E-005  -6.3710719664240227E-004
              1196000   2.1364089895579592E-003  -7.3101122156268427E-004
              1198000   1.6178415535074292E-002   1.8739809296195783E-002
              1200000   1.6263814763652707E-003  -7.1560091101776290E-004
              1202000   8.6848053729989390E-005  -6.4092798079000077E-004
              1204000   5.1012866595012835E-003  -7.2626704375704731E-004
              1206000   1.1238952292611156E-002  -1.1553475992658193E-004
              1208000   5.2199100710364978E-004  -6.6632625946806733E-004
              1210000   6.0455765401958841E-004  -6.7076272380993960E-004
              1212000   1.2431750318329958E-002   1.2613674255421980E-004
              1214000   4.6500293936102806E-003  -7.3769555806534569E-004
              1216000   5.9991745694827794E-005  -6.3924829347249666E-004
              1218000   1.8031099009121001E-003  -7.2146707843296850E-004
              1220000   2.5779013623368264E-003   3.0425380108425645E-002
              1222000   1.9339047788806581E-003  -7.2544992593393085E-004
              1224000   4.4389521521971555E-005  -6.3826761578553832E-004
              1226000   4.3619140056557308E-003  -7.4292433256039161E-004
              1228000   1.3336261277046272E-002   3.4526514545435541E-004
              1230000   6.6607686224003538E-004  -6.7398866489825975E-004
              1232000   4.6912129271822398E-004  -6.6342150770776166E-004
              1234000   1.0488523305473361E-002  -2.4322848043928803E-004
              1236000   5.4395357374270930E-003  -7.1506445842774982E-004
              1238000   1.0843928325962978E-004  -6.4226803973568326E-004
              1240000   1.5121718946711693E-003  -7.1151281046989592E-004
              1242000   2.0309001724203350E-002   1.3129998806376865E-002
              1244000   2.2864120991154106E-003  -7.3465704825634813E-004
              1246000   1.6242091485344709E-005  -6.3648596826983823E-004
              1248000   3.7294152506304021E-003  -7.4885997397426045E-004
              1250000   1.5835363820116955E-002   1.1567428581934415E-003
              1252000   8.3285159258277269E-004  -6.8239481374450474E-004
              1254000   3.5354007161540388E-004  -6.5689686219091146E-004
              1256000   8.8794109348467112E-003  -4.6158532415439574E-004
              1258000   6.3707904969791370E-003  -6.7219520677201986E-004
              1260000   1.7198445005934623E-004  -6.4616469477093237E-004
              1262000   1.2580228604361224E-003  -7.0158201319807172E-004
              1264000   2.1328364847653936E-002   5.9192750012144503E-003
              1266000   2.6913468318395814E-003  -7.4247392964167777E-004
              1268000   2.0658256857788566E-006  -6.3558313954574996E-004
              1270000   3.1853366465012050E-003  -7.4798143521090594E-004
              1272000   1.8661328464629028E-002   2.6609030991498451E-003
              1274000   1.0248478690803521E-003  -6.9145805151257485E-004
              1276000   2.5622832271104056E-004  -6.5121786196576325E-004
              1278000   7.5429712039026681E-003  -5.9190369192236387E-004
              1280000   7.4769477990023515E-003  -5.9724052527329098E-004
              1282000   2.5142488131029908E-004  -6.5093381454573763E-004
              1284000   1.0360982596231689E-003  -6.9196917040285867E-004
              1286000   1.8818174823708716E-002   2.7751212261072199E-003
              1288000   3.1579219961071587E-003  -7.4779260245036536E-004
              1290000   1.6907204544047861E-006  -6.3555903214002659E-004
              1292000   2.7150857891114757E-003  -7.4284023886667192E-004
              1294000   2.1229784012882842E-002   5.6787594863224964E-003
              1296000   1.2451315134595156E-003  -7.0104745906211514E-004
              1298000   1.7589559448576963E-004  -6.4640167825456406E-004
              1300000   6.4261835927547951E-003  -6.6907586590245498E-004
              1302000   8.8001596499616835E-003  -4.7053904430994993E-004
              1304000   3.4778191999895237E-004  -6.5656626498010386E-004
              1306000   8.4264362634172644E-004  -6.8287356368116996E-004
              1308000   1.5982884286180055E-002   1.2164477397868761E-003
              1310000   3.6976197262730218E-003  -7.4895981420408642E-004
              1312000   1.5112167247342198E-005  -6.3641368277312824E-004
              1314000   2.3070414629255019E-003  -7.3512671887706574E-004
              1316000   2.0607812736662536E-002   1.2541054479460374E-002
              1318000   1.4974181710918622E-003  -7.1096790548378058E-004
              1320000   1.1150728428393660E-004  -6.4245771614662847E-004
              1322000   5.4863495434378153E-003  -7.1333389088176194E-004
              1324000   1.0392875077259283E-002  -2.5825796822184137E-004
              1326000   4.6233064385203419E-004  -6.6304537053668306E-004
              1328000   6.7456193620421502E-004  -6.7442899995502788E-004
              1330000   1.3462066735047349E-002   3.7847005181259973E-004
              1332000   4.3248531691234575E-003  -7.4348154723927282E-004
              1334000   4.2490902556586829E-005  -6.3814726267976503E-004
              1336000   1.9518814803103661E-003  -7.2597318425012978E-004
              1338000   3.8938604106233351E-003   2.9434621583874006E-002
              1340000   1.7862235127906561E-003  -7.2093095447927399E-004
              1342000   6.2254206270313361E-005  -6.3939053581158899E-004
              1344000   4.6898647851027174E-003  -7.3684671159558149E-004
              1346000   1.2316246542767318E-002   1.0049251782034246E-004
              1348000   5.9663883697142059E-004  -6.7034286094369523E-004
              1350000   5.2929497806991220E-004  -6.6672416999485277E-004
              1352000   1.1343503683486272E-002  -9.6315766398357526E-005
              1354000   5.0578427635469868E-003  -7.2754151043835907E-004
              1356000   8.4157410234493512E-005  -6.4075974738285035E-004
              1358000   1.6420758522683794E-003  -7.1614417725381161E-004
              1360000   1.5301865671121169E-002   1.9672580559679770E-002
              1362000   2.1170577577648364E-003  -7.3051192630695539E-004
              1364000   2.7529482908573166E-005  -6.3720189876994454E-004
              1366000   4.0104295273924156E-003  -7.4715537870346095E-004
              1368000   1.4627517987471163E-002   7.2167487107817211E-004
              1370000   7.5261702700323637E-004  -6.7841312161784654E-004
              1372000   4.0473074632714858E-004  -6.5981672793038050E-004
              1374000   9.5874810672943716E-003  -3.7429596677175371E-004
              1376000   5.9197656673578960E-003  -6.9519485338667025E-004
              1378000   1.4062094532697297E-004  -6.4425022360200743E-004
              1380000   1.3715034950135094E-003  -7.0615840281953708E-004
              1382000   2.1733189125953067E-002   8.4739066901325290E-003
              1384000   2.4966792014433229E-003  -7.3908566895381726E-004
              1386000   6.9115945897412358E-006  -6.3589216890860953E-004
              1388000   3.4274207245232262E-003  -7.4904866290072822E-004
              1390000   1.7327807910599787E-002   1.8429412222015209E-003
              1392000   9.3258240239382903E-004  -6.8718501943860902E-004
              1394000   2.9913095694247333E-004  -6.5374310796254367E-004
              1396000   8.1319144717230951E-003  -5.3979582424725945E-004
              1398000   6.9402231457669893E-003  -6.3697490031866132E-004
              1400000   2.1258358181813812E-004  -6.4861576198356659E-004
              1402000   1.1351608557924062E-003  -6.9636832285725997E-004
              1404000   2.0108841403620754E-002   3.9454585506348942E-003
              1406000   2.9334267374684321E-003  -7.4572900638034492E-004
              1408000   1.5277892439218918E-007  -6.3546121998077224E-004
              1410000   2.9245804670077723E-003  -7.4562881380316811E-004
              1412000   2.0158697424571000E-002   4.0021117530832911E-003
              1414000   1.1393403604252591E-003  -6.9655022227742877E-004
              1416000   2.1107429940130809E-004  -6.4852541268889245E-004
              1418000   6.9192641786911865E-003  -6.3839590655912686E-004
              1420000   8.1569857337253204E-003  -5.3739561111366160E-004
              1422000   3.0095995293800921E-004  -6.5384973466109083E-004
              1424000   9.2893904769870300E-004  -6.8701296771554482E-004
              1426000   1.7273873767954005E-002   1.8145590845914735E-003
              1428000   3.4376584401955828E-003  -7.4906999653558029E-004
              1430000   7.1722608872214026E-006  -6.3590894522769378E-004
              1432000   2.4890051302712528E-003  -7.3893809010615807E-004
              1434000   2.1727066051940001E-002   8.6015264633118212E-003
              1436000   1.3762887229548076E-003  -7.0634638877729850E-004
              1438000   1.3941212837666311E-004  -6.4417626643976890E-004
              1440000   5.9021158386846212E-003  -6.9600854312147392E-004
              1442000   9.6176682562396573E-003  -3.7027650596779083E-004
              1444000   4.0690367536300870E-004  -6.5993938997488454E-004
              1446000   7.4945225931545871E-004  -6.7825348364997746E-004
              1448000   1.4579977363932002E-002   7.0632061323706310E-004
              1450000   4.0223324753083855E-003  -7.4705039417607749E-004
              1452000   2.8054031433604911E-005  -6.3723542178850071E-004
              1454000   2.1103792741428962E-003  -7.3033802158407532E-004
              1456000   1.4975814702838560E-002   2.0007573100437853E-002
              1458000   1.6475514644062553E-003  -7.1633275993259523E-004
              1460000   8.3234103157811635E-005  -6.4070223722839236E-004
              1462000   5.0428731401013192E-003  -7.2797187844268806E-004
              1464000   1.1379983395759337E-002  -8.9525822848135638E-005
              1466000   5.3184184339092298E-004  -6.6686240379643222E-004
              1468000   5.9390480417987539E-004  -6.7019736304495985E-004
              1470000   1.2276397078638148E-002   9.1760839701013233E-005
              1472000   4.7037773755758744E-003  -7.3654290905433796E-004
              1474000   6.3049097512145479E-005  -6.3944074655161232E-004
              1476000   1.7803977317798665E-003  -7.2074489761929177E-004
              1478000   4.3806899911291303E-003   2.9064764532315261E-002
              1480000   1.9581512430196322E-003  -7.2615433725870242E-004
              1482000   4.1841910553972576E-005  -6.3810623871198642E-004
              1484000   4.3120736650686144E-003  -7.4366758909148820E-004
              1486000   1.3505957435359681E-002   3.9021910726677047E-004
              1488000   6.7751947179478793E-004  -6.7458199375491771E-004
              1490000   4.5998752446096947E-004  -6.6291514053523528E-004
              1492000   1.0359879624788230E-002  -2.6338033915108560E-004
              1494000   5.5027084392919338E-003  -7.1271857521781933E-004
              1496000   1.1258231091820614E-004  -6.4252452553552038E-004
              1498000   1.4923291224915962E-003  -7.1077926574524247E-004
              1500000   2.0700967561315915E-002   1.2344173291374706E-002
              1502000   2.3142334180380878E-003  -7.3528865133152676E-004
              1504000   1.4729682289918718E-005  -6.3638919215938238E-004
              1506000   3.6866472864636071E-003  -7.4898995674753019E-004
              1508000   1.6034289603863126E-002   1.2376254558022824E-003
              1510000   8.4605640295026645E-004  -6.8303998800510566E-004
              1512000   3.4579671506797678E-004  -6.5645200207251227E-004
              1514000   8.7728248538685421E-003  -4.7359083671763346E-004
              1516000   6.4455459193602550E-003  -6.6796993087118572E-004
              1518000   1.7726407371364714E-004  -6.4648496199466970E-004
              1520000   1.2406848247359624E-003  -7.0086270716476469E-004
              1522000   2.1193864122498976E-002   5.5978630897198754E-003
              1524000   2.7233588513399659E-003  -7.4296551804561742E-004
              1526000   1.5701046961856134E-006  -6.3555113681398412E-004
              1528000   3.1484550406368317E-003  -7.4772428008206004E-004
              1530000   1.8872493543029840E-002   2.8157779618926538E-003
              1532000   1.0400200300430258E-003  -6.9214694871830556E-004
              1534000   2.4977052587293544E-004  -6.5083591409553310E-004
              1536000   7.4541820303205535E-003  -5.9905799332397034E-004
              1538000   7.5660487715091002E-003  -5.9001456688125128E-004
              1540000   2.5790744400326719E-004  -6.5131744533773002E-004
              1542000   1.0209665261922839E-003  -6.9128156698094339E-004
              1544000   1.8606891693449538E-002   2.6223207021556999E-003
              1546000   3.1948890482832084E-003  -7.4804408666812939E-004
              1548000   2.2055362971404230E-006  -6.3559191062477992E-004
              1550000   2.6831456817370532E-003  -7.4234507730536431E-004
              1552000   2.1360724875451310E-002   6.0053193191401191E-003
              1554000   1.2625182903514135E-003  -7.0176800534647128E-004
              1556000   1.7063911922508650E-004  -6.4608334382357756E-004
              1558000   6.3516968972359162E-003  -6.7325552261180679E-004
              1560000   8.9071040721501182E-003  -4.5841885540507564E-004
              1562000   3.5555143688013684E-004  -6.5701248681780179E-004
              1564000   8.2947253575752552E-004  -6.8222956395608855E-004
              1566000   1.5784482901330527E-002   1.1365129152549490E-003
              1568000   3.7404954185562295E-003  -7.4882093027563710E-004
              1570000   1.6643717858573139E-005  -6.3651147286005209E-004
              1572000   2.2792843636982294E-003  -7.3449304037880069E-004
              1574000   2.0194178282549172E-002   1.3342135631055898E-002
              1576000   1.5173188969535040E-003  -7.1170236405037257E-004
              1578000   1.0738580719410294E-004  -6.4220329221825333E-004
              1580000   5.4234039546795960E-003  -7.1565070306087207E-004
              1582000   1.0521929351819845E-002  -2.3791533365565611E-004
              1584000   4.7149167511628996E-004  -6.6355277141362653E-004
              1586000   6.6314825093618526E-004  -6.7383666227960369E-004
              1588000   1.3292919873888588E-002   3.3398733035456613E-004
              1590000   4.3748347014681216E-003  -7.4272413956026932E-004
              1592000   4.5057897538066404E-005  -6.3830989990486427E-004
              1594000   1.9276946231680248E-003  -7.2526787602716957E-004
              1596000   2.1619567795255327E-003   3.0736288741454183E-002
              1598000   1.8090028340341786E-003  -7.2165337397977591E-004
              1600000   5.9217098647687491E-005  -6.3920013036300254E-004
              1602000   4.6363036853779797E-003  -7.3798105626511992E-004
              1604000   1.2472061599450024E-002   1.3520490293656237E-004
              1606000   6.0731998187311563E-004  -6.7090898375651354E-004
              1608000   5.1947005931363328E-004  -6.6618886680221189E-004
              1610000   1.1202924093899662E-002  -1.2207456388018461E-004
              1612000   5.1164434608765123E-003  -7.2581386798720301E-004
              1614000   8.7791412180171030E-005  -6.4098705037306811E-004
              1616000   1.6209617865712189E-003  -7.1541240442381758E-004
              1618000   1.6461667830500737E-002   1.8427025208524114E-002
              1620000   2.1431630301023477E-003  -7.3118429209113043E-004
              1622000   2.5540093674821114E-005  -6.3707557328001457E-004
              1624000   3.9645698431962683E-003  -7.4753495193078084E-004
              1626000   1.4813239193162440E-002   7.8284982853367500E-004
              1628000   7.6497509805581053E-004  -6.7903390376271105E-004
              1630000   3.9635473805832812E-004  -6.5934193442704207E-004
              1632000   9.4711297375497730E-003  -3.8955891026910665E-004
              1634000   5.9889105624738445E-003  -6.9194411958860931E-004
              1636000   1.4536697550557201E-004  -6.4454186097895772E-004
              1638000   1.3530569455941011E-003  -7.0543071103890836E-004
              1640000   2.1736142205001866E-002   7.9986669131181399E-003
              1642000   2.5266630843835142E-003  -7.3965204114666814E-004
              1644000   5.9460674344265344E-006  -6.3583001846091519E-004
              1646000   3.3879427449173116E-003  -7.4894840873528567E-004
              1648000   1.7537718194852114E-002   1.9564232252398421E-003
              1650000   9.4680744469615233E-004  -6.8785402418775163E-004
              1652000   2.9208850048531777E-004  -6.5333095379980404E-004
              1654000   8.0352793184642474E-003  -5.4890842146135081E-004
              1656000   7.0223695729332673E-003  -6.3131056387538556E-004
              1658000   2.1850113486742765E-004  -6.4897119488300224E-004
              1660000   1.1190507429711945E-003  -6.9566536080824704E-004
              1662000   1.9912630002602502E-002   3.7331548593607716E-003
              1664000   2.9679763964703255E-003  -7.4610649598757736E-004
              1666000   1.9940093732411523E-007  -6.3546340059123700E-004
              1668000   2.8904414841487533E-003  -7.4522878165610715E-004
              1670000   2.0348948517554991E-002   4.2298275096228849E-003
              1672000   1.1556618706515935E-003  -6.9725757733984505E-004
              1674000   2.0527133111102706E-004  -6.4817708180984926E-004
              1676000   6.8384956925837057E-003  -6.4378297934927526E-004
              1678000   8.2552588329904038E-003  -5.2783955787170716E-004
              1680000   3.0812459530644157E-004  -6.5426811452461630E-004
              1682000   9.1489423549298685E-004  -6.8634866893985027E-004
              1684000   1.7065522118719589E-002   1.7077624822847933E-003
              1686000   3.4776333294525494E-003  -7.4913468047638470E-004
              1688000   8.2312963514901308E-006  -6.3597565914849923E-004
              1690000   2.4593738383694463E-003  -7.3835794662072726E-004
              1692000   2.1680265945888014E-002   9.1185457969517013E-003
              1694000   1.3949836327961282E-003  -7.0707729465011688E-004
              1696000   1.3477340146851978E-004  -6.4389229921553090E-004
              1698000   5.8341226804883833E-003  -6.9908342879127568E-004
              1700000   9.7359604860386521E-003  -3.5428345522854323E-004
              1702000   4.1540938409201139E-004  -6.6041938348600931E-004
              1704000   7.3725013874359284E-004  -6.7763722648223979E-004
              1706000   1.4397018671409460E-002   6.4837289919879044E-004
              1708000   4.0688134258748980E-003  -7.4661493017048289E-004
              1710000   3.0137953839325161E-005  -6.3736687154083418E-004
              1712000   2.0845867650095364E-003  -7.2965818193043220E-004
              1714000   1.3597242603810365E-002   2.1364912614893834E-002
              1716000   1.6689546977675053E-003  -7.1706534637928042E-004
              1718000   7.9701174466669412E-005  -6.4048276656700166E-004
              1720000   4.9852239531501521E-003  -7.2958775731869004E-004
              1722000   1.1522836466878333E-002  -6.2509997876443660E-005
              1724000   5.4180421439546916E-004  -6.6740190991595593E-004
              1726000   5.8336213323105708E-004  -6.6963543724546468E-004
              1728000   1.2123119519001531E-002   5.8729668757497357E-005
              1730000   4.7581306943358615E-003  -7.3532014546627696E-004
              1732000   6.6183118807164925E-005  -6.3963706696561380E-004
              1734000   1.7579012097835656E-003  -7.2001977691102696E-004
              1736000   6.3475942945247325E-003   2.7546528103323101E-002
              1738000   1.9826699109192370E-003  -7.2685651117580840E-004
              1740000   3.9371452837261436E-005  -6.3795117702980628E-004
              1742000   4.2628668968276544E-003  -7.4435441232286890E-004
              1744000   1.3677613415402060E-002   4.3700143499300289E-004
              1746000   6.8907988568775555E-004  -6.7517770915208016E-004
              1748000   4.5095317154582353E-004  -6.6241173759319064E-004
              1750000   1.0232894946897301E-002  -2.8279280324134347E-004
              1752000   5.5666693835548691E-003  -7.1026075202070059E-004
              1754000   1.1680513012859230E-004  -6.4278569974702627E-004
              1756000   1.4726851250981268E-003  -7.1004578197962599E-004
              1758000   2.1016302118036016E-002   1.1612349088710675E-002
              1760000   2.3423659496791078E-003  -7.3591336078650932E-004
              1762000   1.3292091637883238E-005  -6.3629837655502868E-004
              1764000   3.6443941936015268E-003  -7.4908472649023300E-004
              1766000   1.6234763090188495E-002   1.3221082690799565E-003
              1768000   8.5938722307029550E-004  -6.8368676491747222E-004
              1770000   3.3814604368940599E-004  -6.5600987777208347E-004
              1772000   8.6675336987969195E-003  -4.8516939653944904E-004
              1774000   6.5213251179573701E-003  -6.6356376627999241E-004
              1776000   1.8262882824752384E-004  -6.4681072244034555E-004
              1778000   1.2235293464897404E-003  -7.0014586174062590E-004
              1780000   2.1046489408854951E-002   5.2948921448912343E-003
              1782000   2.7557206513721486E-003  -7.4344350178937924E-004
              1784000   1.1484419922430368E-006  -6.3552443365494013E-004
              1786000   3.1119849911983581E-003  -7.4744552116161203E-004
              1788000   1.9082342586714030E-002   2.9785337674003943E-003
              1790000   1.0553309493464304E-003  -6.9283686908598032E-004
              1792000   2.4340117931475748E-004  -6.5045682880703407E-004
              1794000   7.3664205221983291E-003  -6.0595453336284805E-004
              1796000   7.6564590080751760E-003  -5.8249326748338213E-004
              1798000   2.6448293396652458E-004  -6.5170715424457421E-004
              1800000   1.0060000362938587E-003  -6.9059818799179472E-004
              1802000   1.8395260248963291E-002   2.4771586494878304E-003
              1804000   3.2322466321349878E-003  -7.4827258078260551E-004
              1806000   2.7948714486542896E-006  -6.3562927786137700E-004
              1808000   2.6515323776649829E-003  -7.4183681311925254E-004
              1810000   2.1476222019041525E-002   6.3518356594683915E-003
              1812000   1.2800640539748955E-003  -7.0248905995748531E-004
              1814000   1.6546795291845937E-004  -6.4576835684918737E-004
              1816000   6.2780539777979706E-003  -6.7727354273311414E-004
              1818000   9.0156818332288065E-003  -4.4581007976882202E-004
              1820000   3.6342378529511320E-004  -6.5746498215802111E-004
              1822000   8.1644839529338407E-004  -6.8159086660021762E-004
              1824000   1.5588314789098671E-002   1.0601991894647268E-003
              1826000   3.7838114945593876E-003  -7.4864576647009273E-004
              1828000   1.8250933994474372E-005  -6.3661297800526916E-004
              1830000   2.2517892412079452E-003  -7.3385147474706533E-004
              1832000   1.9690323271046143E-002   1.4203980086051723E-002
              1834000   1.5374088275246563E-003  -7.1243656624474119E-004
              1836000   1.0334670034362031E-004  -6.4195296470717319E-004
              1838000   5.3611751626623030E-003  -7.1786345161774972E-004
              1840000   1.0652949920472048E-002  -2.1674659769944639E-004
              1842000   4.8076665311954573E-004  -6.6406615273992644E-004
              1844000   6.5186350509756569E-004  -6.7325002724426177E-004
              1846000   1.3126239372942388E-002   2.9137527669494790E-004
              1848000   4.4253273013242890E-003  -7.4191080359247319E-004
              1850000   4.7701972995684595E-005  -6.3847569300419450E-004
              1852000   1.9037237863501330E-003  -7.2455795289337566E-004
              1854000   8.3464590658050009E-004   3.1723484209688860E-002
              1856000   1.8320128751349819E-003  -7.2237403828309904E-004
              1858000   5.6259383057269767E-005  -6.3901467387558384E-004
              1860000   4.5833650422461717E-003  -7.3904776283737188E-004
              1862000   1.2630100597120745E-002   1.7136626331949682E-004
              1864000   6.1812626139710588E-004  -6.7148029787939087E-004
              1866000   5.0975794379586655E-004  -6.6565908578762871E-004
              1868000   1.1064462387414081E-002  -1.4681113458012523E-004
              1870000   5.1756628598243473E-003  -7.2399960678772252E-004
              1872000   9.1504150945488744E-005  -6.4121729327651215E-004
              1874000   1.6000334531958873E-003  -7.1467828544453276E-004
              1876000   1.7464225777386717E-002   1.7265229718551506E-002
              1878000   2.1695514273307025E-003  -7.3185204369950925E-004
              1880000   2.3627376618727401E-005  -6.3695496684959205E-004
              1882000   3.9192536930504947E-003  -7.4787103230840714E-004
              1884000   1.5001092760603803E-002   8.4671798291229309E-004
              1886000   7.7746869840451544E-004  -6.7965867264817303E-004
              1888000   3.8807851586904630E-004  -6.5887208125604531E-004
              1890000   9.3564527466224404E-003  -4.0424118268702133E-004
              1892000   6.0588376054240313E-003  -6.8855643803572271E-004
              1894000   1.5019412337564356E-004  -6.4483661538988887E-004
              1896000   1.3347770301825423E-003  -7.0470252183241113E-004
              1898000   2.1709043011020324E-002   7.5523682364768375E-003
              1900000   2.5569912804947990E-003  -7.4020884433422473E-004
              1902000   5.0553067296076452E-006  -6.3577410643058708E-004
              1904000   3.3489352194919302E-003  -7.4882109126712623E-004
              1906000   1.7748320262510858E-002   2.0753644630551356E-003
              1908000   9.6117761671834210E-004  -6.8852553466976641E-004
              1910000   2.8513643234974782E-004  -6.5292298567604741E-004
              1912000   7.9399238498731664E-003  -5.5768108848876263E-004
              1914000   7.1055358856919422E-003  -6.2542379709278138E-004
              1916000   2.2450381474319048E-004  -6.4933027071382955E-004
              1918000   1.1030946848731666E-003  -6.9496361193442332E-004
              1920000   1.9712141555101124E-002   3.5316819425506513E-003
              1922000   3.0029372365761157E-003  -7.4646651853571772E-004
              1924000   3.2018192467517901E-007  -6.3547197528489145E-004
              1926000   2.8567025046820895E-003  -7.4481284249705722E-004
              1928000   2.0532928724619343E-002   4.4701069632888026E-003
              1930000   1.1721386461583906E-003  -6.9796582121613247E-004
              1932000   1.9955267884098844E-004  -6.4783224349322264E-004
              1934000   6.7586985326104389E-003  -6.4896548235072896E-004
              1936000   8.3548763605880098E-003  -5.1791217704431826E-004
              1938000   3.1538103103367801E-004  -6.5469087634660713E-004
              1940000   9.0099352650588208E-004  -6.8568721005107965E-004
              1942000   1.6858304807981013E-002   1.6057918663758537E-003
              1944000   3.5180892641779263E-003  -7.4916999913435516E-004
              1946000   9.3653416735707255E-006  -6.3604852609066653E-004
              1948000   2.4300757310751985E-003  -7.3776923123812402E-004
              1950000   2.1593345162378198E-002   9.6703388720344417E-003
              1952000   1.4138473146762087E-003  -7.0780740235080021E-004
              1954000   1.3021537978060934E-004  -6.4361138366323073E-004
              1956000   5.7668784341364061E-003  -7.0203171723494276E-004
              1958000   9.8560040724631082E-003  -3.3765335972468910E-004
              1960000   4.2401696908522021E-004  -6.6090450660414744E-004
              1962000   7.2518226960921364E-004  -6.7702526363445936E-004
              1964000   1.4216268662754312E-002   5.9284697523812328E-004
              1966000   4.1158480548697330E-003  -7.4613264505247112E-004
              1968000   3.2298952629573595E-005  -6.3750389058519390E-004
              1970000   2.0590671946839139E-003  -7.2897430737320942E-004
              1972000   1.2041307486824939E-002   2.2804458655159135E-002
              1974000   1.6905476800084197E-003  -7.1779528331297564E-004
              1976000   7.6246755014964856E-005  -6.4026627463949052E-004
              1978000   4.9281725401880711E-003  -7.3112319118515524E-004
              1980000   1.1667881382406065E-002  -3.4367136245354359E-005
              1982000   5.5188208524470513E-004  -6.6794706663544793E-004
              1984000   5.7294295368441270E-004  -6.6907894309075613E-004
              1986000   1.1972044226210817E-002   2.7016222898979524E-005
              1988000   4.8131175570277386E-003  -7.3402484637991494E-004
              1990000   6.9396975355500831E-005  -6.3983815974472103E-004
              1992000   1.7356269416925476E-003  -7.1929319882723828E-004
              1994000   8.3235950198042065E-003   2.5971196997411197E-002
              1996000   2.0074114340675603E-003  -7.2755368279121607E-004
              1998000   3.6977885715623127E-005  -6.3779941054524340E-004
              2000000   4.2141588447819857E-003  -7.4498917507094487E-004
