                 2000   24744990716882.984        1.1025844152408479E-007
                 4000   24744990716882.984        1.1025812357064204E-007
                 6000   24744990716882.984        1.1025759575004960E-007
                 8000   24744990716882.984        1.1025685806732465E-007
                10000   24744990716882.984        1.1025591052949554E-007
                12000   24744990716882.984        1.1025475314558112E-007
                14000   24744990716882.984        1.1025338592659859E-007
                16000   24744990716882.984        1.1025180888556158E-007
                18000   24744990716882.984        1.1025002203748454E-007
                20000   24744990716882.984        1.1024802539937392E-007
                22000   24744990716882.984        1.1024581899023252E-007
                24000   24744990716882.984        1.1024340283106647E-007
                26000   24744990716882.984        1.1024077694486169E-007
                28000   24744990716882.984        1.1023794135661820E-007
                30000   24744990716882.984        1.1023489609331583E-007
                32000   24744990716882.984        1.1023164118393201E-007
                34000   24744990716882.984        1.1022817665943987E-007
                36000   24744990716882.984        1.1022450255279526E-007
                38000   24744990716882.984        1.1022061889896402E-007
                40000   24744990716882.984        1.1021652573488160E-007
                42000   24744990716882.984        1.1021222309948232E-007
                44000   24744990716882.984        1.1020771103369771E-007
                46000   24744990716882.984        1.1020298958043537E-007
                48000   24744990716882.984        1.1019805878459240E-007
                50000   24744990716882.984        1.1019291869305539E-007
                52000   24744990716882.984        1.1018756935469158E-007
                54000   24744990716882.984        1.1018201082036043E-007
                56000   24744990716882.984        1.1017624314289348E-007
                58000   24744990716882.984        1.1017026637710793E-007
                60000   24744990716882.984        1.1016408057980097E-007
                62000   24744990716882.984        1.1015768580975342E-007
                64000   24744990716882.984        1.1015108212771281E-007
                66000   24744990716882.984        1.1014426959641494E-007
                68000   24744990716882.984        1.1013724828056913E-007
                70000   24744990716882.984        1.1013001824684466E-007
                72000   24744990716882.984        1.1012257956391289E-007
                74000   24744990716882.984        1.1011493230236314E-007
                76000   24744990716882.984        1.1010707653479639E-007
                78000   24744990716882.984        1.1009901233577753E-007
                80000   24744990716882.984        1.1009073978181963E-007
                82000   24744990716882.984        1.1008225895141124E-007
                84000   24744990716882.984        1.1007356992500146E-007
                86000   24744990716882.984        1.1006467278499734E-007
                88000   24744990716882.984        1.1005556761576509E-007
                90000   24744990716882.984        1.1004625450362242E-007
                92000   24744990716882.984        1.1003673353685037E-007
                94000   24744990716882.984        1.1002700480567083E-007
                96000   24744990716882.984        1.1001706840226644E-007
                98000   24744990716882.984        1.1000692442076587E-007
               100000   24744990716882.984        1.0999657295724244E-007
               102000   24744990716882.984        1.0998601410970436E-007
               104000   24744990716882.984        1.0997524797811888E-007
               106000   24744990716882.984        1.0996427466438004E-007
               108000   24744990716882.984        1.0995309427232284E-007
               110000   24744990716882.984        1.0994170690771771E-007
               112000   24744990716882.984        1.0993011267826783E-007
               114000   24744990716882.984        1.0991831169360096E-007
               116000   24744990716882.984        1.0990630406528546E-007
               118000   24744990716882.984        1.0989408990679903E-007
               120000   24744990716882.984        1.0988166933355066E-007
               122000   24744990716882.984        1.0986904246286226E-007
               124000   24744990716882.984        1.0985620941398748E-007
               126000   24744990716882.984        1.0984317030807617E-007
               128000   24744990716882.984        1.0982992526820225E-007
               130000   24744990716882.984        1.0981647441934896E-007
               132000   24744990716882.984        1.0980281788839789E-007
               134000   24744990716882.984        1.0978895580413919E-007
               136000   24744990716882.984        1.0977488829726186E-007
               138000   24744990716882.984        1.0976061550035211E-007
               140000   24744990716882.984        1.0974613754789982E-007
               142000   24744990716882.984        1.0973145457626771E-007
               144000   24744990716882.984        1.0971656672372301E-007
               146000   24744990716882.984        1.0970147413041074E-007
               148000   24744990716882.984        1.0968617693836560E-007
               150000   24744990716882.984        1.0967067529149153E-007
               152000   24744990716882.984        1.0965496933557564E-007
               154000   24744990716882.984        1.0963905921827771E-007
               156000   24744990716882.984        1.0962294508912426E-007
               158000   24744990716882.984        1.0960662709950454E-007
               160000   24744990716882.984        1.0959010540267369E-007
               162000   24744990716882.984        1.0957338015375182E-007
               164000   24744990716882.984        1.0955645150970333E-007
               166000   24744990716882.984        1.0953931962935268E-007
               168000   24744990716882.984        1.0952198467337683E-007
               170000   24744990716882.984        1.0950444680428722E-007
               172000   24744990716882.984        1.0948670618644504E-007
               174000   24744990716882.984        1.0946876298604264E-007
               176000   24744990716882.984        1.0945061737110845E-007
               178000   24744990716882.984        1.0943226951151865E-007
               180000   24744990716882.984        1.0941371957894812E-007
               182000   24744990716882.984        1.0939496774690796E-007
               184000   24744990716882.984        1.0937601419073354E-007
               186000   24744990716882.984        1.0935685908756336E-007
               188000   24744990716882.984        1.0933750261636045E-007
               190000   24744990716882.984        1.0931794495788242E-007
               192000   24744990716882.984        1.0929818629470112E-007
               194000   24744990716882.984        1.0927822681117651E-007
               196000   24744990716882.984        1.0925806669347462E-007
               198000   24744990716882.984        1.0923770612955016E-007
               200000   24744990716882.984        1.0921714530913313E-007
               202000   24744990716882.984        1.0919638442375777E-007
               204000   24744990716882.984        1.0917542366671486E-007
               206000   24744990716882.984        1.0915426323308454E-007
               208000   24744990716882.984        1.0913290331970898E-007
               210000   24744990716882.984        1.0911134412521126E-007
               212000   24744990716882.984        1.0908958584994210E-007
               214000   24744990716882.984        1.0906762869603671E-007
               216000   24744990716882.984        1.0904547286738410E-007
               218000   24744990716882.984        1.0902311856960963E-007
               220000   24744990716882.984        1.0900056601008483E-007
               222000   24744990716882.984        1.0897781539792634E-007
               224000   24744990716882.984        1.0895486694396953E-007
               226000   24744990716882.984        1.0893172086080383E-007
               228000   24744990716882.984        1.0890837736272197E-007
               230000   24744990716882.984        1.0888483666574796E-007
               232000   24744990716882.984        1.0886109898761905E-007
               234000   24744990716882.984        1.0883716454777882E-007
               236000   24744990716882.984        1.0881303356738811E-007
               238000   24744990716882.984        1.0878870626929453E-007
               240000   24744990716882.984        1.0876418287806259E-007
               242000   24744990716882.984        1.0873946361992988E-007
               244000   24744990716882.984        1.0871454872282808E-007
               246000   24744990716882.984        1.0868943841636711E-007
               248000   24744990716882.984        1.0866413293184337E-007
               250000   24744990716882.984        1.0863863250220597E-007
               252000   24744990716882.984        1.0861293736209142E-007
               254000   24744990716882.984        1.0858704774778544E-007
               256000   24744990716882.984        1.0856096389723986E-007
               258000   24744990716882.984        1.0853468605004449E-007
               260000   24744990716882.984        1.0850821444745318E-007
               262000   24744990716882.984        1.0848154933234007E-007
               264000   24744990716882.984        1.0845469094922951E-007
               266000   24744990716882.984        1.0842763954427388E-007
               268000   24744990716882.984        1.0840039536525483E-007
               270000   24744990716882.984        1.0837295866156237E-007
               272000   24744990716882.984        1.0834532968420874E-007
               274000   24744990716882.984        1.0831750868581486E-007
               276000   24744990716882.984        1.0828949592060493E-007
               278000   24744990716882.984        1.0826129164439936E-007
               280000   24744990716882.984        1.0823289611461681E-007
               282000   24744990716882.984        1.0820430959025633E-007
               284000   24744990716882.984        1.0817553233190413E-007
               286000   24744990716882.984        1.0814656460172174E-007
               288000   24744990716882.984        1.0811740666345038E-007
               290000   24744990716882.984        1.0808805878236387E-007
               292000   24744990716882.984        1.0805852122533003E-007
               294000   24744990716882.984        1.0802879426076202E-007
               296000   24744990716882.984        1.0799887815861435E-007
               298000   24744990716882.984        1.0796877319038042E-007
               300000   24744990716882.984        1.0793847962910555E-007
               302000   24744990716882.984        1.0790799774935863E-007
               304000   24744990716882.984        1.0787732782722135E-007
               306000   24744990716882.984        1.0784647014030989E-007
               308000   24744990716882.984        1.0781542496775025E-007
               310000   24744990716882.984        1.0778419259018369E-007
               312000   24744990716882.984        1.0775277328972264E-007
               314000   24744990716882.984        1.0772116735000947E-007
               316000   24744990716882.984        1.0768937505615997E-007
               318000   24744990716882.984        1.0765739669477411E-007
               320000   24744990716882.984        1.0762523255392881E-007
               322000   24744990716882.984        1.0759288292318616E-007
               324000   24744990716882.984        1.0756034809355054E-007
               326000   24744990716882.984        1.0752762835750112E-007
               328000   24744990716882.984        1.0749472400897114E-007
               330000   24744990716882.984        1.0746163534332980E-007
               332000   24744990716882.984        1.0742836265739648E-007
               334000   24744990716882.984        1.0739490624942346E-007
               336000   24744990716882.984        1.0736126641909094E-007
               338000   24744990716882.984        1.0732744346750246E-007
               340000   24744990716882.984        1.0729343769717669E-007
               342000   24744990716882.984        1.0725924941204027E-007
               344000   24744990716882.984        1.0722487891741819E-007
               346000   24744990716882.984        1.0719032652004486E-007
               348000   24744990716882.984        1.0715559252804410E-007
               350000   24744990716882.984        1.0712067725090994E-007
               352000   24744990716882.984        1.0708558099952837E-007
               354000   24744990716882.984        1.0705030408615883E-007
               356000   24744990716882.984        1.0701484682441405E-007
               358000   24744990716882.984        1.0697920952927289E-007
               360000   24744990716882.984        1.0694339251706590E-007
               362000   24744990716882.984        1.0690739610546521E-007
               364000   24744990716882.984        1.0687122061348740E-007
               366000   24744990716882.984        1.0683486636147984E-007
               368000   24744990716882.984        1.0679833367111349E-007
               370000   24744990716882.984        1.0676162286538479E-007
               372000   24744990716882.984        1.0672473426859996E-007
               374000   24744990716882.984        1.0668766820637342E-007
               376000   24744990716882.984        1.0665042500561294E-007
               378000   24744990716882.984        1.0661300499452995E-007
               380000   24744990716882.984        1.0657540850261001E-007
               382000   24744990716882.984        1.0653763586062852E-007
               384000   24744990716882.984        1.0649968740063320E-007
               386000   24744990716882.984        1.0646156345593348E-007
               388000   24744990716882.984        1.0642326436109862E-007
               390000   24744990716882.984        1.0638479045195259E-007
               392000   24744990716882.984        1.0634614206557081E-007
               394000   24744990716882.984        1.0630731954025758E-007
               396000   24744990716882.984        1.0626832321555852E-007
               398000   24744990716882.984        1.0622915343223774E-007
               400000   24744990716882.984        1.0618981053228817E-007
               402000   24744990716882.984        1.0615029485890237E-007
               404000   24744990716882.984        1.0611060675649212E-007
               406000   24744990716882.984        1.0607074657065452E-007
               408000   24744990716882.984        1.0603071464818212E-007
               410000   24744990716882.984        1.0599051133706220E-007
               412000   24744990716882.984        1.0595013698644201E-007
               414000   24744990716882.984        1.0590959194665466E-007
               416000   24744990716882.984        1.0586887656919163E-007
               418000   24744990716882.984        1.0582799120669741E-007
               420000   24744990716882.984        1.0578693621296719E-007
               422000   24744990716882.984        1.0574571194295404E-007
               424000   24744990716882.984        1.0570431875271971E-007
               426000   24744990716882.984        1.0566275699947655E-007
               428000   24744990716882.984        1.0562102704154798E-007
               430000   24744990716882.984        1.0557912923838174E-007
               432000   24744990716882.984        1.0553706395052006E-007
               434000   24744990716882.984        1.0549483153962334E-007
               436000   24744990716882.984        1.0545243236842806E-007
               438000   24744990716882.984        1.0540986680076341E-007
               440000   24744990716882.984        1.0536713520154783E-007
               442000   24744990716882.984        1.0532423793675903E-007
               444000   24744990716882.984        1.0528117537344286E-007
               446000   24744990716882.984        1.0523794787970863E-007
               448000   24744990716882.984        1.0519455582470956E-007
               450000   24744990716882.984        1.0515099957865222E-007
               452000   24744990716882.984        1.0510727951276735E-007
               454000   24744990716882.984        1.0506339599932510E-007
               456000   24744990716882.984        1.0501934941161380E-007
               458000   24744990716882.984        1.0497514012394099E-007
               460000   24744990716882.984        1.0493076851161722E-007
               462000   24744990716882.984        1.0488623495095157E-007
               464000   24744990716882.984        1.0484153981925810E-007
               466000   24744990716882.984        1.0479668349482516E-007
               468000   24744990716882.984        1.0475166635692403E-007
               470000   24744990716882.984        1.0470648878580502E-007
               472000   24744990716882.984        1.0466115116267520E-007
               474000   24744990716882.984        1.0461565386970281E-007
               476000   24744990716882.984        1.0456999728999772E-007
               478000   24744990716882.984        1.0452418180762899E-007
               480000   24744990716882.984        1.0447820780758619E-007
               482000   24744990716882.984        1.0443207567579507E-007
               484000   24744990716882.984        1.0438578579909250E-007
               486000   24744990716882.984        1.0433933856525348E-007
               488000   24744990716882.984        1.0429273436293631E-007
               490000   24744990716882.984        1.0424597358170777E-007
               492000   24744990716882.984        1.0419905661202061E-007
               494000   24744990716882.984        1.0415198384521927E-007
               496000   24744990716882.984        1.0410475567352782E-007
               498000   24744990716882.984        1.0405737249002814E-007
               500000   24744990716882.984        1.0400983468867762E-007
               502000   24744990716882.984        1.0396214266428053E-007
               504000   24744990716882.984        1.0391429681249580E-007
               506000   24744990716882.984        1.0386629752981805E-007
               508000   24744990716882.984        1.0381814521358139E-007
               510000   24744990716882.984        1.0376984026194355E-007
               512000   24744990716882.984        1.0372138307387103E-007
               514000   24744990716882.984        1.0367277404916372E-007
               516000   24744990716882.984        1.0362401358840296E-007
               518000   24744990716882.984        1.0357510209298867E-007
               520000   24744990716882.984        1.0352603996508854E-007
               522000   24744990716882.984        1.0347682760766833E-007
               524000   24744990716882.984        1.0342746542446736E-007
               526000   24744990716882.984        1.0337795381997749E-007
               528000   24744990716882.984        1.0332829319946931E-007
               530000   24744990716882.984        1.0327848396896141E-007
               532000   24744990716882.984        1.0322852653521455E-007
               534000   24744990716882.984        1.0317842130572906E-007
               536000   24744990716882.984        1.0312816868872990E-007
               538000   24744990716882.984        1.0307776909318040E-007
               540000   24744990716882.984        1.0302722292874522E-007
               542000   24744990716882.984        1.0297653060580723E-007
               544000   24744990716882.984        1.0292569253545059E-007
               546000   24744990716882.984        1.0287470912944788E-007
               548000   24744990716882.984        1.0282358080026175E-007
               550000   24744990716882.984        1.0277230796103559E-007
               552000   24744990716882.984        1.0272089102558419E-007
               554000   24744990716882.984        1.0266933040838018E-007
               556000   24744990716882.984        1.0261762652457451E-007
               558000   24744990716882.984        1.0256577978994311E-007
               560000   24744990716882.984        1.0251379062091935E-007
               562000   24744990716882.984        1.0246165943457195E-007
               564000   24744990716882.984        1.0240938664859364E-007
               566000   24744990716882.984        1.0235697268129846E-007
               568000   24744990716882.984        1.0230441795161219E-007
               570000   24744990716882.984        1.0225172287908140E-007
               572000   24744990716882.984        1.0219888788383065E-007
               574000   24744990716882.984        1.0214591338659286E-007
               576000   24744990716882.984        1.0209279980867744E-007
               578000   24744990716882.984        1.0203954757196805E-007
               580000   24744990716882.984        1.0198615709893064E-007
               582000   24744990716882.984        1.0193262881258186E-007
               584000   24744990716882.984        1.0187896313650168E-007
               586000   24744990716882.984        1.0182516049480847E-007
               588000   24744990716882.984        1.0177122131217566E-007
               590000   24744990716882.984        1.0171714601379800E-007
               592000   24744990716882.984        1.0166293502540562E-007
               594000   24744990716882.984        1.0160858877323910E-007
               596000   24744990716882.984        1.0155410768406083E-007
               598000   24744990716882.984        1.0149949218512323E-007
               600000   24744990716882.984        1.0144474270419506E-007
               602000   24744990716882.984        1.0138985966952082E-007
               604000   24744990716882.984        1.0133484350983518E-007
               606000   24744990716882.984        1.0127969465434204E-007
               608000   24744990716882.984        1.0122441353273173E-007
               610000   24744990716882.984        1.0116900057513094E-007
               612000   24744990716882.984        1.0111345621214276E-007
               614000   24744990716882.984        1.0105778087479922E-007
               616000   24744990716882.984        1.0100197499458396E-007
               618000   24744990716882.984        1.0094603900342279E-007
               620000   24744990716882.984        1.0088997333363354E-007
               622000   24744990716882.984        1.0083377841798395E-007
               624000   24744990716882.984        1.0077745468964219E-007
               626000   24744990716882.984        1.0072100258218758E-007
               628000   24744990716882.984        1.0066442252958664E-007
               630000   24744990716882.984        1.0060771496620235E-007
               632000   24744990716882.984        1.0055088032677748E-007
               634000   24744990716882.984        1.0049391904643948E-007
               636000   24744990716882.984        1.0043683156067146E-007
               638000   24744990716882.984        1.0037961830532460E-007
               640000   24744990716882.984        1.0032227971661144E-007
               642000   24744990716882.984        1.0026481623108096E-007
               644000   24744990716882.984        1.0020722828563225E-007
               646000   24744990716882.984        1.0014951631749143E-007
               648000   24744990716882.984        1.0009168076422060E-007
               650000   24744990716882.984        1.0003372206368701E-007
               652000   24744990716882.984        9.9975640654081739E-008
               654000   24744990716882.984        9.9917436973901331E-008
               656000   24744990716882.984        9.9859111461942150E-008
               658000   24744990716882.984        9.9800664557282941E-008
               660000   24744990716882.984        9.9742096699303359E-008
               662000   24744990716882.984        9.9683408327648918E-008
               664000   24744990716882.984        9.9624599882234758E-008
               666000   24744990716882.984        9.9565671803252836E-008
               668000   24744990716882.984        9.9506624531149034E-008
               670000   24744990716882.984        9.9447458506606486E-008
               672000   24744990716882.984        9.9388174170563609E-008
               674000   24744990716882.984        9.9328771964194947E-008
               676000   24744990716882.984        9.9269252328910611E-008
               678000   24744990716882.984        9.9209615706332654E-008
               680000   24744990716882.984        9.9149862538302633E-008
               682000   24744990716882.984        9.9089993266880650E-008
               684000   24744990716882.984        9.9030008334318792E-008
               686000   24744990716882.984        9.8969908183073005E-008
               688000   24744990716882.984        9.8909693255782366E-008
               690000   24744990716882.984        9.8849363995280449E-008
               692000   24744990716882.984        9.8788920844559187E-008
               694000   24744990716882.984        9.8728364246793325E-008
               696000   24744990716882.984        9.8667694645314032E-008
               698000   24744990716882.984        9.8606912483618347E-008
               700000   24744990716882.984        9.8546018205334432E-008
               702000   24744990716882.984        9.8485012254256952E-008
               704000   24744990716882.984        9.8423895074293575E-008
               706000   24744990716882.984        9.8362667109493277E-008
               708000   24744990716882.984        9.8301328804027523E-008
               710000   24744990716882.984        9.8239880602185659E-008
               712000   24744990716882.984        9.8178322948367176E-008
               714000   24744990716882.984        9.8116656287065356E-008
               716000   24744990716882.984        9.8054881062881561E-008
               718000   24744990716882.984        9.7992997720501046E-008
               720000   24744990716882.984        9.7931006704697452E-008
               722000   24744990716882.984        9.7868908460318187E-008
               724000   24744990716882.984        9.7806703432280675E-008
               726000   24744990716882.984        9.7744392065571716E-008
               728000   24744990716882.984        9.7681974805230441E-008
               730000   24744990716882.984        9.7619452096349026E-008
               732000   24744990716882.984        9.7556824384070587E-008
               734000   24744990716882.984        9.7494092113572880E-008
               736000   24744990716882.984        9.7431255730065763E-008
               738000   24744990716882.984        9.7368315678781479E-008
               740000   24744990716882.984        9.7305272404979069E-008
               742000   24744990716882.984        9.7242126353931882E-008
               744000   24744990716882.984        9.7178877970913491E-008
               746000   24744990716882.984        9.7115527701199588E-008
               748000   24744990716882.984        9.7052075990072693E-008
               750000   24744990716882.984        9.6988523282783762E-008
               752000   24744990716882.984        9.6924870024583802E-008
               754000   24744990716882.984        9.6861116660686142E-008
               756000   24744990716882.984        9.6797263636293113E-008
               758000   24744990716882.984        9.6733311396549658E-008
               760000   24744990716882.984        9.6669260386566323E-008
               762000   24744990716882.984        9.6605111051418092E-008
               764000   24744990716882.984        9.6540863836103241E-008
               766000   24744990716882.984        9.6476519185576117E-008
               768000   24744990716882.984        9.6412077544719521E-008
               770000   24744990716882.984        9.6347539358344745E-008
               772000   24744990716882.984        9.6282905071182785E-008
               774000   24744990716882.984        9.6218175127873184E-008
               776000   24744990716882.984        9.6153349972977571E-008
               778000   24744990716882.984        9.6088430050958248E-008
               780000   24744990716882.984        9.6023415806171676E-008
               782000   24744990716882.984        9.5958307682861796E-008
               784000   24744990716882.984        9.5893106125170808E-008
               786000   24744990716882.984        9.5827811577108977E-008
               788000   24744990716882.984        9.5762424482567174E-008
               790000   24744990716882.984        9.5696945285304386E-008
               792000   24744990716882.984        9.5631374428944987E-008
               794000   24744990716882.984        9.5565712356951011E-008
               796000   24744990716882.984        9.5499959512658219E-008
               798000   24744990716882.984        9.5434116339243647E-008
               800000   24744990716882.984        9.5368183279709310E-008
               802000   24744990716882.984        9.5302160776910054E-008
               804000   24744990716882.984        9.5236049273511954E-008
               806000   24744990716882.984        9.5169849212015569E-008
               808000   24744990716882.984        9.5103561034734622E-008
               810000   24744990716882.984        9.5037185183792652E-008
               812000   24744990716882.984        9.4970722101115334E-008
               814000   24744990716882.984        9.4904172228438250E-008
               816000   24744990716882.984        9.4837536007283507E-008
               818000   24744990716882.984        9.4770813878962707E-008
               820000   24744990716882.984        9.4704006284574676E-008
               822000   24744990716882.984        9.4637113664992122E-008
               824000   24744990716882.984        9.4570136460864191E-008
               826000   24744990716882.984        9.4503075112596292E-008
               828000   24744990716882.984        9.4435930060378544E-008
               830000   24744990716882.984        9.4368701744128096E-008
               832000   24744990716882.984        9.4301390603533703E-008
               834000   24744990716882.984        9.4233997078026635E-008
               836000   24744990716882.984        9.4166521606768632E-008
               838000   24744990716882.984        9.4098964628668293E-008
               840000   24744990716882.984        9.4031326582351240E-008
               842000   24744990716882.984        9.3963607906179601E-008
               844000   24744990716882.984        9.3895809038229963E-008
               846000   24744990716882.984        9.3827930416289862E-008
               848000   24744990716882.984        9.3759972477852557E-008
               850000   24744990716882.984        9.3691935660125008E-008
               852000   24744990716882.984        9.3623820400006876E-008
               854000   24744990716882.984        9.3555627134091103E-008
               856000   24744990716882.984        9.3487356298658698E-008
               858000   24744990716882.984        9.3419008329676248E-008
               860000   24744990716882.984        9.3350583662782485E-008
               862000   24744990716882.984        9.3282082733294681E-008
               864000   24744990716882.984        9.3213505976191398E-008
               866000   24744990716882.984        9.3144853826129340E-008
               868000   24744990716882.984        9.3076126717400034E-008
               870000   24744990716882.984        9.3007325083966384E-008
               872000   24744990716882.984        9.2938449359432140E-008
               874000   24744990716882.984        9.2869499977047521E-008
               876000   24744990716882.984        9.2800477369695756E-008
               878000   24744990716882.984        9.2731381969902902E-008
               880000   24744990716882.984        9.2662214209804947E-008
               882000   24744990716882.984        9.2592974521191349E-008
               884000   24744990716882.984        9.2523663335442382E-008
               886000   24744990716882.984        9.2454281083567452E-008
               888000   24744990716882.984        9.2384828196186702E-008
               890000   24744990716882.984        9.2315305103511381E-008
               892000   24744990716882.984        9.2245712235369987E-008
               894000   24744990716882.984        9.2176050021179318E-008
               896000   24744990716882.984        9.2106318889942094E-008
               898000   24744990716882.984        9.2036519270254856E-008
               900000   24744990716882.984        9.1966651590290640E-008
               902000   24744990716882.984        9.1896716277805519E-008
               904000   24744990716882.984        9.1826713760127668E-008
               906000   24744990716882.984        9.1756644464141694E-008
               908000   24744990716882.984        9.1686508816311838E-008
               910000   24744990716882.984        9.1616307242649892E-008
               912000   24744990716882.984        9.1546040168734089E-008
               914000   24744990716882.984        9.1475708019680550E-008
               916000   24744990716882.984        9.1405311220157899E-008
               918000   24744990716882.984        9.1334850194372649E-008
               920000   24744990716882.984        9.1264325366075057E-008
               922000   24744990716882.984        9.1193737158550434E-008
               924000   24744990716882.984        9.1123085994593636E-008
               926000   24744990716882.984        9.1052372296540200E-008
               928000   24744990716882.984        9.0981596486244945E-008
               930000   24744990716882.984        9.0910758985076681E-008
               932000   24744990716882.984        9.0839860213922426E-008
               934000   24744990716882.984        9.0768900593154533E-008
               936000   24744990716882.984        9.0697880542674273E-008
               938000   24744990716882.984        9.0626800481870516E-008
               940000   24744990716882.984        9.0555660829622997E-008
               942000   24744990716882.984        9.0484462004319365E-008
               944000   24744990716882.984        9.0413204423809867E-008
               946000   24744990716882.984        9.0341888505450282E-008
               948000   24744990716882.984        9.0270514666059605E-008
               950000   24744990716882.984        9.0199083321944527E-008
               952000   24744990716882.984        9.0127594888871591E-008
               954000   24744990716882.984        9.0056049782079140E-008
               956000   24744990716882.984        8.9984448416273658E-008
               958000   24744990716882.984        8.9912791205614153E-008
               960000   24744990716882.984        8.9841078563715999E-008
               962000   24744990716882.984        8.9769310903652879E-008
               964000   24744990716882.984        8.9697488637929665E-008
               966000   24744990716882.984        8.9625612178520591E-008
               968000   24744990716882.984        8.9553681936819197E-008
               970000   24744990716882.984        8.9481698323660815E-008
               972000   24744990716882.984        8.9409661749320436E-008
               974000   24744990716882.984        8.9337572623492613E-008
               976000   24744990716882.984        8.9265431355305507E-008
               978000   24744990716882.984        8.9193238353307130E-008
               980000   24744990716882.984        8.9120994025459282E-008
               982000   24744990716882.984        8.9048698779140737E-008
               984000   24744990716882.984        8.8976353021148823E-008
               986000   24744990716882.984        8.8903957157675437E-008
               988000   24744990716882.984        8.8831511594324238E-008
               990000   24744990716882.984        8.8759016736099305E-008
               992000   24744990716882.984        8.8686472987402277E-008
               994000   24744990716882.984        8.8613880752026546E-008
               996000   24744990716882.984        8.8541240433156776E-008
               998000   24744990716882.984        8.8468552433362516E-008
              1000000   24744990716882.984        8.8395817154598022E-008
              1002000   24744990716882.984        8.8323034998201416E-008
              1004000   24744990716882.984        8.8250206364879340E-008
              1006000   24744990716882.984        8.8177331654721918E-008
              1008000   24744990716882.984        8.8104411267184938E-008
              1010000   24744990716882.984        8.8031445601089892E-008
              1012000   24744990716882.984        8.7958435054620869E-008
              1014000   24744990716882.984        8.7885380025324060E-008
              1016000   24744990716882.984        8.7812280910109984E-008
              1018000   24744990716882.984        8.7739138105231628E-008
              1020000   24744990716882.984        8.7665952006303788E-008
              1022000   24744990716882.984        8.7592723008282589E-008
              1024000   24744990716882.984        8.7519451505472403E-008
              1026000   24744990716882.984        8.7446137891514560E-008
              1028000   24744990716882.984        8.7372782559398929E-008
              1030000   24744990716882.984        8.7299385901440190E-008
              1032000   24744990716882.984        8.7225948309294014E-008
              1034000   24744990716882.984        8.7152470173943016E-008
              1036000   24744990716882.984        8.7078951885697688E-008
              1038000   24744990716882.984        8.7005393834192219E-008
              1040000   24744990716882.984        8.6931796408379507E-008
              1042000   24744990716882.984        8.6858159996530785E-008
              1044000   24744990716882.984        8.6784484986243434E-008
              1046000   24744990716882.984        8.6710771764416468E-008
              1048000   24744990716882.984        8.6637020717256849E-008
              1050000   24744990716882.984        8.6563232230286977E-008
              1052000   24744990716882.984        8.6489406688332872E-008
              1054000   24744990716882.984        8.6415544475519384E-008
              1056000   24744990716882.984        8.6341645975269357E-008
              1058000   24744990716882.984        8.6267711570297277E-008
              1060000   24744990716882.984        8.6193741642630527E-008
              1062000   24744990716882.984        8.6119736573569778E-008
              1064000   24744990716882.984        8.6045696743702482E-008
              1066000   24744990716882.984        8.5971622532920337E-008
              1068000   24744990716882.984        8.5897514320375472E-008
              1070000   24744990716882.984        8.5823372484520395E-008
              1072000   24744990716882.984        8.5749197403072562E-008
              1074000   24744990716882.984        8.5674989453032016E-008
              1076000   24744990716882.984        8.5600749010675927E-008
              1078000   24744990716882.984        8.5526476451538217E-008
              1080000   24744990716882.984        8.5452172150434314E-008
              1082000   24744990716882.984        8.5377836481440728E-008
              1084000   24744990716882.984        8.5303469817898561E-008
              1086000   24744990716882.984        8.5229072532411636E-008
              1088000   24744990716882.984        8.5154644996841116E-008
              1090000   24744990716882.984        8.5080187582305090E-008
              1092000   24744990716882.984        8.5005700659177011E-008
              1094000   24744990716882.984        8.4931184597080566E-008
              1096000   24744990716882.984        8.4856639764894367E-008
              1098000   24744990716882.984        8.4782066530740375E-008
              1100000   24744990716882.984        8.4707465261984615E-008
              1102000   24744990716882.984        8.4632836325240576E-008
              1104000   24744990716882.984        8.4558180086366179E-008
              1106000   24744990716882.984        8.4483496910446442E-008
              1108000   24744990716882.984        8.4408787161820278E-008
              1110000   24744990716882.984        8.4334051204047477E-008
              1112000   24744990716882.984        8.4259289399929799E-008
              1114000   24744990716882.984        8.4184502111492567E-008
              1116000   24744990716882.984        8.4109689699997994E-008
              1118000   24744990716882.984        8.4034852525930556E-008
              1120000   24744990716882.984        8.3959990949000609E-008
              1122000   24744990716882.984        8.3885105328136617E-008
              1124000   24744990716882.984        8.3810196021497501E-008
              1126000   24744990716882.984        8.3735263386457157E-008
              1128000   24744990716882.984        8.3660307779604874E-008
              1130000   24744990716882.984        8.3585329556753280E-008
              1132000   24744990716882.984        8.3510329072914343E-008
              1134000   24744990716882.984        8.3435306682329896E-008
              1136000   24744990716882.984        8.3360262738434890E-008
              1138000   24744990716882.984        8.3285197593881819E-008
              1140000   24744990716882.984        8.3210111600532748E-008
              1142000   24744990716882.984        8.3135005109448411E-008
              1144000   24744990716882.984        8.3059878470892666E-008
              1146000   24744990716882.984        8.2984732034339687E-008
              1148000   24744990716882.984        8.2909566148449108E-008
              1150000   24744990716882.984        8.2834381161091126E-008
              1152000   24744990716882.984        8.2759177419329405E-008
              1154000   24744990716882.984        8.2683955269418294E-008
              1156000   24744990716882.984        8.2608715056809700E-008
              1158000   24744990716882.984        8.2533457126149218E-008
              1160000   24744990716882.984        8.2458181821265587E-008
              1162000   24744990716882.984        8.2382889485183290E-008
              1164000   24744990716882.984        8.2307580460117757E-008
              1166000   24744990716882.984        8.2232255087458590E-008
              1168000   24744990716882.984        8.2156913707786145E-008
              1170000   24744990716882.984        8.2081556660867967E-008
              1172000   24744990716882.984        8.2006184285649373E-008
              1174000   24744990716882.984        8.1930796920246738E-008
              1176000   24744990716882.984        8.1855394901979565E-008
              1178000   24744990716882.984        8.1779978567318814E-008
              1180000   24744990716882.984        8.1704548251925735E-008
              1182000   24744990716882.984        8.1629104290635814E-008
              1184000   24744990716882.984        8.1553647017452935E-008
              1186000   24744990716882.984        8.1478176765561930E-008
              1188000   24744990716882.984        8.1402693867310389E-008
              1190000   24744990716882.984        8.1327198654217717E-008
              1192000   24744990716882.984        8.1251691456977461E-008
              1194000   24744990716882.984        8.1176172605442687E-008
              1196000   24744990716882.984        8.1100642428647592E-008
              1198000   24744990716882.984        8.1025101254767256E-008
              1200000   24744990716882.984        8.0949549411167698E-008
              1202000   24744990716882.984        8.0873987224359644E-008
              1204000   24744990716882.984        8.0798415020023650E-008
              1206000   24744990716882.984        8.0722833122995369E-008
              1208000   24744990716882.984        8.0647241857279698E-008
              1210000   24744990716882.984        8.0571641546031766E-008
              1212000   24744990716882.984        8.0496032511570676E-008
              1214000   24744990716882.984        8.0420415075375448E-008
              1216000   24744990716882.984        8.0344789558061183E-008
              1218000   24744990716882.984        8.0269156279420882E-008
              1220000   24744990716882.984        8.0193515558393260E-008
              1222000   24744990716882.984        8.0117867713073003E-008
              1224000   24744990716882.984        8.0042213060701307E-008
              1226000   24744990716882.984        7.9966551917672428E-008
              1228000   24744990716882.984        7.9890884599535955E-008
              1230000   24744990716882.984        7.9815211420983516E-008
              1232000   24744990716882.984        7.9739532695864613E-008
              1234000   24744990716882.984        7.9663848737171684E-008
              1236000   24744990716882.984        7.9588159857043201E-008
              1238000   24744990716882.984        7.9512466366770137E-008
              1240000   24744990716882.984        7.9436768576783900E-008
              1242000   24744990716882.984        7.9361066796663173E-008
              1244000   24744990716882.984        7.9285361335129562E-008
              1246000   24744990716882.984        7.9209652500051486E-008
              1248000   24744990716882.984        7.9133940598438670E-008
              1250000   24744990716882.984        7.9058225936442371E-008
              1252000   24744990716882.984        7.8982508819359324E-008
              1254000   24744990716882.984        7.8906789551623585E-008
              1256000   24744990716882.984        7.8831068436811220E-008
              1258000   24744990716882.984        7.8755345777639972E-008
              1260000   24744990716882.984        7.8679621875963082E-008
              1262000   24744990716882.984        7.8603897032779980E-008
              1264000   24744990716882.984        7.8528171548219521E-008
              1266000   24744990716882.984        7.8452445721552037E-008
              1268000   24744990716882.984        7.8376719851192144E-008
              1270000   24744990716882.984        7.8300994234681687E-008
              1272000   24744990716882.984        7.8225269168706381E-008
              1274000   24744990716882.984        7.8149544949080402E-008
              1276000   24744990716882.984        7.8073821870761729E-008
              1278000   24744990716882.984        7.7998100227839396E-008
              1280000   24744990716882.984        7.7922380313533709E-008
              1282000   24744990716882.984        7.7846662420210623E-008
              1284000   24744990716882.984        7.7770946839360977E-008
              1286000   24744990716882.984        7.7695233861612151E-008
              1288000   24744990716882.984        7.7619523776724865E-008
              1290000   24744990716882.984        7.7543816873591576E-008
              1292000   24744990716882.984        7.7468113440235755E-008
              1294000   24744990716882.984        7.7392413763826557E-008
              1296000   24744990716882.984        7.7316718130648995E-008
              1298000   24744990716882.984        7.7241026826129655E-008
              1300000   24744990716882.984        7.7165340134825601E-008
              1302000   24744990716882.984        7.7089658340425494E-008
              1304000   24744990716882.984        7.7013981725746142E-008
              1306000   24744990716882.984        7.6938310572741282E-008
              1308000   24744990716882.984        7.6862645162492512E-008
              1310000   24744990716882.984        7.6786985775215336E-008
              1312000   24744990716882.984        7.6711332690246928E-008
              1314000   24744990716882.984        7.6635686186073337E-008
              1316000   24744990716882.984        7.6560046540294047E-008
              1318000   24744990716882.984        7.6484414029650803E-008
              1320000   24744990716882.984        7.6408788930005944E-008
              1322000   24744990716882.984        7.6333171516360970E-008
              1324000   24744990716882.984        7.6257562062844306E-008
              1326000   24744990716882.984        7.6181960842721603E-008
              1328000   24744990716882.984        7.6106368128376186E-008
              1330000   24744990716882.984        7.6030784191325683E-008
              1332000   24744990716882.984        7.5955209302231293E-008
              1334000   24744990716882.984        7.5879643730868709E-008
              1336000   24744990716882.984        7.5804087746152785E-008
              1338000   24744990716882.984        7.5728541616126795E-008
              1340000   24744990716882.984        7.5653005607959302E-008
              1342000   24744990716882.984        7.5577479987966583E-008
              1344000   24744990716882.984        7.5501965021577293E-008
              1346000   24744990716882.984        7.5426460973360769E-008
              1348000   24744990716882.984        7.5350968107017770E-008
              1350000   24744990716882.984        7.5275486685379323E-008
              1352000   24744990716882.984        7.5200016970407469E-008
              1354000   24744990716882.984        7.5124559223196683E-008
              1356000   24744990716882.984        7.5049113703976533E-008
              1358000   24744990716882.984        7.4973680672096157E-008
              1360000   24744990716882.984        7.4898260386056022E-008
              1362000   24744990716882.984        7.4822853103474025E-008
              1364000   24744990716882.984        7.4747459081112125E-008
              1366000   24744990716882.984        7.4672078574858445E-008
              1368000   24744990716882.984        7.4596711839740748E-008
              1370000   24744990716882.984        7.4521359129911787E-008
              1372000   24744990716882.984        7.4446020698661941E-008
              1374000   24744990716882.984        7.4370696798425360E-008
              1376000   24744990716882.984        7.4295387680760306E-008
              1378000   24744990716882.984        7.4220093596361096E-008
              1380000   24744990716882.984        7.4144814795066014E-008
              1382000   24744990716882.984        7.4069551525839721E-008
              1384000   24744990716882.984        7.3994304036784019E-008
              1386000   24744990716882.984        7.3919072575142900E-008
              1388000   24744990716882.984        7.3843857387299575E-008
              1390000   24744990716882.984        7.3768658718763923E-008
              1392000   24744990716882.984        7.3693476814194449E-008
              1394000   24744990716882.984        7.3618311917379584E-008
              1396000   24744990716882.984        7.3543164271252823E-008
              1398000   24744990716882.984        7.3468034117886218E-008
              1400000   24744990716882.984        7.3392921698491458E-008
              1402000   24744990716882.984        7.3317827253418748E-008
              1404000   24744990716882.984        7.3242751022160989E-008
              1406000   24744990716882.984        7.3167693243353540E-008
              1408000   24744990716882.984        7.3092654154769841E-008
              1410000   24744990716882.984        7.3017633993328565E-008
              1412000   24744990716882.984        7.2942632995092939E-008
              1414000   24744990716882.984        7.2867651395267467E-008
              1416000   24744990716882.984        7.2792689428202623E-008
              1418000   24744990716882.984        7.2717747327390951E-008
              1420000   24744990716882.984        7.2642825325471230E-008
              1422000   24744990716882.984        7.2567923654237241E-008
              1424000   24744990716882.984        7.2493042544611407E-008
              1426000   24744990716882.984        7.2418182226680753E-008
              1428000   24744990716882.984        7.2343342929671862E-008
              1430000   24744990716882.984        7.2268524881960408E-008
              1432000   24744990716882.984        7.2193728311077042E-008
              1434000   24744990716882.984        7.2118953443693408E-008
              1436000   24744990716882.984        7.2044200505637817E-008
              1438000   24744990716882.984        7.1969469721888694E-008
              1440000   24744990716882.984        7.1894761316576767E-008
              1442000   24744990716882.984        7.1820075512989594E-008
              1444000   24744990716882.984        7.1745412533562277E-008
              1446000   24744990716882.984        7.1670772599881333E-008
              1448000   24744990716882.984        7.1596155932698320E-008
              1450000   24744990716882.984        7.1521562751916980E-008
              1452000   24744990716882.984        7.1446993276598839E-008
              1454000   24744990716882.984        7.1372447724958617E-008
              1456000   24744990716882.984        7.1297926314371531E-008
              1458000   24744990716882.984        7.1223429261372023E-008
              1460000   24744990716882.984        7.1148956781655434E-008
              1462000   24744990716882.984        7.1074509090080020E-008
              1464000   24744990716882.984        7.1000086400658530E-008
              1466000   24744990716882.984        7.0925688926576106E-008
              1468000   24744990716882.984        7.0851316880172713E-008
              1470000   24744990716882.984        7.0776970472952277E-008
              1472000   24744990716882.984        7.0702649915592739E-008
              1474000   24744990716882.984        7.0628355417929623E-008
              1476000   24744990716882.984        7.0554087188972781E-008
              1478000   24744990716882.984        7.0479845436888834E-008
              1480000   24744990716882.984        7.0405630369028217E-008
              1482000   24744990716882.984        7.0331442191899720E-008
              1484000   24744990716882.984        7.0257281111179260E-008
              1486000   24744990716882.984        7.0183147331728772E-008
              1488000   24744990716882.984        7.0109041057569030E-008
              1490000   24744990716882.984        7.0034962491906442E-008
              1492000   24744990716882.984        6.9960911837110587E-008
              1494000   24744990716882.984        6.9886889294732410E-008
              1496000   24744990716882.984        6.9812895065499318E-008
              1498000   24744990716882.984        6.9738929349314356E-008
              1500000   24744990716882.984        6.9664992345262017E-008
              1502000   24744990716882.984        6.9591084251603346E-008
              1504000   24744990716882.984        6.9517205265779578E-008
              1506000   24744990716882.984        6.9443355584414577E-008
              1508000   24744990716882.984        6.9369535403318959E-008
              1510000   24744990716882.984        6.9295744917480080E-008
              1512000   24744990716882.984        6.9221984321068835E-008
              1514000   24744990716882.984        6.9148253807454482E-008
              1516000   24744990716882.984        6.9074553569179295E-008
              1518000   24744990716882.984        6.9000883797978883E-008
              1520000   24744990716882.984        6.8927244684785180E-008
              1522000   24744990716882.984        6.8853636419702594E-008
              1524000   24744990716882.984        6.8780059192043704E-008
              1526000   24744990716882.984        6.8706513190303847E-008
              1528000   24744990716882.984        6.8632998602174829E-008
              1530000   24744990716882.984        6.8559515614544546E-008
              1532000   24744990716882.984        6.8486064413498776E-008
              1534000   24744990716882.984        6.8412645184311644E-008
              1536000   24744990716882.984        6.8339258111466078E-008
              1538000   24744990716882.984        6.8265903378632796E-008
              1540000   24744990716882.984        6.8192581168691557E-008
              1542000   24744990716882.984        6.8119291663720684E-008
              1544000   24744990716882.984        6.8046035045001399E-008
              1546000   24744990716882.984        6.7972811493019020E-008
              1548000   24744990716882.984        6.7899621187460760E-008
              1550000   24744990716882.984        6.7826464307231771E-008
              1552000   24744990716882.984        6.7753341030430497E-008
              1554000   24744990716882.984        6.7680251534374735E-008
              1556000   24744990716882.984        6.7607195995579548E-008
              1558000   24744990716882.984        6.7534174589785147E-008
              1560000   24744990716882.984        6.7461187491938618E-008
              1562000   24744990716882.984        6.7388234876196632E-008
              1564000   24744990716882.984        6.7315316915939553E-008
              1566000   24744990716882.984        6.7242433783761277E-008
              1568000   24744990716882.984        6.7169585651464715E-008
              1570000   24744990716882.984        6.7096772690081595E-008
              1572000   24744990716882.984        6.7023995069856687E-008
              1574000   24744990716882.984        6.6951252960264380E-008
              1576000   24744990716882.984        6.6878546529992360E-008
              1578000   24744990716882.984        6.6805875946961136E-008
              1580000   24744990716882.984        6.6733241378308744E-008
              1582000   24744990716882.984        6.6660642990404486E-008
              1584000   24744990716882.984        6.6588080948848014E-008
              1586000   24744990716882.984        6.6515555418456986E-008
              1588000   24744990716882.984        6.6443066563289598E-008
              1590000   24744990716882.984        6.6370614546634997E-008
              1592000   24744990716882.984        6.6298199531011383E-008
              1594000   24744990716882.984        6.6225821678179311E-008
              1596000   24744990716882.984        6.6153481149118451E-008
              1598000   24744990716882.984        6.6081178104069689E-008
              1600000   24744990716882.984        6.6008912702490829E-008
              1602000   24744990716882.984        6.5936685103087522E-008
              1604000   24744990716882.984        6.5864495463814657E-008
              1606000   24744990716882.984        6.5792343941855094E-008
              1608000   24744990716882.984        6.5720230693647188E-008
              1610000   24744990716882.984        6.5648155874871241E-008
              1612000   24744990716882.984        6.5576119640453588E-008
              1614000   24744990716882.984        6.5504122144568918E-008
              1616000   24744990716882.984        6.5432163540637303E-008
              1618000   24744990716882.984        6.5360243981341687E-008
              1620000   24744990716882.984        6.5288363618607301E-008
              1622000   24744990716882.984        6.5216522603616147E-008
              1624000   24744990716882.984        6.5144721086801699E-008
              1626000   24744990716882.984        6.5072959217861308E-008
              1628000   24744990716882.984        6.5001237145749687E-008
              1630000   24744990716882.984        6.4929555018671121E-008
              1632000   24744990716882.984        6.4857912984102938E-008
              1634000   24744990716882.984        6.4786311188779356E-008
              1636000   24744990716882.984        6.4714749778696629E-008
              1638000   24744990716882.984        6.4643228899121978E-008
              1640000   24744990716882.984        6.4571748694586237E-008
              1642000   24744990716882.984        6.4500309308883267E-008
              1644000   24744990716882.984        6.4428910885087258E-008
              1646000   24744990716882.984        6.4357553565537925E-008
              1648000   24744990716882.984        6.4286237491844355E-008
              1650000   24744990716882.984        6.4214962804897761E-008
              1652000   24744990716882.984        6.4143729644854076E-008
              1654000   24744990716882.984        6.4072538151156006E-008
              1656000   24744990716882.984        6.4001388462524217E-008
              1658000   24744990716882.984        6.3930280716955925E-008
              1660000   24744990716882.984        6.3859215051724969E-008
              1662000   24744990716882.984        6.3788191603402376E-008
              1664000   24744990716882.984        6.3717210507826886E-008
              1666000   24744990716882.984        6.3646271900133128E-008
              1668000   24744990716882.984        6.3575375914744016E-008
              1670000   24744990716882.984        6.3504522685372300E-008
              1672000   24744990716882.984        6.3433712345011830E-008
              1674000   24744990716882.984        6.3362945025959835E-008
              1676000   24744990716882.984        6.3292220859802564E-008
              1678000   24744990716882.984        6.3221539977415396E-008
              1680000   24744990716882.984        6.3150902508981697E-008
              1682000   24744990716882.984        6.3080308583973762E-008
              1684000   24744990716882.984        6.3009758331172692E-008
              1686000   24744990716882.984        6.2939251878648693E-008
              1688000   24744990716882.984        6.2868789353786757E-008
              1690000   24744990716882.984        6.2798370883271912E-008
              1692000   24744990716882.984        6.2727996593085921E-008
              1694000   24744990716882.984        6.2657666608536524E-008
              1696000   24744990716882.984        6.2587381054222426E-008
              1698000   24744990716882.984        6.2517140054069734E-008
              1700000   24744990716882.984        6.2446943731299681E-008
              1702000   24744990716882.984        6.2376792208456188E-008
              1704000   24744990716882.984        6.2306685607400986E-008
              1706000   24744990716882.984        6.2236624049310264E-008
              1708000   24744990716882.984        6.2166607654673837E-008
              1710000   24744990716882.984        6.2096636543302702E-008
              1712000   24744990716882.984        6.2026710834340606E-008
              1714000   24744990716882.984        6.1956830646235127E-008
              1716000   24744990716882.984        6.1886996096776772E-008
              1718000   24744990716882.984        6.1817207303072015E-008
              1720000   24744990716882.984        6.1747464381555447E-008
              1722000   24744990716882.984        6.1677767447998710E-008
              1724000   24744990716882.984        6.1608116617495425E-008
              1726000   24744990716882.984        6.1538512004473786E-008
              1728000   24744990716882.984        6.1468953722700840E-008
              1730000   24744990716882.984        6.1399441885276952E-008
              1732000   24744990716882.984        6.1329976604636628E-008
              1734000   24744990716882.984        6.1260557992559828E-008
              1736000   24744990716882.984        6.1191186160157832E-008
              1738000   24744990716882.984        6.1121861217895674E-008
              1740000   24744990716882.984        6.1052583275572435E-008
              1742000   24744990716882.984        6.0983352442337470E-008
              1744000   24744990716882.984        6.0914168826684621E-008
              1746000   24744990716882.984        6.0845032536459142E-008
              1748000   24744990716882.984        6.0775943678857010E-008
              1750000   24744990716882.984        6.0706902360421245E-008
              1752000   24744990716882.984        6.0637908687049838E-008
              1754000   24744990716882.984        6.0568962764001761E-008
              1756000   24744990716882.984        6.0500064695880990E-008
              1758000   24744990716882.984        6.0431214586663704E-008
              1760000   24744990716882.984        6.0362412539675204E-008
              1762000   24744990716882.984        6.0293658657606219E-008
              1764000   24744990716882.984        6.0224953042512583E-008
              1766000   24744990716882.984        6.0156295795811195E-008
              1768000   24744990716882.984        6.0087687018288849E-008
              1770000   24744990716882.984        6.0019126810099211E-008
              1772000   24744990716882.984        5.9950615270760512E-008
              1774000   24744990716882.984        5.9882152499168760E-008
              1776000   24744990716882.984        5.9813738593592164E-008
              1778000   24744990716882.984        5.9745373651668821E-008
              1780000   24744990716882.984        5.9677057770419618E-008
              1782000   24744990716882.984        5.9608791046239103E-008
              1784000   24744990716882.984        5.9540573574899317E-008
              1786000   24744990716882.984        5.9472405451558007E-008
              1788000   24744990716882.984        5.9404286770755088E-008
              1790000   24744990716882.984        5.9336217626412750E-008
              1792000   24744990716882.984        5.9268198111838235E-008
              1794000   24744990716882.984        5.9200228319728422E-008
              1796000   24744990716882.984        5.9132308342166869E-008
              1798000   24744990716882.984        5.9064438270630441E-008
              1800000   24744990716882.984        5.8996618195990142E-008
              1802000   24744990716882.984        5.8928848208506844E-008
              1804000   24744990716882.984        5.8861128397840895E-008
              1806000   24744990716882.984        5.8793458853045792E-008
              1808000   24744990716882.984        5.8725839662582547E-008
              1810000   24744990716882.984        5.8658270914300229E-008
              1812000   24744990716882.984        5.8590752695461727E-008
              1814000   24744990716882.984        5.8523285092727147E-008
              1816000   24744990716882.984        5.8455868192163832E-008
              1818000   24744990716882.984        5.8388502079250151E-008
              1820000   24744990716882.984        5.8321186838861994E-008
              1822000   24744990716882.984        5.8253922555304512E-008
              1824000   24744990716882.984        5.8186709312279971E-008
              1826000   24744990716882.984        5.8119547192906438E-008
              1828000   24744990716882.984        5.8052436279725897E-008
              1830000   24744990716882.984        5.7985376654685060E-008
              1832000   24744990716882.984        5.7918368399155516E-008
              1834000   24744990716882.984        5.7851411593940047E-008
              1836000   24744990716882.984        5.7784506319240609E-008
              1838000   24744990716882.984        5.7717652654699991E-008
              1840000   24744990716882.984        5.7650850679385317E-008
              1842000   24744990716882.984        5.7584100471780259E-008
              1844000   24744990716882.984        5.7517402109807870E-008
              1846000   24744990716882.984        5.7450755670817947E-008
              1848000   24744990716882.984        5.7384161231590535E-008
              1850000   24744990716882.984        5.7317618868338210E-008
              1852000   24744990716882.984        5.7251128656714016E-008
              1854000   24744990716882.984        5.7184690671806036E-008
              1856000   24744990716882.984        5.7118304988133608E-008
              1858000   24744990716882.984        5.7051971679669647E-008
              1860000   24744990716882.984        5.6985690819815560E-008
              1862000   24744990716882.984        5.6919462481423216E-008
              1864000   24744990716882.984        5.6853286736788034E-008
              1866000   24744990716882.984        5.6787163657654585E-008
              1868000   24744990716882.984        5.6721093315211772E-008
              1870000   24744990716882.984        5.6655075780095647E-008
              1872000   24744990716882.984        5.6589111122407521E-008
              1874000   24744990716882.984        5.6523199411685200E-008
              1876000   24744990716882.984        5.6457340716930516E-008
              1878000   24744990716882.984        5.6391535106602180E-008
              1880000   24744990716882.984        5.6325782648616824E-008
              1882000   24744990716882.984        5.6260083410341312E-008
              1884000   24744990716882.984        5.6194437458620527E-008
              1886000   24744990716882.984        5.6128844859743361E-008
              1888000   24744990716882.984        5.6063305679484965E-008
              1890000   24744990716882.984        5.5997819983065454E-008
              1892000   24744990716882.984        5.5932387835188993E-008
              1894000   24744990716882.984        5.5867009300023106E-008
              1896000   24744990716882.984        5.5801684441200210E-008
              1898000   24744990716882.984        5.5736413321837242E-008
              1900000   24744990716882.984        5.5671196004522460E-008
              1902000   24744990716882.984        5.5606032551311112E-008
              1904000   24744990716882.984        5.5540923023746707E-008
              1906000   24744990716882.984        5.5475867482849319E-008
              1908000   24744990716882.984        5.5410865989117476E-008
              1910000   24744990716882.984        5.5345918602529401E-008
              1912000   24744990716882.984        5.5281025382561308E-008
              1914000   24744990716882.984        5.5216186388159653E-008
              1916000   24744990716882.984        5.5151401677767264E-008
              1918000   24744990716882.984        5.5086671309308712E-008
              1920000   24744990716882.984        5.5021995340209178E-008
              1922000   24744990716882.984        5.4957373827375678E-008
              1924000   24744990716882.984        5.4892806827217781E-008
              1926000   24744990716882.984        5.4828294395636954E-008
              1928000   24744990716882.984        5.4763836588027650E-008
              1930000   24744990716882.984        5.4699433459290223E-008
              1932000   24744990716882.984        5.4635085063823135E-008
              1934000   24744990716882.984        5.4570791455525295E-008
              1936000   24744990716882.984        5.4506552687800252E-008
              1938000   24744990716882.984        5.4442368813552445E-008
              1940000   24744990716882.984        5.4378239885200952E-008
              1942000   24744990716882.984        5.4314165954669476E-008
              1944000   24744990716882.984        5.4250147073389611E-008
              1946000   24744990716882.984        5.4186183292305798E-008
              1948000   24744990716882.984        5.4122274661880102E-008
              1950000   24744990716882.984        5.4058421232077861E-008
              1952000   24744990716882.984        5.3994623052396383E-008
              1954000   24744990716882.984        5.3930880171837729E-008
              1956000   24744990716882.984        5.3867192638928999E-008
              1958000   24744990716882.984        5.3803560501720791E-008
              1960000   24744990716882.984        5.3739983807784638E-008
              1962000   24744990716882.984        5.3676462604209624E-008
              1964000   24744990716882.984        5.3612996937622754E-008
              1966000   24744990716882.984        5.3549586854168379E-008
              1968000   24744990716882.984        5.3486232399526411E-008
              1970000   24744990716882.984        5.3422933618901593E-008
              1972000   24744990716882.984        5.3359690557039528E-008
              1974000   24744990716882.984        5.3296503258208102E-008
              1976000   24744990716882.984        5.3233371766219565E-008
              1978000   24744990716882.984        5.3170296124420015E-008
              1980000   24744990716882.984        5.3107276375694293E-008
              1982000   24744990716882.984        5.3044312562470345E-008
              1984000   24744990716882.984        5.2981404726707834E-008
              1986000   24744990716882.984        5.2918552909921625E-008
              1988000   24744990716882.984        5.2855757153164149E-008
              1990000   24744990716882.984        5.2793017497039645E-008
              1992000   24744990716882.984        5.2730333981691975E-008
              1994000   24744990716882.984        5.2667706646821541E-008
              1996000   24744990716882.984        5.2605135531681092E-008
              1998000   24744990716882.984        5.2542620675068392E-008
              2000000   24744990716882.984        5.2480162115339063E-008
