                  200   824.63504637544179        0.0000000000000000     
                  400   824.63504637544179        0.0000000000000000     
                  600   824.63504637544179        0.0000000000000000     
                  800   824.63504637544179        0.0000000000000000     
                 1000   824.63504637544179        0.0000000000000000     
                 1200   824.63504637544179        0.0000000000000000     
                 1400   824.63504637544179        0.0000000000000000     
                 1600   824.63504637544179        0.0000000000000000     
                 1800   824.63504637544179        0.0000000000000000     
                 2000   824.63504637544179        0.0000000000000000     
                 2200   824.63504637544179        0.0000000000000000     
                 2400   824.63504637544179        0.0000000000000000     
                 2600   824.63504637544179        0.0000000000000000     
                 2800   824.63504637544179        0.0000000000000000     
                 3000   824.63504637544179        0.0000000000000000     
                 3200   824.63504637544179        0.0000000000000000     
                 3400   824.63504637544179        0.0000000000000000     
                 3600   824.63504637544179        0.0000000000000000     
                 3800   824.63504637544179        0.0000000000000000     
                 4000   824.63504637544179        0.0000000000000000     
                 4200   824.63504637544179        0.0000000000000000     
                 4400   824.63504637544179        0.0000000000000000     
                 4600   824.63504637544179        0.0000000000000000     
                 4800   824.63504637544179        0.0000000000000000     
                 5000   824.63504637544179        0.0000000000000000     
                 5200   824.63504637544179        0.0000000000000000     
                 5400   824.63504637544179        0.0000000000000000     
                 5600   824.63504637544179        0.0000000000000000     
                 5800   824.63504637544179        0.0000000000000000     
                 6000   824.63504637544179        0.0000000000000000     
                 6200   824.63504637544179        0.0000000000000000     
                 6400   824.63504637544179        0.0000000000000000     
                 6600   824.63504637544179        0.0000000000000000     
                 6800   824.63504637544179        0.0000000000000000     
                 7000   824.63504637544179        0.0000000000000000     
                 7200   824.63504637544179        0.0000000000000000     
                 7400   824.63504637544179        0.0000000000000000     
                 7600   824.63504637544179        0.0000000000000000     
                 7800   824.63504637544179        0.0000000000000000     
                 8000   824.63504637544179        0.0000000000000000     
                 8200   824.63504637544179        0.0000000000000000     
                 8400   824.63504637544179        0.0000000000000000     
                 8600   824.63504637544179        0.0000000000000000     
                 8800   824.63504637544179        0.0000000000000000     
                 9000   824.63504637544179        0.0000000000000000     
                 9200   824.63504637544179        0.0000000000000000     
                 9400   824.63504637544179        0.0000000000000000     
                 9600   824.63504637544179        0.0000000000000000     
                 9800   824.63504637544179        0.0000000000000000     
                10000   824.63504637544179        0.0000000000000000     
                10200   824.63504637544179        0.0000000000000000     
                10400   824.63504637544179        0.0000000000000000     
                10600   824.63504637544179        0.0000000000000000     
                10800   824.63504637544179        0.0000000000000000     
                11000   824.63504637544179        0.0000000000000000     
                11200   824.63504637544179        0.0000000000000000     
                11400   824.63504637544179        0.0000000000000000     
                11600   824.63504637544179        0.0000000000000000     
                11800   824.63504637544179        0.0000000000000000     
                12000   824.63504637544179        0.0000000000000000     
                12200   824.63504637544179        0.0000000000000000     
                12400   824.63504637544179        0.0000000000000000     
                12600   824.63504637544179        0.0000000000000000     
                12800   824.63504637544179        0.0000000000000000     
                13000   824.63504637544179        0.0000000000000000     
                13200   824.63504637544179        0.0000000000000000     
                13400   824.63504637544179        0.0000000000000000     
                13600   824.63504637544179        0.0000000000000000     
                13800   824.63504637544179        0.0000000000000000     
                14000   824.63504637544179        0.0000000000000000     
                14200   824.63504637544179        0.0000000000000000     
                14400   824.63504637544179        0.0000000000000000     
                14600   824.63504637544179        0.0000000000000000     
                14800   824.63504637544179        0.0000000000000000     
                15000   824.63504637544179        0.0000000000000000     
                15200   824.63504637544179        0.0000000000000000     
                15400   824.63504637544179        0.0000000000000000     
                15600   824.63504637544179        0.0000000000000000     
                15800   824.63504637544179        0.0000000000000000     
                16000   824.63504637544179        0.0000000000000000     
                16200   824.63504637544179        0.0000000000000000     
                16400   824.63504637544179        0.0000000000000000     
                16600   824.63504637544179        0.0000000000000000     
                16800   824.63504637544179        0.0000000000000000     
                17000   824.63504637544179        0.0000000000000000     
                17200   824.63504637544179        0.0000000000000000     
                17400   824.63504637544179        0.0000000000000000     
                17600   824.63504637544179        0.0000000000000000     
                17800   824.63504637544179        0.0000000000000000     
                18000   824.63504637544179        0.0000000000000000     
                18200   824.63504637544179        0.0000000000000000     
                18400   824.63504637544179        0.0000000000000000     
                18600   824.63504637544179        0.0000000000000000     
                18800   824.63504637544179        0.0000000000000000     
                19000   824.63504637544179        0.0000000000000000     
                19200   824.63504637544179        0.0000000000000000     
                19400   824.63504637544179        0.0000000000000000     
                19600   824.63504637544179        0.0000000000000000     
                19800   824.63504637544179        0.0000000000000000     
                20000   824.63504637544179        0.0000000000000000     
