0.00015798799995536683
7.572100003017113e-05
6.402100007107947e-05
6.083799962652847e-05
6.156699964776635e-05
5.993200011289446e-05
6.130600013420917e-05
6.090400074754143e-05
5.9220999901299365e-05
5.878299998585135e-05
5.629299994325265e-05
5.664400032401318e-05
5.42859997949563e-05
5.5953000810404774e-05
5.500800034496933e-05
5.558799966820516e-05
5.882499954168452e-05
5.893299930903595e-05
5.505700028152205e-05
5.617600072582718e-05
5.5282000175793655e-05
0.00014281699986895546
5.642500036628917e-05
5.6451999626006e-05
5.496599987964146e-05
5.880899971089093e-05
5.778400009148754e-05
5.50539998585009e-05
5.669799975294154e-05
5.477499962580623e-05
5.5081000027712435e-05
5.5483000323874876e-05
5.587899977399502e-05
5.36640000063926e-05
5.802299983770354e-05
5.664099990099203e-05
5.6527000197093e-05
5.6724999922153074e-05
5.551000049308641e-05
9.512799988442566e-05
5.670300015481189e-05
5.4798999371996615e-05
5.829400015500141e-05
5.569299992203014e-05
5.5903000429680105e-05
5.58340007046354e-05
5.366500045056455e-05
5.4832000387250446e-05
5.836499985889532e-05
5.6025000048975926e-05
5.5407000218110625e-05
6.206200032465858e-05
5.516800047189463e-05
5.5110999710450415e-05
5.479599985847017e-05
5.57530001970008e-05
5.539599987969268e-05
5.776300076831831e-05
5.5159000112325884e-05
5.4581999393121805e-05
5.519400019693421e-05
5.4445000387204345e-05
5.57590001335484e-05
5.533300009119557e-05
5.461300042952644e-05
5.62210007046815e-05
5.5297000471909996e-05
5.492799937201198e-05
5.618700015475042e-05
5.395500011218246e-05
5.988099928799784e-05
5.522799983737059e-05
5.479599985847017e-05
5.411500023910776e-05
5.7282999478047714e-05
5.737900028179865e-05
5.6881000091379974e-05
5.6676999520277604e-05
5.734200021834113e-05
5.474699992191745e-05
5.547599994315533e-05
5.557300028158352e-05
5.3742999625683296e-05
5.771500036644284e-05
5.529999998543644e-05
5.706400042981841e-05
5.778699960501399e-05
5.620899992209161e-05
5.5589999647054356e-05
5.640899962600088e-05
5.5916999372129794e-05
5.6710000535531435e-05
5.7465999816486146e-05
5.6182000662374776e-05
5.4772000112279784e-05
5.413899998529814e-05
5.578599939326523e-05
5.355099983717082e-05
9.582700022292556e-05
5.724400034523569e-05
5.313099973136559e-05
5.551899994316045e-05
5.5278999752772506e-05
5.288099964673165e-05
5.411099937191466e-05
5.4084999646875076e-05
5.25010000274051e-05
5.615800000668969e-05
5.417500051407842e-05
5.310699998517521e-05
5.6103000133589376e-05
5.407499975262908e-05
5.333199987944681e-05
5.454099937196588e-05
5.3578000006382354e-05
5.375199998525204e-05
5.595400034508202e-05
5.3699999625678174e-05
5.34269993295311e-05
5.563000013353303e-05
5.40490000275895e-05
5.459499971038895e-05
5.529400004888885e-05
5.3916999604552984e-05
5.2024000069650356e-05
5.44320000699372e-05
5.215799956204137e-05
5.206599962548353e-05
5.317000068316702e-05
5.307099945639493e-05
5.2147000133118127e-05
5.682899973180611e-05
5.416200019681128e-05
5.3496999498747755e-05
5.563600007008063e-05
5.4307000027620234e-05
5.209299979469506e-05
5.3277999541023746e-05
5.3343000217864756e-05
5.294399943522876e-05
5.4088000069896225e-05
5.3035000746604055e-05
5.493699973158073e-05
5.3727999329566956e-05
5.523100026039174e-05
5.251200036582304e-05
5.190600040805293e-05
5.336799949873239e-05
5.223700009082677e-05
5.819200032419758e-05
5.0892999752250034e-05
5.219200011197245e-05
5.287200019665761e-05
6.314999973255908e-05
5.516400051419623e-05
4.5759999920846894e-05
5.0134000048274174e-05
5.3730999752588104e-05
5.705799958377611e-05
8.722299935470801e-05
6.900100015627686e-05
5.7762999858823605e-05
5.891800083190901e-05
5.837499975314131e-05
5.6736999795248266e-05
5.566599975281861e-05
5.507500009116484e-05
5.2223999773559626e-05
5.6117999520211015e-05
5.530800081032794e-05
5.175099977350328e-05
5.547999990085373e-05
5.634099943563342e-05
5.596900064119836e-05
5.0566000027174596e-05
5.42799998584087e-05
5.5857000006653834e-05
4.8195000090345275e-05
4.3126000491611194e-05
4.182399970886763e-05
4.17930004914524e-05
4.269599958206527e-05
3.423099951760378e-05
3.7337999856390525e-05
4.2128999666601885e-05
4.4469999920693226e-05
4.207599977235077e-05
4.052700023748912e-05
4.203099979349645e-05
4.4685999455396086e-05
4.739099949802039e-05
4.7990999519242905e-05
4.55170002169325e-05
6.051699983800063e-05
5.824599975312594e-05
5.681200036633527e-05
5.2254999900469556e-05
5.23389999216306e-05
6.59139996059821e-05
6.122500053606927e-05
6.989200028328924e-05
5.8897000599245075e-05
7.449099939549342e-05
5.9934999626420904e-05
5.865700040885713e-05
5.832399983773939e-05
5.736999992222991e-05
5.834500007040333e-05
5.968200002826052e-05
6.0633000430243555e-05
5.909100036660675e-05
5.7333000768267084e-05
6.0975999986112583e-05
5.7826000556815416e-05
5.7498999922245275e-05
5.682400023943046e-05
5.78500003030058e-05
5.585200051427819e-05
6.095500066294335e-05
6.03280004725093e-05
7.713099967077142e-05
5.7718000789463986e-05
5.455900009110337e-05
5.6725000831647776e-05
5.565999981627101e-05
5.626199981634272e-05
5.38140002390719e-05
5.7934000324166846e-05
5.573499947786331e-05
5.61400001970469e-05
5.5995999900915194e-05
5.534799947781721e-05
5.612800032395171e-05
5.584599966823589e-05
5.4645000091113616e-05
5.6180999308708124e-05
5.617300030280603e-05
5.609800064121373e-05
5.588200019701617e-05
5.698299992218381e-05
5.69200001336867e-05
5.6211999435618054e-05
5.7346000176039524e-05
5.55179994989885e-05
5.6957999731821474e-05
5.647000034514349e-05
5.610100015474018e-05
5.5033000535331666e-05
5.694399987987708e-05
5.6011000197031535e-05
5.3437000133271795e-05
5.5254000471904874e-05
5.451000015455065e-05
5.601700013357913e-05
5.660499937221175e-05
5.618800059892237e-05
5.625399990094593e-05
5.519500064110616e-05
5.494900051417062e-05
5.386500015447382e-05
5.596200026047882e-05
5.513799987966195e-05
5.486499958351487e-05
5.484400026034564e-05
5.636199966829736e-05
5.674600015481701e-05
5.601999964710558e-05
5.485600013344083e-05
5.4458999329654034e-05
5.569499990087934e-05
5.496099947777111e-05
5.445399983727839e-05
5.578600030275993e-05
5.495200002769707e-05
5.616999987978488e-05
5.576799958362244e-05
5.6693999795243144e-05
5.4213000112213194e-05
5.458899977384135e-05
5.5669000175839756e-05
0.0001061510001818533
5.640400013362523e-05
5.752500055677956e-05
5.659199996443931e-05
5.734000023949193e-05
5.7141999604937155e-05
5.6401000620098785e-05
5.698299992218381e-05
5.913400036661187e-05
5.871700068382779e-05
5.5747000260453206e-05
5.635000070469687e-05
5.651200081047136e-05
5.667999994329875e-05
5.683600011252565e-05
5.456399958347902e-05
5.454599977383623e-05
5.597099971055286e-05
5.3898999794910196e-05
5.598700045084115e-05
5.52100000277278e-05
5.603199952020077e-05
5.4943000577623025e-05
5.892100034543546e-05
5.708799926651409e-05
5.44380000064848e-05
5.543400038732216e-05
5.736999992222991e-05
6.749200019839918e-05
6.43540006421972e-05
5.967600009171292e-05
4.341400017437991e-05
6.74619996061665e-05
6.888099960633554e-05
6.934300017746864e-05
6.783599928894546e-05
6.89469998178538e-05
6.913600009283982e-05
6.636099988099886e-05
6.905800000822637e-05
6.999399920459837e-05
6.929200026206672e-05
6.953200045245467e-05
6.738399952155305e-05
6.696400032524252e-05
6.923500041011721e-05
6.77050002195756e-05
6.888099960633554e-05
6.879699958517449e-05
6.486699930974282e-05
6.767500053683762e-05
6.514300002891105e-05
7.167100011429284e-05
6.627700076933252e-05
7.760800053802086e-05
6.782200034649577e-05
6.318999930954305e-05
6.635800036747241e-05
6.812199990235968e-05
6.911500076967059e-05
6.920800024090568e-05
6.49840003461577e-05
6.901899996591965e-05
6.412800030375365e-05
6.714900064253015e-05
6.493900036730338e-05
5.80830001126742e-05
4.437299958226504e-05
6.231400038814172e-05
6.319600015558535e-05
6.919899988133693e-05
7.020700013526948e-05
6.588899941561976e-05
6.588900032511447e-05
6.880599994474323e-05
6.587799998669652e-05
6.250899969018064e-05
6.60579999021138e-05
6.803500036767218e-05
6.920800024090568e-05
5.9887000134040136e-05
7.101400024112081e-05
7.013499998720363e-05
6.148300053610001e-05
6.589900021936046e-05
5.760999920312315e-05
5.9187999795540236e-05
5.7049000133702066e-05
6.695799947920023e-05
6.728500011377037e-05
0.00011148999965371331
9.253000007447554e-05
8.100699960778002e-05
6.607299928873545e-05
6.69900000502821e-05
6.754799960617675e-05
6.29579999440466e-05
6.93219999448047e-05
6.625900005019503e-05
6.673600000794977e-05
9.656799920776393e-05
6.616900009248639e-05
5.683000017597806e-05
6.642400057899067e-05
5.94040002397378e-05
4.2598000618454535e-05
4.264899962436175e-05
4.686600004788488e-05
5.260800026007928e-05
6.614799985982245e-05
6.602199937333353e-05
6.569700053660199e-05
6.458400002884446e-05
6.69189994368935e-05
7.014399943727767e-05
6.655299966951134e-05
5.986300038784975e-05
5.595099992206087e-05
5.6040999879769515e-05
5.49810001757578e-05
5.430000055639539e-05
5.164300000615185e-05
5.142400004842784e-05
5.578899981628638e-05
5.8465000620344654e-05
4.851399990002392e-05
4.24979998570052e-05
4.128699947614223e-05
4.360000002634479e-05
4.634999913832871e-05
4.308299958211137e-05
4.356699992058566e-05
4.377100049168803e-05
4.3449000258988235e-05
4.4997999793849885e-05
5.499700000655139e-05
5.0208999709866475e-05
5.467899973154999e-05
5.484000030264724e-05
5.455799964693142e-05
5.0984999688807875e-05
5.300499924487667e-05
5.803300064144423e-05
4.50489997092518e-05
4.2317999941587914e-05
4.165799964539474e-05
4.185699981462676e-05
4.228000034345314e-05
4.4747999709215946e-05
4.314099987823283e-05
4.168899977230467e-05
4.269599958206527e-05
4.329900002630893e-05
4.144000013184268e-05
4.18720001107431e-05
4.0481999349140096e-05
4.135900053370278e-05
4.126900057599414e-05
4.285500017431332e-05
4.0932999581855256e-05
4.2208000195387285e-05
4.233900017425185e-05
4.214400087221293e-05
4.167399947618833e-05
9.122499977820553e-05
4.9137999667436816e-05
4.127200008952059e-05
4.1154000427923165e-05
4.2054000005009584e-05
4.2390999624331016e-05
3.5570999898482114e-05
4.030199943372281e-05
4.398100008984329e-05
4.286199964553816e-05
4.2270000449207146e-05
4.116999934922205e-05
4.1508999856887385e-05
4.916699981549755e-05
4.586399973049993e-05
4.909000017505605e-05
5.3857000239077024e-05
4.463200002646772e-05
6.0493000091810245e-05
5.093700019642711e-05
4.721999994217185e-05
5.135199990036199e-05
6.050499996490544e-05
5.9167000472371e-05
6.674199994449737e-05
5.527299981622491e-05
6.789399958506692e-05
5.784699987998465e-05
5.5438000345020555e-05
5.506900015461724e-05
4.965399966749828e-05
5.4942000133451074e-05
5.414399947767379e-05
5.388099998526741e-05
5.307700030243723e-05
5.337999937182758e-05
5.354200038709678e-05
5.416000021796208e-05
5.750199943577172e-05
5.336699996405514e-05
5.6136000239348505e-05
5.572900045081042e-05
5.5285000598814804e-05
5.437600066215964e-05
5.374899956223089e-05
5.478699949890142e-05
5.2288000006228685e-05
5.40450000698911e-05
5.3558999752567615e-05
5.363200034480542e-05
5.267200049274834e-05
5.328399947757134e-05
5.2533999223669525e-05
5.600500026048394e-05
5.3593000302498695e-05
5.328600036591524e-05
5.437800064100884e-05
5.361100011214148e-05
5.032599983678665e-05
5.879199943592539e-05
5.2738000704266597e-05
5.581599998549791e-05
5.609199979517143e-05
0.00010231600026600063
5.56780005354085e-05
5.398299981607124e-05
5.567500011238735e-05
5.355400026019197e-05
5.5035000514180865e-05
5.376299941417528e-05
5.517699992196867e-05
5.3730999752588104e-05
5.302600038703531e-05
5.435799994302215e-05
5.598400002782e-05
5.3063999985170085e-05
5.4303000069921836e-05
5.448699994303752e-05
5.534200045076432e-05
5.440599943540292e-05
5.26509993505897e-05
5.332000000635162e-05
5.457099996419856e-05
5.4692999583494384e-05
5.4987000112305395e-05
5.271699956210796e-05
5.3437000133271795e-05
5.329899977368768e-05
5.378199966799002e-05
5.432499983726302e-05
5.466599941428285e-05
5.4567000006500166e-05
5.263899947749451e-05
5.416599924501497e-05
5.214099928707583e-05
5.377899924496887e-05
5.314599911798723e-05
5.531100032385439e-05
5.522399987967219e-05
5.292100013321033e-05
5.438499920273898e-05
5.300800057739252e-05
5.414499992184574e-05
5.429199973150389e-05
5.317799968906911e-05
5.4072000239102636e-05
5.427100040833466e-05
5.3124999794817995e-05
5.286699979478726e-05
5.279800006974256e-05
5.565699939324986e-05
5.519400019693421e-05
5.273100032354705e-05
5.451399920275435e-05
5.2027000492671505e-05
5.503900047187926e-05
5.4664000344928354e-05
5.1588999667728785e-05
5.319299998518545e-05
5.284200051391963e-05
5.333799981599441e-05
5.3157999900577124e-05
5.445700026029954e-05
5.2228000640752725e-05
7.864599956519669e-05
5.3994999689166434e-05
5.386599968915107e-05
5.347500064090127e-05
5.3796000429429114e-05
5.483999939315254e-05
5.341900032362901e-05
5.3013999604445416e-05
5.139699987921631e-05
5.529999998543644e-05
5.380299990065396e-05
5.2629000492743216e-05
5.351999971026089e-05
5.460400006995769e-05
5.3452000429388136e-05
5.2518999837047886e-05
5.421999958343804e-05
5.613699977402575e-05
5.268300083116628e-05
5.232300009083701e-05
5.197299924475374e-05
5.207800040807342e-05
5.500899987964658e-05
5.391400009102654e-05
5.4088000069896225e-05
5.385100030252943e-05
5.263799994281726e-05
5.4674999773851596e-05
5.363199943531072e-05
5.579799926636042e-05
5.3121999371796846e-05
5.9764000070572365e-05
5.514999975275714e-05
5.280400000629015e-05
5.2770000365853775e-05
5.48250000065309e-05
5.840199992235284e-05
5.530599992198404e-05
5.674299973179586e-05
5.6337999922106974e-05
6.340900017676177e-05
5.9272000726195984e-05
5.3296000260161236e-05
5.52849996893201e-05
5.245000011200318e-05
5.265400068310555e-05
5.113200040796073e-05
4.9219000175071415e-05
4.942899977322668e-05
4.9416999900131486e-05
5.0119000661652535e-05
4.965599964634748e-05
4.887000068265479e-05
4.72209994768491e-05
4.9854999815579504e-05
5.264199990051566e-05
5.1822000386891887e-05
5.736899947805796e-05
5.3357999604486395e-05
5.727600000682287e-05
5.839599998580525e-05
0.00010733299950516084
5.949099977442529e-05
5.5914999393280596e-05
5.8603000070434064e-05
5.35079998371657e-05
6.171600034576841e-05
6.44369993096916e-05
6.384300013451139e-05
6.90220003889408e-05
6.935199962754268e-05
6.640600076934788e-05
6.910899992362829e-05
6.710199977533193e-05
6.613299956370611e-05
6.163900070532691e-05
5.372499981604051e-05
5.484400026034564e-05
5.288700049277395e-05
5.35769995622104e-05
5.448000047181267e-05
5.4240999816101976e-05
5.3761000344820786e-05
5.382999916037079e-05
5.195500034460565e-05
5.428300028142985e-05
5.124299968883861e-05
5.297799998515984e-05
5.2614999731304124e-05
5.29630005985382e-05
5.251299990050029e-05
5.439400047180243e-05
5.8335999710834585e-05
6.164800015540095e-05
6.682599996565841e-05
6.116200074757216e-05
6.482500066340435e-05
6.6069999775209e-05
6.213999949977733e-05
6.325000049400842e-05
6.349900013447041e-05
6.28060006420128e-05
6.675100030406611e-05
6.368799949996173e-05
6.342100004985696e-05
5.9451999732118566e-05
4.439699932845542e-05
5.538299956242554e-05
6.895900060044369e-05
6.439499975385843e-05
6.494700028270017e-05
6.661600036750315e-05
6.651700005022576e-05
6.904900055815233e-05
6.486100028268993e-05
5.3388999731396325e-05
9.974499971576734e-05
5.7825999647320714e-05
5.414800034486689e-05
5.5018000239215326e-05
5.139400036568986e-05
5.567500011238735e-05
5.162399975233711e-05
5.434499962575501e-05
5.415699979494093e-05
5.2782999773626216e-05
5.2893999963998795e-05
5.0826999540731777e-05
5.306999992171768e-05
5.061599949840456e-05
5.154700011189561e-05
5.217099987930851e-05
5.3176000619714614e-05
5.372499981604051e-05
5.139399945619516e-05
5.526299992197892e-05
5.3388000196719076e-05
5.302899990056176e-05
5.193100059841527e-05
5.38929998583626e-05
5.237200002738973e-05
5.235700064076809e-05
5.2320000577310566e-05
5.3138999646762386e-05
5.1495999286998995e-05
5.300800057739252e-05
5.416000021796208e-05
5.282799975248054e-05
5.28130003658589e-05
5.2413000048545655e-05
5.358599992177915e-05
5.314600002748193e-05
5.2105000577284954e-05
5.3277999541023746e-05
5.263299954094691e-05
5.1125999561918434e-05
5.310600045049796e-05
5.471199983730912e-05
5.245600004855078e-05
5.1421000534901395e-05
5.3898999794910196e-05
5.3746000048704445e-05
5.2676999985123985e-05
5.313000019668834e-05
5.3857000239077024e-05
5.307700030243723e-05
5.2786000196647365e-05
5.1637000069604255e-05
5.2284999583207536e-05
5.1746999815804884e-05
5.2116000006208196e-05
5.180500011192635e-05
7.547799941676203e-05
6.232299983821576e-05
5.263599996396806e-05
5.253100061963778e-05
8.261799939646153e-05
5.383300049288664e-05
5.3109999498701654e-05
5.278800017549656e-05
5.150400011189049e-05
4.999599968869006e-05
6.299500000750413e-05
5.192499975237297e-05
5.217400030232966e-05
5.227600013313349e-05
5.169300038687652e-05
5.2596999921661336e-05
5.5096000323828775e-05
5.268699987936998e-05
5.3652999667974655e-05
5.38120002602227e-05
5.213100030232454e-05
5.411400070443051e-05
5.4396999985328875e-05
5.3730999752588104e-05
5.440600034489762e-05
5.249799960438395e-05
5.289999990054639e-05
5.1141000767529476e-05
5.229299949860433e-05
4.994799928681459e-05
5.2737999794771895e-05
5.1793000238831155e-05
5.2131999837001786e-05
5.279099968902301e-05
5.1560999963840004e-05
5.47419995200471e-05
5.0941000154125504e-05
5.6896000387496315e-05
5.3418999414134305e-05
5.364400021790061e-05
5.374200009100605e-05
5.1959999836981297e-05
5.322099968907423e-05
5.3685999773733784e-05
5.287000021780841e-05
5.304999922373099e-05
5.146300009073457e-05
5.3636999837181065e-05
5.14860003022477e-05
5.305600006977329e-05
5.2057000175409485e-05
5.1819999498547986e-05
5.3466999816009775e-05
5.438700009108288e-05
5.252700066193938e-05
5.388099998526741e-05
5.0799999371520244e-05
5.2291000429249834e-05
5.131899979460286e-05
5.240500013314886e-05
5.172000055608805e-05
5.169399992155377e-05
5.271999998512911e-05
5.385999975260347e-05
5.323300047166413e-05
5.2893999963998795e-05
0.0001012780003293301
5.220399998506764e-05
5.288499960443005e-05
5.198199960432248e-05
5.392200000642333e-05
5.197199971007649e-05
5.375499949877849e-05
5.158299973118119e-05
5.194000004848931e-05
5.1963999794679694e-05
5.280599998513935e-05
5.037000028096372e-05
5.231200066191377e-05
5.218600017542485e-05
5.188000068301335e-05
5.163100013305666e-05
5.26530002389336e-05
5.0754000767483376e-05
5.2845999562123325e-05
5.212599990045419e-05
5.155300004844321e-05
5.161900025996147e-05
5.3067000408191234e-05
5.0241000280948356e-05
4.891600019618636e-05
8.21290004751063e-05
4.890700074611232e-05
4.766200072481297e-05
5.186800080991816e-05
5.487399994308362e-05
4.5777000195812434e-05
4.509999962465372e-05
4.819900004804367e-05
6.013300026097568e-05
4.905699915980222e-05
4.4397000237950124e-05
4.527100008999696e-05
4.435900063981535e-05
4.3541999730223324e-05
4.474199977266835e-05
4.383099985716399e-05
4.410699966683751e-05
5.035499998484738e-05
5.41260005775257e-05
5.460399916046299e-05
5.4322000323736575e-05
5.173600038688164e-05
5.137000061949948e-05
5.409699951997027e-05
6.249699981708545e-05
6.910000047355425e-05
6.765400030417368e-05
7.076200017763767e-05
6.781899992347462e-05
6.697299977531657e-05
6.578800002898788e-05
6.0258999837969895e-05
6.097000004956499e-05
5.8446999901207164e-05
4.933000036544399e-05
4.227399949741084e-05
7.825000011507655e-05
5.1555999561969656e-05
4.372500006866176e-05
4.389099922263995e-05
4.3000000005122274e-05
4.3433999962871894e-05
5.3658000069845e-05
4.891600019618636e-05
5.418399996415246e-05
5.3199999456410296e-05
4.8951999815471936e-05
5.4955000450718217e-05
5.4770999668107834e-05
4.227599947626004e-05
4.145500042795902e-05
3.9601000025868416e-05
4.111799989914289e-05
3.97809999412857e-05
4.1479000174149405e-05
3.99390000893618e-05
4.127200008952059e-05
4.1475999751128256e-05
4.100400019524386e-05
4.245400032232283e-05
4.165299924352439e-05
4.0161000470106956e-05
4.207199981465237e-05
4.105299922230188e-05
4.107099994143937e-05
4.084800002601696e-05
4.198299939162098e-05
4.069599981448846e-05
4.144200011069188e-05
4.141299996263115e-05
4.119400000490714e-05
4.137299947615247e-05
3.9667000237386674e-05
4.188999992038589e-05
4.148399966652505e-05
4.092600011063041e-05
4.1371000406797975e-05
4.108499979338376e-05
3.7233000512060244e-05
3.8410000342992134e-05
3.932700019504409e-05
4.11810005971347e-05
4.37379994764342e-05
4.2111999391636346e-05
4.304999947635224e-05
4.4982999497733545e-05
6.1189000007289e-05
5.122900074638892e-05
6.400299935194198e-05
4.5574000068882015e-05
5.9113000133947935e-05
6.29679998382926e-05
6.835900057922117e-05
6.451900026149815e-05
6.693999966955744e-05
6.357699930958916e-05
6.726099945808528e-05
6.651100011367816e-05
6.298600055743009e-05
6.665199998678872e-05
6.720100009260932e-05
5.734899968956597e-05
5.246500040811952e-05
8.53000001370674e-05
5.8323000303062145e-05
5.446800059871748e-05
5.304100068315165e-05
5.463999968924327e-05
5.2551999942807015e-05
5.541700011235662e-05
5.246799992164597e-05
5.410499943536706e-05
5.149799926584819e-05
5.750499985879287e-05
5.142700047144899e-05
5.2692999815917574e-05
5.2864000281260815e-05
5.365899960452225e-05
5.4039000133343507e-05
5.094599964650115e-05
5.385100030252943e-05
5.126199994265335e-05
5.323000004864298e-05
5.380299990065396e-05
6.479799958469812e-05
6.518200007121777e-05
7.0407999373856e-05
6.404200030374341e-05
7.018599990260554e-05
6.901300002937205e-05
6.697000026179012e-05
7.05639995430829e-05
7.439399996655993e-05
6.783099979656981e-05
6.871900041005574e-05
6.919599945831578e-05
5.450200023915386e-05
5.3079999815963674e-05
5.322299966792343e-05
5.49809992662631e-05
5.477500053530093e-05
5.0569000450195745e-05
5.246499949862482e-05
5.0283999371458776e-05
5.493699973158073e-05
5.4458999329654034e-05
5.340000006981427e-05
5.1558999984990805e-05
5.322400011209538e-05
5.2041999879293144e-05
5.490100011229515e-05
5.341299947758671e-05
5.15669999003876e-05
5.333799981599441e-05
5.082099960418418e-05
5.2411000069696456e-05
5.112400049256394e-05
5.2912000683136284e-05
5.4086999625724275e-05
5.5604999943170696e-05
5.3805999414180405e-05
5.437599975266494e-05
6.805900011386257e-05
5.339500057743862e-05
5.238899939286057e-05
5.279700053506531e-05
5.161599983694032e-05
5.341599990060786e-05
5.349700040824246e-05
