                    1  -3.2844986430851736E-002   8.8033827314435154E-003
                    2  0.67395865161899993        1.0103169822167581     
                    3   1.4516168793526205        8.3029491514401227E-002
                    4   2.1812201083729819        1.0072649424538136     
                    5   2.8395711255139267        9.9347902667091620E-002
                    6   3.5832761362025520        1.0474018891095140     
                    7   4.1097923705831558        2.5570191610453347E-002
                    8   4.8641884594392426       0.94682902826212612     
                    9   5.6911939353463721       -5.0192173178229119E-002
                   10   6.3343528865006267       0.99105468568456123     
                   11   7.0437689836474080        7.4768648029610474E-002
                   12   7.6160922847974506        1.0903191147252651     
                   13   8.3333506393487280        6.0291317930397104E-003
                   14   9.1421400661747789       0.90794120698767833     
                   15   9.7332596070602513        4.9812647314375180E-002
                   16   10.492372850318034        1.0477453005513777     
                   17   11.146687847061020       -4.0524041414153743E-002
                   18   11.970918160604244        1.0432766522249042     
                   19   12.663764951859015       -5.7216488959889934E-002
                   20   13.330426047724941        1.0673242267826144     
                   21   13.989499811168082       -8.9176351590442293E-002
                   22   14.677266380988300        1.0592600220057109     
                   23   15.393539332850898        3.5044267566004206E-002
                   24   16.180002541283574       0.97615165500935874     
                   25   16.847477776898518        1.7438556632367638E-002
                   26   17.590172140632720       0.90233458693043656     
                   27   18.144505440997477        8.7623207893923555E-002
                   28   18.883232659752174       0.92559841973595125     
                   29   19.585482198387272       -1.7605992202107817E-002
                   30   20.342150910990288        1.0608382891574184     
                   31   21.090487087431352       -3.1677799524592626E-002
                   32   21.704923426480065        1.0601521127695046     
                   33   22.482907619085410       -6.9232279515048845E-002
                   34   23.166416714589914       0.99206386623773835     
                   35   23.870372738066706       -4.9378871145611569E-002
                   36   24.572010797197773       0.99232609623740498     
                   37   25.258355875620435       -3.0321335371938138E-002
                   38   25.851117619924551        1.0763364862935836     
                   39   26.594800676703446       -9.8947169177359115E-002
                   40   27.368127014356354        1.0101001916317087     
                   41   28.013690100188946        6.0040985730367452E-002
                   42   28.748896263575642       0.93544986243995454     
                   43   29.451701973524251       -3.8846043007998515E-002
                   44   30.160914555353742       0.92962056289608630     
                   45   30.777841555971310        3.8631831609444583E-002
                   46   31.484821361241604        1.0967644688173184     
                   47   32.207835455125050       -5.4535724698971007E-002
                   48   32.901026384643011        1.0418293374751584     
                   49   33.677306262689328        8.3666003291592489E-002
                   50   34.215031780104454        1.0478467440906238     
                   51   35.016815964976594       -6.7415800275009319E-002
                   52   35.758341389370031        1.0177846584392760     
                   53   36.381725018435979       -8.0890534665579897E-002
                   54   37.068209140068987        1.0637061735921798     
                   55   37.756882893533131       -1.8758172068357989E-002
                   56   38.535358295184253       0.99326340533288315     
                   57   39.145152909372079        1.4819022061934042E-002
                   58   39.995207548655010       0.98340481930079815     
                   59   40.696134083924591        7.8650925764989776E-003
                   60   41.200261180011871       0.90684452949791905     
                   61   42.009656922042858        8.2078115164314180E-002
                   62   42.699124298637784       0.93986707674527481     
                   63   43.357251212592573        1.1667247531223987E-002
                   64   44.161857690532095        1.0985114411860126     
                   65   44.786778180741145       -4.9829695336033833E-002
                   66   45.567506151733632        1.0974349689403069     
                   67   46.124693311332528       -7.0030764135014995E-002
                   68   46.813515771618114        1.0371370134390139     
                   69   47.523497833695821       -6.1829593905911029E-003
                   70   48.261023582646743        1.0831247467933434     
                   71   48.932927720719810       -4.2917800809807227E-002
                   72   49.602347502159546        1.0405750943460348     
                   73   50.321402146207987       -4.2442381063088827E-002
                   74   51.103209456724869        1.0480259412039890     
                   75   51.798386494624516       -2.6384338935800347E-002
                   76   52.551731998404641       0.93945538062900602     
                   77   53.173769410383350       -4.8393777987214205E-002
                   78   53.933136782784544       0.98490057639662565     
                   79   54.511399404504736       -6.4339329705392051E-002
                   80   55.387341213872993       0.98805066098636385     
                   81   55.933867954333927        2.4600719369595819E-002
                   82   56.737005644725386        1.0844584329825859     
                   83   57.309580880763633       -4.6194099529266626E-002
                   84   58.187952717239227        1.0890013167671388     
                   85   58.772300209910739        5.8237724399964053E-003
                   86   59.451318491077011        1.0338575002337262     
                   87   60.153005576705496       -1.5482088626421767E-002
                   88   60.923841946625330       0.99572486395975401     
                   89   61.538712603072057        8.5409855468162654E-002
                   90   62.395292507237457       0.91063462899684244     
                   91   63.069975076475252       -6.6963803686908158E-003
                   92   63.746470549441547       0.93698205094520171     
                   93   64.493496790991912       -1.3794779997616760E-002
                   94   65.015158118166809        1.0843052961347759     
                   95   65.783331424044306       -3.8867309464896811E-002
                   96   66.571431981969297        1.0226035480581228     
                   97   67.103561694023227       -3.7405031511730413E-002
                   98   67.931057194688577        1.0834622865548309     
                   99   68.505447856344688       -9.2638220664764320E-002
                  100   69.273744805331802        1.0127344354788610     
                  101   69.924093426458867       -4.0182420761770893E-002
                  102   70.725749387879787        1.0762856888087691     
                  103   71.474897519814022       -1.7805848446770009E-002
                  104   72.020198908850205        1.0401065879306963     
                  105   72.756195376268721        6.2172926705491016E-002
                  106   73.410353391358285       0.94948711781267325     
                  107   74.269718789333552        7.5821012169433877E-002
                  108   74.966900253772408        1.0845176254383975     
                  109   75.631472847937673        2.6312139144214569E-002
                  110   76.222460780440528       0.96880983665106857     
                  111   77.013125845817513       -1.4662955321342694E-002
                  112   77.755412912324374        1.0618850926328249     
                  113   78.497148297648849        5.6325033007138009E-002
                  114   79.100510241973112        1.0920909444541085     
                  115   79.879668102094882        6.2877278642156920E-002
                  116   80.418427153534125       0.94399823645708791     
                  117   81.298705782374398       -9.4573461338243153E-002
                  118   81.877615358760750       0.93847852486973538     
                  119   82.659826938079519       -5.9985400696141632E-002
                  120   83.269140721065540       0.90114550144776862     
                  121   84.097882952699763        6.3756092941315290E-002
                  122   84.724387814501824       0.96514597908844368     
                  123   85.312587359573115       -8.6504915003756788E-002
                  124   86.183043577158557        1.0544084137761029     
                  125   86.721943655455860        3.8659175328318640E-002
                  126   87.515582305919693        1.0818273746316382     
                  127   88.147768553731936        3.0257935101050154E-002
                  128   88.976237911324276       0.97230302482901643     
                  129   89.653296658177993       -2.4112838982762022E-002
                  130   90.347026657016485        1.0938202370143952     
                  131   90.952970698703012       -6.2158570623795574E-002
                  132   91.748023921700664       0.99179322047997887     
                  133   92.435260635885868        6.2390108599543470E-002
                  134   93.044948851943985        1.0633635541803321     
                  135   93.741981990049126       -7.0297932079276412E-002
                  136   94.413434671084090        1.0506182121695273     
                  137   95.262376055897604        7.9996741873061106E-002
                  138   95.926064415224758        1.0513424038006260     
                  139   96.666744930113964       -4.3781020780199013E-002
                  140   97.226542167667048       0.96662954600316908     
                  141   97.983665689027461        9.5756673282914762E-002
                  142   98.625828145033566       0.95902167741910926     
                  143   99.320817079275756        5.4274855260987492E-002
                  144   100.02812655083937        1.0082828959173811     
                  145   100.85099754969296       -1.4697098870138814E-002
                  146   101.46514964290657       0.91968306428933866     
                  147   102.20554410784985        7.4307798119338825E-002
                  148   102.92922075181868        1.0162377336476192     
                  149   103.50801944696562        7.9431993468139922E-002
                  150   104.39267992046830        1.0856532805741421     
                  151   104.93564485347184       -9.4993433949421044E-002
                  152   105.64470314080954       0.93172678857005586     
                  153   106.44396274256492        6.8497422876263730E-002
                  154   107.08064321654898       0.96751931988432172     
                  155   107.83721112353116       -3.4528328126116226E-002
                  156   108.43303877431445       0.95032691179933393     
                  157   109.28903637836430       -8.4302281295595236E-002
                  158   109.98716011238294       0.96345547971945633     
                  159   110.52286686563761       -5.1287616194740294E-002
                  160   111.20196956703673       0.97928147285642797     
                  161   111.95976705064260        3.5447421560591552E-002
                  162   112.61920574242805       0.90480583269645665     
                  163   113.38587797126598        6.4009373575691891E-002
                  164   114.16831901685296        1.0881201802115115     
                  165   114.86127917089676        4.5987019750956593E-002
                  166   115.47453690216793        1.0256665072982574     
                  167   116.20711101607208       -3.8569111794872046E-002
                  168   116.86684297329896       0.92089210192567583     
                  169   117.56177270410907        4.8463789239249655E-002
                  170   118.31660742876258        1.0480847769720569     
                  171   119.04235637436962       -6.6372378407317190E-002
                  172   119.71881579829073        1.0995449652997622     
                  173   120.36458338905297        9.2583160563665834E-002
                  174   121.03119436133230       0.95603038109923655     
                  175   121.84497093693207        6.6019231983128812E-002
                  176   122.54571451554705        1.0929561325999488     
                  177   123.19208932448730       -5.1204356272384184E-002
                  178   123.82098088619398        1.0417564436433229     
                  179   124.57156949961441        9.4097620993908782E-002
                  180   125.23496755942949        1.0839844446372771     
                  181   125.94730539583273        4.4963618341576972E-002
                  182   126.78061720679784        1.0231748405847598     
                  183   127.32867327470103        6.5371206112061458E-002
                  184   128.04550416110467        1.0913335366671144     
                  185   128.83057451416892        2.6285134490998840E-002
                  186   129.54229459560997       0.95499140475144917     
                  187   130.22840745442426       -7.7646625119777879E-002
                  188   130.99865153123474        1.0046428768605611     
                  189   131.55193970506008       -5.7473087300823462E-002
                  190   132.32164112829517        1.0974320003549114     
                  191   133.00749990709775        2.4878103787406722E-002
                  192   133.67170439749660        1.0275264577939103     
                  193   134.39627692678152        3.4810799253957442E-003
                  194   135.12493724499620        1.0157377013346860     
                  195   135.77045999275003        7.1219731572960049E-002
                  196   136.53881600635327        1.0237023909985772     
                  197   137.11951408200173       -8.1510184037391964E-002
                  198   137.97406112949483        1.0572376602029572     
                  199   138.59136804473439       -9.7299520067987463E-002
                  200   139.32756840889104        1.0740200170903520     
                  201   140.01587833937657       -6.0649751456844508E-003
                  202   140.68152951638498        1.0804545508227206     
                  203   141.41179397914792        5.4672345476380557E-002
                  204   142.11431543062253        1.0477845447681902     
                  205   142.76171636029602       -6.9224217447469344E-002
                  206   143.45897112194700       0.99628625122362524     
                  207   144.24743870127881       -1.5579458307017333E-002
                  208   144.92266827358395       0.90761461966780510     
                  209   145.62196089094340       -8.5109517544325289E-002
                  210   146.23516744722571        1.0691639339346035     
                  211   147.04955205874495       -6.2282203966909845E-002
                  212   147.62580518315713       0.93518832227661441     
                  213   148.46580613120162        9.3060842174501224E-002
                  214   149.19645586551502       0.94581746258629140     
                  215   149.82225534410745        9.8297674863532414E-002
                  216   150.57887052174982        1.0845558501104284     
                  217   151.20994871464970       -7.4806780116723051E-002
                  218   151.80711089413140       0.92136703316490998     
                  219   152.69079426774675       -9.6352003081907181E-002
                  220   153.36938612723995       0.97982568040011153     
                  221   154.07093759082736        9.6679127778608903E-002
                  222   154.62661723803080        1.0306518924657841     
                  223   155.34452870732102       -6.3193735477260898E-003
                  224   156.01017139348102        1.0999534299478329     
                  225   156.78106169443677       -5.0985952345490013E-002
                  226   157.50192715068277       0.95809466440972324     
                  227   158.15911690276104       -6.0588287875641147E-002
                  228   158.80160756541449        1.0672572831408720     
                  229   159.58980950286596        5.0847542579110366E-003
                  230   160.36478476899205        1.0912259559812654     
                  231   160.90634956368189       -4.3998225819476169E-002
                  232   161.61952365789506       0.98255702776986253     
                  233   162.33294129311403        4.5976283482433156E-003
                  234   163.16991533959407       0.95300238844255902     
                  235   163.85705876036241        5.6062867513225090E-002
                  236   164.57576168027089        1.0872052327342652     
                  237   165.29817872192206        5.3947153321261043E-002
                  238   165.87179562679026       0.93376116917945562     
                  239   166.66635017097931        7.0646012045272683E-002
                  240   167.33062167204940        1.0387135071275697     
                  241   168.03396736117446        6.9958452438754370E-002
                  242   168.65831123922118        1.0146306077383451     
                  243   169.34995808420726        8.6865264788820368E-002
                  244   170.08060545237771       0.92887924642090136     
                  245   170.84833795008453       -9.6412495548533400E-002
                  246   171.52706670831245       0.96195528599908009     
                  247   172.20989393398654        3.4872970257176200E-002
                  248   172.90141904878317       0.98990789311718785     
                  249   173.53218085928560       -6.3757251771004275E-002
                  250   174.25540141153959        1.0874436629364466     
                  251   174.97339505838372        9.6740859914545035E-002
                  252   175.64734190303119        1.0767701947127313     
                  253   176.45214003202872       -6.0431056006023796E-002
                  254   177.08422181418419       0.90853760970388164     
                  255   177.74094393529475       -5.9884015713973351E-002
                  256   178.44733474012872       0.91115533888257327     
                  257   179.11252070951747       -3.4611959131383541E-002
                  258   179.90042243783768        1.0375626887579268     
                  259   180.55749866964220       -7.2498103480824777E-002
                  260   181.30310591094985        1.0572359786140728     
                  261   182.04163087434188       -5.3257340944379616E-002
                  262   182.79496820561192       0.93255226863752860     
                  263   183.37687046006843        3.7748155042604092E-002
                  264   184.16575201003528       0.96521150664542232     
                  265   184.79295528371105        8.4559614836304198E-002
                  266   185.53688307035074        1.0120234955315797     
                  267   186.21464190458875        9.8066151575628091E-002
                  268   186.92460019831310        1.0259804487928186     
                  269   187.55168768053895       -2.8184776669796685E-002
                  270   188.36831156616424        1.0550019250429181     
                  271   189.01328407417265       -4.9746041644699597E-002
                  272   189.60758675611675        1.0678529814438857     
                  273   190.30359187962114        4.4803369811721921E-002
                  274   191.07881175668990       0.94404067229331601     
                  275   191.70919685121382        3.3175615921248042E-002
                  276   192.50195697161413        1.0554398201967026     
                  277   193.27676717371435       -4.2448397206600041E-003
                  278   193.95639896952929       0.96900086315124123     
                  279   194.67222623769544        9.2306877739111309E-003
                  280   195.31690069399585        1.0272790968106655     
                  281   195.96625826165123        3.8952896600139397E-002
                  282   196.72141162250651       0.94180751447803723     
                  283   197.46847938595565        1.5907934454742062E-003
                  284   198.10192551309959       0.92950719070775634     
                  285   198.70667671802886        8.2508513947376766E-003
                  286   199.48444369964480       0.93405988673061946     
                  287   200.27844234618411        8.2983384494896978E-003
                  288   200.90333309359838       0.94524240557508765     
                  289   201.53461499909477        3.0348587747039635E-002
                  290   202.31129242758968       0.99062539266821870     
                  291   203.03402579688566        3.9865803198682270E-002
                  292   203.79720114525145        1.0877341673691761     
                  293   204.40628254038253       -6.3512861134830206E-002
                  294   205.16917257438473       0.98813310675916888     
                  295   205.88001144053175        8.1498907362229395E-002
                  296   206.48760253199586        1.0574782261234155     
                  297   207.18333712592789        9.1266379486751509E-002
                  298   207.87192846563528        1.0534992141622679     
                  299   208.69063771353822        4.4546848764329461E-002
                  300   209.32341177580756        1.0320808907759209     
                  301   210.08485366892305        6.5538221651589512E-002
                  302   210.61263991699792       0.93822365866656121     
                  303   211.32903462166203       -4.6346549701286481E-002
                  304   212.14608585424992       0.94227689107495294     
                  305   212.85792988073669       -4.3680304533722708E-002
                  306   213.40257807464829       0.98959348607121977     
                  307   214.16506618196942        2.9807402990270848E-002
                  308   214.80144813736942       0.96529803633484446     
                  309   215.63750461126304        5.5703339079044234E-002
                  310   216.28446499849790       0.94729723544192945     
                  311   216.99058795572515       -6.5929890941721581E-002
                  312   217.74765106232041        1.0398723378782067     
                  313   218.39314251862359       -4.2028491993680799E-002
                  314   219.19683482871162        1.0756822517722247     
                  315   219.89375483502889        9.3194696250145370E-002
                  316   220.52471049801591       0.98593906151328081     
                  317   221.15627954115791        6.0276854332916241E-002
                  318   221.89646889090517       0.95395037267703608     
                  319   222.64307698259648       -3.6156122277701278E-002
                  320   223.29519157291108       0.97531680299072609     
                  321   224.03909508936982       -5.7184667268599408E-002
                  322   224.60085592388063       0.98121032108979733     
                  323   225.40545217685292        8.8587474752347128E-002
                  324   226.00562422172575       0.93016343077886798     
                  325   226.70207362895894       -5.6684303665475805E-002
                  326   227.43906847599760        1.0508725678296222     
                  327   228.24490432401760       -9.5759696575775238E-003
                  328   228.96848242705636        1.0846157666443133     
                  329   229.59303274572764        8.1192146444854257E-002
                  330   230.26965920496013       0.96449374820154021     
                  331   230.99549307427270        7.2518013904245227E-002
                  332   231.60111402898582       0.90909469905649798     
                  333   232.35657853501229       -5.4194588604674840E-002
                  334   233.15617857099585        1.0214878707174571     
                  335   233.77134637372328        1.4648519502401994E-002
                  336   234.51797388613599        1.0569588107272567     
                  337   235.24731060056959        4.4641680984722654E-002
                  338   235.96073106008828       0.91899212015175347     
                  339   236.59970808879351       -3.2778051430578936E-002
                  340   237.30475203993558        1.0720125164272918     
                  341   237.92859423265404       -5.4392864125621672E-002
                  342   238.65065095945110       0.90985285480234923     
                  343   239.44915745858901        4.6757880414436875E-002
                  344   240.13408897975023       0.95188881885262333     
                  345   240.77592124301941       -2.3112346731876149E-002
                  346   241.57543062247581        1.0323102870041738     
                  347   242.11483148466633       -4.8613299943729156E-002
                  348   242.91376157027869        1.0988762327020183     
                  349   243.65273336893739        5.4927317269352488E-002
                  350   244.22047452418630       0.91282407266796473     
                  351   245.05392130834733        4.2430402508599724E-002
                  352   245.63789875831478       0.97864059871346176     
                  353   246.34082987777111        1.0325151015641146E-002
                  354   247.09638246511855       0.97211298126794399     
                  355   247.88357716705733        1.3587568053356161E-002
                  356   248.51656935190874        1.0811813483859538     
                  357   249.14297367958545        5.7116452257110567E-002
                  358   249.96691325635044        1.0289148717327730     
                  359   250.62912203689362       -7.4250368324193516E-002
                  360   251.33868469768078        1.0010598144775866     
                  361   251.96653912560018        3.7052369105393002E-002
                  362   252.63874500020256       0.91626605776207581     
                  363   253.30301193958897       -6.4579811437301765E-002
                  364   254.10649196979014        1.0366425576817864     
                  365   254.70126880868824       -4.4872140295707678E-002
                  366   255.49774679440500       0.90182948809936869     
                  367   256.28717127329810        7.3598711263340250E-002
                  368   256.80571381956798       0.97175224337721511     
                  369   257.57285861699438       -3.3671343000903048E-002
                  370   258.31726329253939       0.95945660306033265     
                  371   258.95828525090650        2.0128502032156631E-003
                  372   259.66977702009427       0.91526998644295121     
                  373   260.32910234454425        8.9131227163233823E-002
                  374   261.07648902315691        1.0433130796018126     
                  375   261.71438557805845        4.5502539375648438E-002
                  376   262.51619768595418       0.94562797841159418     
                  377   263.19589821389741       -7.5209693752765386E-002
                  378   263.92589577294495        1.0821932965558421     
                  379   264.53410985282909       -1.5752716616802068E-002
                  380   265.24802316608765        1.0120294174368070     
                  381   265.97042118159607       -4.2238952750559999E-002
                  382   266.75157839850635        1.0628025928029692     
                  383   267.40738086331146        9.5579293884363592E-002
                  384   268.03604023983019        1.0639941341160355     
                  385   268.80840955003782        9.2585755467175040E-002
                  386   269.52413081711461        1.0126982435297480     
                  387   270.12213795397224       -1.0941330185959830E-002
                  388   270.88806993206151        1.0622545933416103     
                  389   271.53897676133664        4.3540701135597049E-002
                  390   272.39634093922189       0.91149606869843469     
                  391   272.99340169193800       -3.9904809270244021E-002
                  392   273.77182569716291        1.0036780152416884     
                  393   274.43445678957846       -7.2128851188278789E-002
                  394   275.02855368469392        1.0388520517338058     
                  395   275.77777287929524       -8.2231220844139016E-002
                  396   276.56260902166309        1.0567226177907949     
                  397   277.29453547497286        1.6121393930703623E-002
                  398   277.81446662991812       0.93196445865680666     
                  399   278.54085926694842        4.2852069803358761E-002
                  400   279.23558675042005        1.0160172937213194     
                  401   280.05093205033739       -3.3212330513975194E-002
                  402   280.75214431529292       0.95761706128258894     
                  403   281.31897852224142        4.2857870131924158E-002
                  404   282.04057474813158       0.91948056360629571     
                  405   282.88679369762758        8.1451464267940810E-002
                  406   283.50609676123236        1.0875459083829242     
                  407   284.21543800121736        1.7536391200733178E-002
                  408   284.86818995378917        1.0548983502668463     
                  409   285.52247439005089       -8.6804043642524378E-002
                  410   286.34601429064560        1.0287085927183592     
                  411   286.97112763936946       -4.5733188986882924E-002
                  412   287.79443685023580       0.98780958954848364     
                  413   288.38889864224251       -5.8202454090174577E-002
                  414   289.09998320728886        1.0711904528463445     
                  415   289.74777609284234        2.7315748668301360E-003
                  416   290.50289411134031        1.0828890155068478     
                  417   291.26878723541807        6.0366132942230838E-002
                  418   291.82421833851487        1.0369270189775956     
                  419   292.51725744610093        9.9431597231146002E-002
                  420   293.37711412965007       0.99653374113773296     
                  421   293.98584992335196       -3.8032340068616943E-003
                  422   294.62785862113651        1.0772375615070711     
                  423   295.33337841358781        6.3324916918550384E-002
                  424   296.04389747339212       0.97878233106802826     
                  425   296.77636835572889       -4.3116772355308301E-002
                  426   297.54033540980697        1.0794192848336519     
                  427   298.23415005978677       -7.3301039080404889E-002
                  428   298.81224056560353       0.99575118731827506     
                  429   299.53681517057095        2.9790290501052891E-003
                  430   300.38551439640923       0.99895614324829018     
                  431   301.09673438240799        2.4761340891638450E-002
                  432   301.76940243374713       0.95867039616279370     
                  433   302.44369428743272        1.5325604813903215E-002
                  434   303.17545009335748       0.93079013750654815     
                  435   303.83593886353054       -7.0498540351573769E-002
                  436   304.55740655771439        1.0683263518475761     
                  437   305.23074924401897       -1.1356374412462927E-002
                  438   305.96828667802566        1.0208917640312758     
                  439   306.62676882915008        7.9013087930868697E-002
                  440   307.31928225942721       0.95595270003150923     
                  441   307.94850960223289       -1.3901102894679926E-002
                  442   308.75426509288809        1.0296817517240739     
                  443   309.47780263342742       -5.7697049614687621E-002
                  444   310.17745619161980        1.0820900794869153     
                  445   310.85587117203630        9.9966592974388563E-002
                  446   311.47157236551277       0.98455023285125653     
                  447   312.29193692000354        2.0081852170976772E-002
                  448   312.92408745090501       0.97816337005929876     
                  449   313.66195114638407       -4.3842405188763138E-002
                  450   314.22612703494156       0.91623547923050230     
                  451   314.94842027771182        5.8254281895946142E-002
                  452   315.70176542184834        1.0563212786096265     
                  453   316.34491439516790       -1.2597300218529228E-003
                  454   317.16594898674549       0.92287111476841177     
                  455   317.75487309805027       -8.1223174267497450E-002
                  456   318.45564479353169        1.0295799991846715     
                  457   319.17232605501704        9.9453866125278872E-002
                  458   319.81504042749060        1.0652449152243508     
                  459   320.56178463304212        5.5400996109179867E-002
                  460   321.34801117083697       0.96348411320401939     
                  461   322.05598659591897        5.4328660230454545E-002
                  462   322.64813872155560        1.0826949963897847     
                  463   323.36498425231798       -4.2754419994522744E-002
                  464   324.11614506401537       0.93960833636500962     
                  465   324.76374393080795        7.9613644932045563E-002
                  466   325.54716244181640        1.0768379476265146     
                  467   326.13016017656156        8.3044542075593974E-002
                  468   326.89492590348300        1.0385335978812791     
                  469   327.50482037634282       -8.7073889373398411E-003
                  470   328.33170492315207       0.92333631952836182     
                  471   328.94214523718466       -8.6009215618106233E-002
                  472   329.62151973233358       0.95734990475258608     
                  473   330.48202090773196       -5.4971399955060632E-002
                  474   331.16191144798637       0.93798430603443739     
                  475   331.77841515183468        8.9852150724902047E-002
                  476   332.49339934710792       0.90624762851726925     
                  477   333.26229187749300       -2.3690894792559633E-002
                  478   333.92495344381337       0.91705762118052159     
                  479   334.66854856751144        1.6904779911501494E-002
                  480   335.31408377139962        1.0632361150224081     
                  481   335.96313003246820       -9.5371948514718155E-002
                  482   336.76009853774724        1.0355992254228332     
                  483   337.45358507658761        4.0213957629611330E-002
                  484   338.11282780619234       0.96869298863238817     
                  485   338.89598097927450       -7.4795427960048511E-002
                  486   339.58391229631587       0.97194640496189466     
                  487   340.12192008602398        2.5313181384526956E-002
                  488   340.95306826380869       0.90655157407382669     
                  489   341.64229670100508       -8.2199150517421313E-002
                  490   342.37950573194456       0.96807606652155642     
                  491   343.09701874776562       -5.1613933284425109E-002
                  492   343.76268045117155       0.95603622679552747     
                  493   344.40882229165464        8.9949121243245556E-002
                  494   345.01790856578043        1.0834322909049510     
                  495   345.83440553979091       -5.8376072351110850E-002
                  496   346.47887657203233        1.0856753778205386     
                  497   347.22728255135883        7.6165024557178551E-002
                  498   347.89937332071349       0.98126431461456121     
                  499   348.58991900194269        1.9818163577158987E-002
                  500   349.38141647383145       0.98145018930574057     
                  501   349.98071009146503        4.2563515685113490E-002
                  502   350.72344320958047        1.0341103979516180     
                  503   351.39806011550621       -1.0408252459154749E-002
                  504   352.11159041460257       0.94929496641215272     
                  505   352.83832933030783        5.2198212899032786E-002
                  506   353.40422550149316       0.93197676750033831     
                  507   354.26362793280492        1.0814179836278068E-002
                  508   354.93935557391711        1.0355384322184440     
                  509   355.69283896683220       -6.1073512041758517E-002
                  510   356.35575294004445       0.91903704683997167     
                  511   356.91285145645884       -9.3983114628915551E-002
                  512   357.70998450625547        1.0058782279845688     
                  513   358.45209744607087       -9.6375220497892378E-003
                  514   359.15901541756142       0.96293351512799319     
                  515   359.86358307135822       -7.0446276377782752E-002
                  516   360.56097243849280        1.0392201512394981     
                  517   361.26593739066755        4.1703350450074533E-002
                  518   361.80566973306520       0.95395889019939062     
                  519   362.60212415336997        7.2470990929511370E-002
                  520   363.33392780556318        1.0918927104497267     
                  521   363.92459079253962        4.4394482080280157E-002
                  522   364.71612655361872        1.0361595690838392     
                  523   365.45400472446687       -8.3246904153894380E-002
                  524   366.18728727249561        1.0451482669132406     
                  525   366.74429740786184       -8.1049828283218661E-002
                  526   367.46185051780134        1.0735691390027300     
                  527   368.16982512382106        2.4138882630572164E-002
                  528   368.92718165377954       0.98365462145313853     
                  529   369.50046431487431        5.1759271737568557E-002
                  530   370.32988387526422       0.97564311395550107     
                  531   370.96151519126028       -4.7583384816531696E-002
                  532   371.75716713249909       0.95762002583905848     
                  533   372.33410819032082       -6.4363591199911196E-002
                  534   373.17396329510171        1.0914570942255950     
                  535   373.88663551523535        4.5172704558366472E-002
                  536   374.58872221997075        1.0773008846368457     
                  537   375.28747341801943       -2.0390089787792290E-002
                  538   375.95857760007391       0.94858327916414920     
                  539   376.58112986964471       -3.7176847238905270E-002
                  540   377.33449329899969       0.98257801710649373     
                  541   378.00014012719657        6.8994379935069239E-003
                  542   378.65825701477792        1.0592020850289652     
                  543   379.38600629241881       -8.8723202946931964E-002
                  544   380.07739691145537       0.99196690491888428     
                  545   380.82456885676424       -6.0171141186687822E-002
                  546   381.52324665262330        1.0489149559125746     
                  547   382.10174979780470       -9.3780070194189033E-002
                  548   382.87279436892749        1.0092524308056354     
                  549   383.50679651327090       -2.0255990555192116E-002
                  550   384.31133278223018       0.99588543558449538     
                  551   385.02619867040301       -6.0961230146689555E-003
                  552   385.74460484097347       0.99349624705515061     
                  553   386.37188482566864        5.9448961894874697E-002
                  554   387.08512482908276       0.97248579954602810     
                  555   387.79453570282340       -9.8888042665868134E-002
                  556   388.57607562641005       0.94617232684256347     
                  557   389.10946110642948       -1.3213590196504657E-002
                  558   389.83956022526422        1.0959997696039896     
                  559   390.58947022503094       -5.5987201755751614E-002
                  560   391.23826819054312       0.95287775044258949     
                  561   392.05935656410776        2.3806735150112335E-002
                  562   392.73263412389048        1.0984097373657868     
                  563   393.44951858219974       -7.1457467028840385E-002
                  564   394.04637136309884       0.92442207218796901     
                  565   394.75661322629173        1.6818257213727414E-002
                  566   395.47945337732563       0.99269830773425183     
                  567   396.18053688470491        4.5992713188175049E-002
                  568   396.87923526516136        1.0699897160247187     
                  569   397.50898465755989       -5.0089466488390244E-002
                  570   398.31185108114119       0.91565924601553328     
                  571   399.01968904428560       -6.6892671349603722E-002
                  572   399.65688669620675       0.97446801395106353     
                  573   400.41234447515427       -6.3787796454988277E-002
                  574   401.13793620091468       0.92755346584979181     
                  575   401.79519595655182        7.6825582903923023E-002
                  576   402.47917151486467        1.0986970137301060     
                  577   403.12823906750879        3.0633822974687197E-003
                  578   403.98660808697792       0.92646638383446545     
                  579   404.54545570153283        8.2082440951142865E-002
                  580   405.38312272706816        1.0715625114345919     
                  581   406.07464259681132       -8.3878589985755619E-002
                  582   406.73194815198809       0.92045598634101400     
                  583   407.42404208873370       -3.1265907960689676E-002
                  584   408.01050653268294       0.98455658812168156     
                  585   408.80739452521425       -1.4525136070099351E-002
                  586   409.48050829188321        1.0303619959277692     
                  587   410.13487695219590       -1.4665122018230642E-002
                  588   410.89247799220522       0.93198026354308494     
                  589   411.50368527272082       -5.4238374933569485E-002
                  590   412.30880579755120        1.0334480734168487     
                  591   412.94656253760661        5.7008140867795348E-002
                  592   413.63487444950823        1.0309351825878392     
                  593   414.37505539631627       -3.3539863661213934E-002
                  594   415.06112027285724       0.96393883323401175     
                  595   415.85423013052298        6.7543219199956844E-002
                  596   416.45913073145584       0.93035287947791789     
                  597   417.14005643969239       -8.2572413565972558E-002
                  598   417.96963093281471       0.98572154753787788     
                  599   418.63222474572018        3.3017841544361992E-002
                  600   419.24032053868302       0.99333128450100494     
                  601   420.02962716554816        3.9960433939599749E-002
                  602   420.68667490208423        1.0142293723706981     
                  603   421.39947010571450       -3.9646021813835794E-002
                  604   422.02785751246631       0.98861161082137350     
                  605   422.70803951736076       -5.2709125821581430E-002
                  606   423.58773951345506        1.0639331926853353     
                  607   424.22952340248327       -4.4092922225663252E-002
                  608   424.80077943215088       0.94043546756631247     
                  609   425.55366363957421        2.8708096327395266E-002
                  610   426.36455366004992       0.92974208943033032     
                  611   427.08622606595685        6.5193019131743052E-003
                  612   427.72986552518893        1.0825938375613842     
                  613   428.30160766618059       -9.1724852283638830E-002
                  614   429.18105153901945        1.0980246615320146     
                  615   429.80362524040373       -2.3711472024855226E-002
                  616   430.43715800003037       0.91543561309069499     
                  617   431.28046766866305        3.3186604074384035E-002
                  618   431.96887113758504       0.97722406346703061     
                  619   432.69681854326973       -2.0148358006625566E-003
                  620   433.34462608010654       0.92312905362465414     
                  621   433.93241215332313       -9.4666658485407770E-002
                  622   434.75293798107856       0.90229403558035481     
                  623   435.49593255361168        2.0246812744697418E-002
                  624   436.06749455483356       0.93477748294444996     
                  625   436.75215231564238       -1.6491660116657494E-002
                  626   437.41843618224476        1.0999470549485117     
                  627   438.11171384818743       -6.0193440400412711E-002
                  628   438.99146561718760       0.90586913648430056     
                  629   439.62436059296942        7.8058141395835862E-002
                  630   440.39260586701261        1.0186035926778438     
                  631   440.98073879932457       -1.3219738476617796E-002
                  632   441.65072481553841        1.0698112028449924     
                  633   442.33355997476940        1.7379198030390300E-002
                  634   443.09525642776515       0.90522411791111146     
                  635   443.79907287980598        8.0965746387904713E-002
                  636   444.42126466275710       0.95001730219998348     
                  637   445.17805504278459        6.9002679894171470E-003
                  638   445.86958595998277       0.95166375599007291     
                  639   446.62298555526201       -6.7627855951659682E-002
                  640   447.34559141586470        1.0359600890287033     
                  641   448.05056086263221       -7.8966109321066208E-002
                  642   448.79783985255392       0.90940103194481892     
                  643   449.49236922115216        3.1945066169309894E-002
                  644   450.13660759612566        1.0580304879006845     
                  645   450.79527250135300       -2.4427545474915435E-002
                  646   451.59060536852814        1.0141753949419012     
                  647   452.17482271161850       -2.4697728760398219E-002
                  648   452.96306323228072       0.96794613932713913     
                  649   453.54892031978750        7.5800231273819574E-002
                  650   454.22383349963815        1.0557987553200787     
                  651   455.00896016610670       -1.4188970782530300E-002
                  652   455.63419164397834        1.0893571611759261     
                  653   456.30847617236083       -1.0414811495337087E-002
                  654   457.15727450253235       0.97480042310817794     
                  655   457.73636227490539       -5.3772671760072555E-002
                  656   458.44990704620471        1.0912523844773954     
                  657   459.25985604976682       -7.0481418436261600E-002
                  658   459.88919041122040        1.0622607737351228     
                  659   460.65337059076461       -9.3094022048506073E-002
                  660   461.28301692948583        1.0929384423185948     
                  661   462.01011300489989        6.1340055363384161E-003
                  662   462.79607071557479        1.0008817217982253     
                  663   463.42291251395653       -3.6635738970059936E-002
                  664   464.12588817886439        1.0986774237900903     
                  665   464.76342316150652       -6.1951015549906521E-002
                  666   465.56621959567639       0.96975398656482981     
                  667   466.28891959704220        6.3187627380737577E-002
                  668   466.85489236545686        1.0381043014658213     
                  669   467.55899195004548       -9.6467026330801037E-002
                  670   468.35293669661638       0.91327682773153762     
                  671   469.02467709044282       -4.3290901479869914E-004
                  672   469.68968824254893       0.95769674267602289     
                  673   470.36882646157198       -4.0586035435121737E-002
                  674   471.15265409172633       0.96869063848797010     
                  675   471.71002723835414       -9.8183286581988813E-002
                  676   472.58933796521296        1.0719799990126013     
                  677   473.12973432278943        7.1094667853490445E-002
                  678   473.93312169770604       0.95684472192962111     
                  679   474.66171423773915       -7.2771824138169461E-002
                  680   475.35028817265794       0.95011468004202049     
                  681   476.04574256045441        7.4540110294218753E-002
                  682   476.70714599525155        1.0591981505848251     
                  683   477.30770514848462        5.3424924535363322E-002
                  684   478.12476173791475       0.99762397316759965     
                  685   478.72082482362106       -4.6683662202110732E-002
                  686   479.54956517906822        1.0850463020249681     
                  687   480.26222043717286       -8.5535911398244596E-002
                  688   480.85436357617630        1.0869061439815824     
                  689   481.55747779583794        3.9485075385117058E-002
                  690   482.37243858532702       0.98742274711091638     
                  691   483.08719401439043        9.2901550319046150E-002
                  692   483.77709919762873        1.0343021448729757     
                  693   484.37032062511457        3.4422355366545476E-002
                  694   485.15568517160585       0.90837506279466518     
                  695   485.89018814545148        4.6526338310079018E-002
                  696   486.54015353890225       0.94367241152941250     
                  697   487.20797996627363       -7.4095271216675432E-002
                  698   487.99842325921708       0.90303992220576790     
                  699   488.60859248793628        5.6736470455062832E-003
                  700   489.39398029976871        1.0488399463447904     
                  701   490.02453528364896       -9.1175732221101702E-002
                  702   490.63737392307547       0.95533724834207356     
                  703   491.45317179372233        3.4976364642193614E-002
                  704   492.08739478507317       0.93947746909045982     
                  705   492.73359401456196       -7.1836767062449111E-002
                  706   493.50452018288314        1.0545198461676213     
                  707   494.12222007636973        6.1634942293230854E-002
                  708   494.99062575702447        1.0635949708547427     
                  709   495.56233394456723       -5.2187789518178401E-003
                  710   496.36132802560002       0.96455270586289665     
                  711   496.94593562439030       -1.5247627564149852E-002
                  712   497.69205639943226       0.90154927722714984     
                  713   498.37154407362942        4.8258925664355079E-002
                  714   499.18427678575927       0.99023256711045071     
                  715   499.79816192630773        1.0058591845562168E-002
                  716   500.56729329864561       0.94972179367292242     
                  717   501.14347701186131        2.2344288613135865E-003
                  718   501.95531248242656        1.0316800480629047     
                  719   502.51455653293289       -9.3730111711043257E-003
                  720   503.24519161793114       0.95413059470487116     
                  721   504.04513279271850       -6.4201688080467376E-002
                  722   504.74652518590182       0.99208865542301139     
                  723   505.30082778458637       -1.8652078730694827E-002
                  724   506.01507043440171        1.0760573014106427     
                  725   506.76312952574733       -8.2804530477130961E-002
                  726   507.41416717838416       0.91527122319488119     
                  727   508.14204179603365        8.5832240311658398E-002
                  728   508.84961372428114        1.0411254890185622     
                  729   509.62359664907814       -8.0477078256128154E-002
                  730   510.35815391345631        1.0410660164290182     
                  731   510.98319731881958        9.0774323103291893E-002
                  732   511.62008136064378        1.0143679091193381     
                  733   512.30002515471642        5.6688579736525219E-002
                  734   513.08045812397643        1.0995986645725453     
                  735   513.82348322669804        7.7101351595383838E-002
                  736   514.54020239792783        1.0615413888752483     
                  737   515.16300480734787       -2.3252341747753549E-002
                  738   515.90487515389623       0.92601661044160721     
                  739   516.61178547169413        3.7733942380172109E-002
                  740   517.24020311031211       0.90540985316363687     
                  741   518.05670186099871        5.0248091144138862E-002
                  742   518.74304987144012        1.0196596576115495     
                  743   519.33730784017462       -9.3141205465604712E-002
                  744   520.19494969687901        1.0847953506536685     
                  745   520.85629888456992       -9.3512498781753772E-002
                  746   521.51101532208850       0.92739399469689798     
                  747   522.28993466333475        1.0374941146959055E-002
                  748   522.86771174808223        1.0557534439762053     
                  749   523.60675205512439       -3.1120559309897461E-002
                  750   524.29311428185383       0.90798214542233313     
                  751   524.96127701824810       -5.6426743426434410E-002
                  752   525.73616510016086        1.0311794221155484     
                  753   526.34935357846143       -4.9274013605205280E-003
                  754   527.16098412950726        1.0755118845792193     
                  755   527.80612701953021       -4.0069935866563586E-002
                  756   528.40690860706468        1.0937930750445299     
                  757   529.22198579035114        8.9378494014704019E-002
                  758   529.82075711680557        1.0791433769606749     
                  759   530.67389678480572       -7.7137732442055046E-002
                  760   531.24765576983668        1.0930494235785808     
                  761   532.07441299875813        3.7560405452157608E-002
                  762   532.60662594622727        1.0462597971992780     
                  763   533.32854210956452       -3.1442862999116375E-002
                  764   534.18790341193619       0.95651557479954064     
                  765   534.80015968451107       -5.8681356912066537E-002
                  766   535.45875538939561        1.0712553978735919     
                  767   536.14474308849287        7.1469641895430036E-002
                  768   536.89669056182925       0.90738345211587368     
                  769   537.69568852196676       -1.8717190540082598E-002
                  770   538.25325942018185        1.0266066931024846     
                  771   538.91828730432474        2.1996823140818231E-002
                  772   539.67259239604425        1.0791519156705387     
                  773   540.34473734246853       -2.7813143329079637E-002
                  774   541.00017045501011        1.0813378479654305     
                  775   541.86016066523666        1.2614419090174092E-002
                  776   542.58034530409986        1.0970850189838375     
                  777   543.26582375538726        5.0682076843853952E-002
                  778   543.97655061206478        1.0637810291518024     
                  779   544.57011284429962        3.2052844006631026E-002
                  780   545.30114500536229        1.0494871270442672     
                  781   546.00978821531464       -6.4737937488060865E-002
                  782   546.67692749896264       0.96661802189200596     
                  783   547.33903028505927       -4.3256965248753554E-003
                  784   548.17998874317527        1.0632676733672655     
                  785   548.87268880063402       -8.1750651016338771E-002
                  786   549.41904658549663       0.94328619598304719     
                  787   550.23895682718830       -5.0115551351729265E-002
                  788   550.85187468205822        1.0155128618319724     
                  789   551.69940869345623        3.4205839322948683E-002
                  790   552.22257192319444       0.98483064237374029     
                  791   553.06695321475911       -3.9523307120553478E-002
                  792   553.78434232678114       0.94702002245952277     
                  793   554.35346518688027        4.6051209322894138E-002
                  794   555.03750044189974        1.0900341164971736     
                  795   555.72740528925010       -2.8822167082795960E-002
                  796   556.52813392620737        1.0659336241492243     
                  797   557.17259496449606        7.1117944047474735E-002
                  798   557.97405086559024       0.97446675462681154     
                  799   558.57392453692216        7.9234578982324361E-002
                  800   559.35245664537183       0.93345731781060548     
                  801   559.99802217607225       -5.6872689483155631E-002
                  802   560.61820616383000       0.91941641476595826     
                  803   561.36477211328781       -4.5037126039130286E-002
                  804   562.00716160087734       0.96980549271705563     
                  805   562.80869200211635        6.7858517195193063E-002
                  806   563.57436692965462       0.95194857077373207     
                  807   564.18092308289545       -2.0267030729276381E-002
                  808   564.98163087540661       0.93089350620767541     
                  809   565.62560389355156       -4.4514293224507798E-002
                  810   566.20318108222421        1.0850027279066001     
                  811   566.91525062140693       -6.8901767961346991E-002
                  812   567.63212938021150       0.98896421698438852     
                  813   568.40539223213602       -6.1556904742557303E-002
                  814   569.11663720045658        1.0959984582447320     
                  815   569.85203039006103        7.2672768645012625E-002
                  816   570.58049171382606       0.92462125801221851     
                  817   571.10179570024661        6.8451101212800403E-002
                  818   571.95182880129175        1.0799906929334941     
                  819   572.50879839036133        2.6875026287342535E-002
                  820   573.37626899981933       0.90569206107530587     
                  821   574.09785207193204       -8.6285361354875550E-002
                  822   574.72440874378310        1.0246776995314619     
                  823   575.36979751990907        2.9520800414573473E-002
                  824   576.14178513607544       0.96812599471623006     
                  825   576.86315491952735        4.4714759692488670E-002
                  826   577.56166080433877       0.99002224719043475     
                  827   578.21295709897640       -9.3011065819006644E-002
                  828   578.91131127632048        1.0210950171784139     
                  829   579.51633825166391       -5.8318254422340031E-002
                  830   580.37288017653987       0.98629255780743419     
                  831   580.93992991727418        7.0372760612452345E-002
                  832   581.67375117234201        1.0287028094973201     
                  833   582.35522565536132        3.8678860160615974E-002
                  834   583.19858321380195       0.97074882135014462     
                  835   583.82647169433562        5.3210589429485977E-002
                  836   584.45307617440710        1.0583583885660617     
                  837   585.11958080528927        8.7646064623162878E-002
                  838   585.89948961535526       0.93823922222090916     
                  839   586.61140785834584       -1.6900428076168636E-002
                  840   587.24448636189413       0.91122767521996262     
                  841   587.90493639109195       -6.9949900298896028E-002
                  842   588.74695069891277       0.95042498890146676     
                  843   589.43865502316692       -4.8775956623636298E-002
                  844   590.06410692050861        1.0820358902045799     
                  845   590.85036064177018       -6.3694326130507850E-003
                  846   591.57174113360202        1.0016147100181088     
                  847   592.29736223353939       -5.2739286187801979E-002
                  848   592.90749783942806       0.97926866000715340     
                  849   593.67396098209906        5.3294253060444052E-002
                  850   594.22051949771844       0.98556304229351466     
                  851   594.91353911310398       -8.8321998915698988E-002
                  852   595.67301726534799        1.0962949028233451     
                  853   596.37240165028538        3.9928441114689711E-002
                  854   597.06376490774710       0.92217986954811559     
                  855   597.76889230979020        8.5052280589161505E-002
                  856   598.45378107117460        1.0473172093420142     
                  857   599.19604591120037        7.4782667657359331E-002
                  858   599.83265675495863       0.91921491442598646     
                  859   600.50594351722827        4.4443425621142146E-002
                  860   601.26762226376673        1.0924161424142109     
                  861   601.96694383120575        4.1282601492017124E-002
                  862   602.72486952959196        1.0379203435495339     
                  863   603.46723860032910       -3.5445770715933952E-002
                  864   604.07346058203007       0.98971119539855712     
                  865   604.80240124550767       -7.9116588337064253E-002
                  866   605.46670020165448       0.90474928337792471     
                  867   606.14406673214251       -7.2534938894470158E-003
                  868   606.93247563656621        1.0712950326292887     
                  869   607.54397942842672        5.9435737877391037E-003
                  870   608.29626798504523       0.90715893580192697     
                  871   609.09662314777881        1.2632685821370684E-002
                  872   609.70417996258925       0.96383428678054528     
                  873   610.35760270007881       -8.1590776605474438E-002
                  874   611.03326946984964        1.0447692364412511     
                  875   611.70139258966947        5.8098809892151576E-002
                  876   612.52336562790845        1.0930452352853999     
                  877   613.20814758789288        3.1510819981328597E-002
                  878   613.89347984552921        1.0371592488790078     
                  879   614.58017116378846       -8.5248554540616236E-002
                  880   615.20030399537541       0.96790370145365767     
                  881   616.03976674056617        6.8985723703036544E-003
                  882   616.65793292651381        1.0648335622614775     
                  883   617.45597829250312        9.3167754244712603E-002
                  884   618.14945328614226        1.0007317559303681     
                  885   618.75237650710619        7.0610571121061727E-002
                  886   619.44401400611252       0.94814491208503715     
                  887   620.27873203505624       -3.8298986712198904E-002
                  888   620.96161952207808       0.93844590644890724     
                  889   621.57820478515600       -9.4932186081053554E-002
                  890   622.29234257905682        1.0004342269465714     
                  891   623.07934536422442       -1.4497233979223506E-002
                  892   623.76203391113449        1.0347295529914593     
                  893   624.39106759785955       -4.2566838903422069E-002
                  894   625.07263315018554        1.0899998827197415     
                  895   625.74681705464707       -1.2945394252404638E-002
                  896   626.45837626321156        1.0405153736668196     
                  897   627.12979147274973       -3.9833338260547052E-002
                  898   627.82955203757410        1.0388644443536745     
                  899   628.60223361425312       -8.0532506450097255E-002
                  900   629.37101658116273       0.93406460906025657     
                  901   630.06267178034921        7.4567416382105844E-003
                  902   630.60184848651670        1.0215475346189056     
                  903   631.48729947658444        2.7303475958937951E-002
                  904   632.18646832656248        1.0644713070228706     
                  905   632.77345150190115        7.2781190534943557E-002
                  906   633.55354858977717       0.93459952366343624     
                  907   634.12507065243608       -5.7605239981767115E-003
                  908   634.96398813475173        1.0217985326939913     
                  909   635.53026765948789        9.7089598056538134E-002
                  910   636.25704591977853        1.0655709030483091     
                  911   636.93941723355670       -7.5718900824744403E-002
                  912   637.74393073636463        1.0281957426176460     
                  913   638.34763386639554        3.3704800451661548E-002
                  914   639.10352093367408       0.98040407945210251     
                  915   639.77688012270471        3.3937866542223721E-002
                  916   640.58114138461883        1.0164303064155498     
                  917   641.23758057136388       -3.0160306933072326E-002
                  918   641.83400853069440       0.93890255512702758     
                  919   642.51754028475432       -3.6019084803353613E-002
                  920   643.20779828951243       0.96370902293868543     
                  921   644.02566456989973       -8.3135374291312361E-002
                  922   644.68352344916832       0.98232187792382453     
                  923   645.43097786866986       -7.4239687151178832E-002
                  924   646.07541031758592        1.0514000174312210     
                  925   646.79797362408033       -8.7657511940296223E-002
                  926   647.48769769556850        1.0024561148903628     
                  927   648.21490305621955       -6.2690673697284455E-002
                  928   648.99741105580233        1.0506515003700705     
                  929   649.56553052826018        9.2692382398071149E-002
                  930   650.29064545901804        1.0223227150799585     
                  931   650.97565176656497       -3.3739956143820235E-002
                  932   651.63132666696436       0.99530003582897542     
                  933   652.36624302310724       -5.3440543619383288E-002
                  934   653.06539365369736       0.99085899052612192     
                  935   653.75184825266490       -6.8604150166345440E-002
                  936   654.46150371579267       0.99417018812978075     
                  937   655.26224067044996        4.9710989485522855E-002
                  938   655.92721626098432       0.92998969504111306     
                  939   656.54219539992505       -3.1139422924084129E-002
                  940   657.27527221182572        1.0790630303873427     
                  941   657.97673565538219        9.4112039808570830E-003
                  942   658.74958317892026       0.97693167467557906     
                  943   659.33958008364129       -4.6438696765722549E-002
                  944   660.19917028027965        1.0133554433388459     
                  945   660.88543214570575        6.8662194264538068E-002
                  946   661.41881230826243       0.93554533538701934     
                  947   662.27499603532635       -7.3488415311879260E-002
                  948   662.96992914653197       0.92100678727380081     
                  949   663.63422290967026       -9.2572844915643812E-002
                  950   664.36736504209773       0.97266134467246301     
                  951   665.00464528268856        6.5876352486411716E-003
                  952   665.75431476055064        1.0081530721253138     
                  953   666.44566302435680       -2.0917231560730748E-003
                  954   667.17072196203924        1.0032121988966201     
                  955   667.80685782867033       -1.5209092543987543E-002
                  956   668.55003399471036        1.0560846194417988     
                  957   669.26256748255048        1.9199453286332560E-002
                  958   669.95969113562887       0.97011298678906166     
                  959   670.54606957340616       -4.0969535197571523E-002
                  960   671.20375604962487       0.97010738306415001     
                  961   671.94823161665420        6.5512376797995792E-002
                  962   672.66221022580817       0.93518102752801147     
                  963   673.43955925578632       -1.4717561699996370E-002
                  964   674.12436557158526       0.91202356543219709     
                  965   674.87458330367133        1.3990581215967135E-003
                  966   675.49323873363676       0.99129765336166753     
                  967   676.27102156562739        3.9836361024834288E-002
                  968   676.88374454784309       0.98239840053320515     
                  969   677.52951388739325        1.8245091359726087E-002
                  970   678.30101372332661       0.99429826620534190     
                  971   679.00565098211814        2.5057672835449185E-002
                  972   679.69998331364013        1.0445938741566794     
                  973   680.33417700282632       -2.9648271599234971E-002
                  974   681.01906662764748       0.98630321484728811     
                  975   681.70787466261197        5.3885033267934784E-002
                  976   682.41950122304536       0.98477763576605670     
                  977   683.28383865335934       -6.8658645567746007E-002
                  978   683.96530082189702        1.0596612410126551     
                  979   684.65944898338932       -9.4251004169801464E-002
                  980   685.34154059627053        1.0151097369235746     
                  981   685.90134526952681       -4.0995528375757373E-003
                  982   686.60781257347037       0.94132043444778246     
                  983   687.47481925951627        1.9687019633454456E-002
                  984   688.10275592814867       0.92493307465642405     
                  985   688.88999420798530        5.9034761497208349E-002
                  986   689.45795473221176        1.0032674583178625     
                  987   690.20695474308855        8.4711080945866851E-002
                  988   690.85602854492890       0.97246567464866840     
                  989   691.63974132599901        6.7601176788119777E-002
                  990   692.28417945973740       0.94368925880131926     
                  991   692.99892903752823       -8.2221906611451318E-002
                  992   693.74099073572995       0.98068085291707285     
                  993   694.48496193128017        9.2253911745550587E-002
                  994   695.07084243578095        1.0812911819970810     
                  995   695.74426534369422        9.4336890045542771E-002
                  996   696.49980043936750       0.93203205092284769     
                  997   697.13267323676303       -8.5840599839692402E-002
                  998   697.87574128722338        1.0392370997175524     
                  999   698.68935356964380        4.2346186665561780E-002
                 1000   699.39466811831562       0.96120484787293226     
