                    1   2.4899685194624946E-002   8.2264135093187279E-003
                    2  0.73246807471456465        1.0315682797027308     
                    3   1.3008156530850303       -3.9776142418437715E-003
                    4   2.1100647548640841       0.96168504069712379     
                    5   2.7837240576664994        5.3267327353388988E-002
                    6   3.5930492227395532       0.98750378551686624     
                    7   4.2640129744757020       -1.7635891642814039E-002
                    8   4.9277414462908844        1.0784621167808845     
                    9   5.6235563485095730       -6.4624219489639811E-002
                   10   6.2794276879537989        1.0451835461427794     
                   11   7.0069264520653380        6.4762450743430511E-002
                   12   7.6975748603567071        1.0226505861786834     
                   13   8.4260189557276917        5.0358148632668354E-002
                   14   9.1326838184390180        1.0109193164605852     
                   15   9.8697554170787622        5.3857200525669890E-002
                   16   10.415594953986586        1.0485439448794429     
                   17   11.133856630747987        9.2284713339451763E-002
                   18   11.930777252226084        1.0517130475510708     
                   19   12.629056309418939        8.9104564422278237E-002
                   20   13.386868542240709       0.93503358599374886     
                   21   14.086427988714203        3.3664461231496523E-002
                   22   14.733472030285645       0.94148470678512575     
                   23   15.408874045207172       -9.6108806308330325E-002
                   24   16.056917848605501        1.0096447616512501     
                   25   16.831536201314528        5.3519827374024165E-002
                   26   17.476967649198958        1.0373931763406610     
                   27   18.239312574591327       -1.6828464494318726E-002
                   28   18.835844416978990        1.0340717330077867     
                   29   19.583876306742187       -9.6920165444480316E-002
                   30   20.314778989033904       0.99787940907435790     
                   31   20.957315442602258        3.9176771532726445E-002
                   32   21.699293563594349        1.0436916161000909     
                   33   22.496004769257951        7.7394814907577603E-004
                   34   23.156274991040181        1.0868819335150055     
                   35   23.821893286038105       -4.3291824528394314E-002
                   36   24.446751089900420       0.90191611310552533     
                   37   25.189247199749673       -3.6444162008212030E-002
                   38   25.869755721082573        1.0878457277932654     
                   39   26.561062054255153        4.5882732766346163E-002
                   40   27.341402788132491        1.0061613211890381     
                   41   28.022667137368234       -3.0454356307008101E-002
                   42   28.760525280906943       0.99734538177356691     
                   43   29.374885768049065       -7.4090162689353922E-004
                   44   30.168669527023699       0.92682444018290955     
                   45   30.701224968337371       -2.5953444462951197E-002
                   46   31.414384431623976       0.93020069451481391     
                   47   32.161882300987770        4.4350634196266170E-002
                   48   32.997358766453651        1.0948317155163305     
                   49   33.694176618729202        7.3758117669363410E-002
                   50   34.276430575997246       0.94811456794823479     
                   51   34.979378040847770        3.9789540823467334E-002
                   52   35.677038697558366        1.0379169521977272     
                   53   36.340557224003490        3.7689869223985678E-002
                   54   37.163434164174731       0.95259812203727301     
                   55   37.809600754653204        8.9752869626809478E-002
                   56   38.510821257649916        1.0935796319193170     
                   57   39.152961186913650       -9.6149301464809184E-002
                   58   39.901611080175016       0.99461286110095226     
                   59   40.654604342034929       -4.0562184471708250E-002
                   60   41.269062215700480        1.0949921348141567     
                   61   42.066851220937224        3.0361352963466343E-002
                   62   42.633587171256380       0.98335129831756274     
                   63   43.493400048794634       -2.1621571441605869E-002
                   64   44.169081463845785        1.0003466419024947     
                   65   44.897018262879826       -5.7548073887124955E-002
                   66   45.516790547741472       0.96026470047780599     
                   67   46.286511486980494       -2.4184140057857545E-002
                   68   46.985066133225757        1.0238461454983259     
                   69   47.626402213297389        9.4535658886234220E-002
                   70   48.379468339750716        1.0385125525023815     
                   71   49.003845662415486        2.7308669724212087E-002
                   72   49.676252918366941       0.96736688010733429     
                   73   50.439859733363882        9.3997294029243839E-002
                   74   51.001677078034845        1.0961140385167965     
                   75   51.811995940981369        7.6681000855712084E-002
                   76   52.453272154687149        1.0202156851146673     
                   77   53.167066885868898        9.1964140111689657E-002
                   78   53.927746107744163       0.94617970151352604     
                   79   54.658902231183255       -9.3816138208367844E-003
                   80   55.277814372375474        1.0222860063549282     
                   81   56.045323700323870       -5.1828825440047528E-002
                   82   56.635079562239582        1.0454748415009365     
                   83   57.343651632546894        9.0635394548420317E-002
                   84   58.072185427386124        1.0596415013387801     
                   85   58.763540287946434       -3.9397360961864726E-002
                   86   59.599341125432822        1.0751464963093880     
                   87   60.298119756515412        1.3027579960913638E-002
                   88   60.810367780559631       0.91347547916527994     
                   89   61.680556995649958        5.0312461635088235E-002
                   90   62.260892651606795        1.0661870049885909     
                   91   63.065107985144458        3.7969662757247835E-002
                   92   63.670908625428339       0.91250938662149095     
                   93   64.476303775682780        9.2191117800348360E-002
                   94   65.135830507247050       0.99242550486064085     
                   95   65.776048151419971       -7.1614711117370708E-002
                   96   66.584705184126349        1.0277131160700645     
                   97   67.250179423071884       -3.5348026531221599E-002
                   98   67.972813685990602       0.97351791470041571     
                   99   68.505771263364267       -4.3529194564108503E-003
                  100   69.389088342336024        1.0213980384140107     
                  101   70.062707069781567       -1.4620872159429629E-002
                  102   70.785859169920272        1.0658841367370566     
                  103   71.479938631333042       -4.1271666586113677E-002
                  104   72.120077840005806       0.93431498105966659     
                  105   72.861387063149294       -5.4393041154144173E-002
                  106   73.415444037191818        1.0838594113252487     
                  107   74.126881383046026       -4.1395835373208158E-002
                  108   74.884998662422760       0.92179971269216820     
                  109   75.540239090461000       -6.7549314858080245E-002
                  110   76.351933983240315        1.0596008089870981     
                  111   77.012715700635908        2.3345746760672692E-002
                  112   77.655355224610005        1.0892634986718195     
                  113   78.479065055382591       -8.3573996828633493E-002
                  114   79.187020715788591       0.91468254800630078     
                  115   79.792903891972713       -5.7049664703642484E-002
                  116   80.411022485275765       0.97855245042838090     
                  117   81.296471190059705       -7.6308978253875323E-002
                  118   81.833789268566605       0.94572266806320127     
                  119   82.568049170993760        9.9584005110829377E-002
                  120   83.266353733070403       0.95579929363301397     
                  121   83.910051497874534        1.3453610331526644E-003
                  122   84.707137182392373       0.94682505383637816     
                  123   85.406643931867634       -3.9094279171528794E-002
                  124   86.135833040865776        1.0935351647718954     
                  125   86.817215268647757       -2.5914016992296882E-002
                  126   87.469688702072631        1.0875739248752756     
                  127   88.224426473112160       -7.6375269753299432E-002
                  128   88.904266915142927       0.96696357131655841     
                  129   89.674453236657030        2.7545281982354952E-002
                  130   90.388740916052910       0.94077207459510348     
                  131   91.081540360183027        8.4832556990569546E-002
                  132   91.622275514879263       0.90723059930920158     
                  133   92.408945625182298       -1.1372784502918509E-003
                  134   93.045649788680805       0.99843818652270622     
                  135   93.887826889913754       -9.6999147285753068E-002
                  136   94.541418840493463       0.90224935820181640     
                  137   95.133145463504079        5.5250386068174923E-002
                  138   95.803124805686366        1.0649028761326889     
                  139   96.664924751085110       -9.3907549183000899E-002
                  140   97.334098627526998        1.0152536173189881     
                  141   97.906915311430723       -6.2788170366943979E-002
                  142   98.616372029580063       0.91607125006410284     
                  143   99.307712802723984       -8.6044972812282045E-002
                  144   100.16790215895520        1.0827292632843650     
                  145   100.83452212588675        7.3514039410703502E-002
                  146   101.42001124659383       0.93251970595961120     
                  147   102.11518982192405        4.3646353052971487E-002
                  148   102.91526200085062        1.0809489896499289     
                  149   103.58200711405887        4.8566083106849262E-002
                  150   104.21091725417769        1.0316983280343075     
                  151   104.96706394656943       -7.7774689888208792E-002
                  152   105.66571518127463        1.0765130744483489     
                  153   106.48422439486541        8.5435725132091273E-003
                  154   107.01064379422183       0.97469454928354460     
                  155   107.73806246773380        7.5138704987120053E-002
                  156   108.49844128222364       0.91844520711682809     
                  157   109.20041715476589        4.7190810230707786E-002
                  158   109.94014077607139       0.98661307981010604     
                  159   110.56381136839906        3.1713330995942146E-002
                  160   111.32172720270427       0.90339969703839440     
                  161   112.06689899182147       -1.1167524489590352E-003
                  162   112.77059422473313       0.94638244699916663     
                  163   113.32502450622073       -2.7953318421479065E-002
                  164   114.10399474566013        1.0674129650545245     
                  165   114.83087679505637        3.6038605700866699E-002
                  166   115.43577827142076        1.0316430820001852     
                  167   116.18566975245531       -8.6870123478406489E-002
                  168   116.87320525771062        1.0456816349961808     
                  169   117.67264905614454       -5.2603531920614045E-002
                  170   118.24547339252895        1.0960654655773627     
                  171   118.98234466321185       -9.6547408154342887E-002
                  172   119.71035379523286       0.92446988349082271     
                  173   120.45722350560872        4.0288583354159024E-002
                  174   121.04894928469469        1.0063053189231084     
                  175   121.75276102970835        1.0366498440326888E-002
                  176   122.49937118806480       0.90681740666546062     
                  177   123.13853942665047        5.4998458038891695E-002
                  178   123.96146147864215        1.0232764254433353     
                  179   124.51497120776392        3.8367033529428357E-002
                  180   125.34306953747186        1.0962382374318325     
                  181   126.08997452486949       -8.1849185153041903E-002
                  182   126.76292021931734        1.0633384605181257     
                  183   127.43559716035131       -6.0456617018067135E-002
                  184   128.10093974206291       0.97230322750873976     
                  185   128.75181980010441       -4.0896258577988842E-002
                  186   129.51427104896700        1.0648715538291462     
                  187   130.22066453545838       -1.1447366096758171E-003
                  188   130.90972306701954        1.0587819144913084     
                  189   131.69942712785920        8.5662028531970386E-002
                  190   132.32028641568721       0.98637142464626537     
                  191   132.90432772549141       -5.7738033100632559E-002
                  192   133.73264142569667       0.99890893408311521     
                  193   134.41540205721302       -1.7535469228559863E-002
                  194   135.14750994207395       0.95185400089842154     
                  195   135.77923767288200        1.4996513410551096E-002
                  196   136.52667390865648        1.0336302269457538     
                  197   137.19695559246065        4.1223462475892397E-003
                  198   137.87528220419301        1.0444675159260293     
                  199   138.67392155500039        3.8979255660154533E-002
                  200   139.37389852385220       0.98592852069329184     
                  201   140.04031759034396        6.5015850907830353E-002
                  202   140.69145209892633       0.90971029347401644     
                  203   141.43147577583358       -2.6704793891305145E-002
                  204   142.18107582296653       0.92153462969855859     
                  205   142.71817054588544        6.1771755052280636E-002
                  206   143.55655366068584        1.0167833699105102     
                  207   144.15598237934290        7.2978313037830700E-002
                  208   144.85223412449685        1.0786920860006719     
                  209   145.62945211759060       -9.0022106184441328E-002
                  210   146.29454099502470       0.98231727798571555     
                  211   147.02162081719328       -5.6284903446548837E-002
                  212   147.63125269440732        1.0597977879702460     
                  213   148.30474050420227       -1.8216072444801279E-002
                  214   149.04261792715337        1.0487782860807906     
                  215   149.86470357674978       -1.3876798948994656E-002
                  216   150.57431373252916        1.0966560415862165     
                  217   151.24851516825598       -8.9427847437728886E-002
                  218   151.98067487253053        1.0955622787103734     
                  219   152.51834713540808        7.1111644536980267E-002
                  220   153.31443719022525       0.93522196327856799     
                  221   154.01516009840998        8.8458802782314300E-002
                  222   154.72424171160688       0.95685771515516216     
                  223   155.31020009557389       -2.9888070346239970E-002
                  224   156.03864328122864        1.0461879219512706     
                  225   156.79095838051069        7.2160260496918788E-002
                  226   157.54935000448017        1.0748808365465314     
                  227   158.27014592159514        7.2412372372945510E-002
                  228   158.83453465057531        1.0903999131990718     
                  229   159.51479347739661        9.2977988414098017E-002
                  230   160.37595050213835       0.91672290940072476     
                  231   161.07038208363798        2.8707275264276855E-002
                  232   161.72024681212562        1.0636517452449017     
                  233   162.47740953636196        3.9549553587656577E-002
                  234   163.17812686187571       0.96181393065468257     
                  235   163.75418161197945        4.9444241458498767E-002
                  236   164.54621210930213       0.96087215317028785     
                  237   165.16298855368171       -5.5794147688037254E-002
                  238   165.82400084360276       0.97530773118102976     
                  239   166.64930631289076       -2.9640165703635868E-002
                  240   167.29065986516611       0.90445672701627455     
                  241   168.04567916872358        2.6340838491859614E-002
                  242   168.79443229146634       0.97245189602720050     
                  243   169.37694701551163       -5.5570544528249048E-002
                  244   170.15207566355312       0.93046586136739218     
                  245   170.75647443271913        3.6158050988893631E-002
                  246   171.58014792162297        1.0144643080473759     
                  247   172.21807544905448       -8.1794937212596480E-002
                  248   172.91325227622247       0.98464723719467040     
                  249   173.51634252813167        9.3430717498025340E-003
                  250   174.20965459552696       0.98976106362666483     
                  251   174.99982993815391        3.2153412626308137E-002
                  252   175.66680799763745        1.0798509532670872     
                  253   176.47982294821193       -5.6880675466145607E-002
                  254   177.06323203748033        1.0349674309380996     
                  255   177.84752558068527        2.2969724924212745E-002
                  256   178.47929293960368       0.94933665759139052     
                  257   179.17419383818816       -2.7637568559834208E-002
                  258   179.83485136618395        1.0277319853952955     
                  259   180.65427722060929       -1.0103030094936002E-002
                  260   181.33697866836866       0.90045822612155635     
                  261   182.03332873152593       -1.6529155351627273E-002
                  262   182.69200802599102       0.97806438683407460     
                  263   183.30982313071365        1.6019034733668058E-002
                  264   184.06219814686881        1.0105006395409166     
                  265   184.89126057646848       -4.2386214284116229E-002
                  266   185.55549106157528       0.90797624203473482     
                  267   186.12590683354384       -5.3748901257171369E-002
                  268   186.90088411324791       0.92252732125425940     
                  269   187.58420787995379        5.3566183677418916E-002
                  270   188.27258907603718       0.96991301031522092     
                  271   188.92396469665601        8.2701354099212865E-002
                  272   189.75338390642739        1.0240988603649592     
                  273   190.49855884130582        3.0889851892556774E-002
                  274   191.18880322525399        1.0078455097716139     
                  275   191.79818180393178        5.9737642378946160E-002
                  276   192.53256416193395       0.95379201062050312     
                  277   193.27728966186265        1.6111217784735898E-002
                  278   193.92999499800089        1.0211522808635123     
                  279   194.66535482097339        8.1759403197444291E-002
                  280   195.31144123682358       0.91895435448336471     
                  281   196.02911814882765        9.4949465822491780E-002
                  282   196.79088798003625        1.0715742908344679     
                  283   197.37758295591399       -4.8764886238957729E-002
                  284   198.06103422393312        1.0534202483285870     
                  285   198.81708143102617        7.7171770666940337E-002
                  286   199.54162892701254       0.90389804285897546     
                  287   200.23245753210716        8.8612044412296309E-002
                  288   200.86133835607862        1.0657129085375421     
                  289   201.63631164689721        6.9763064353180609E-002
                  290   202.26927565748005        1.0085630698218193     
                  291   202.95971454076712        9.3305281313645905E-002
                  292   203.74740867803953        1.0063407133370581     
                  293   204.30268156684812       -8.9741689074993941E-002
                  294   205.13987303135707        1.0221054092611090     
                  295   205.71646388902590       -6.0619063613823548E-002
                  296   206.46252387592060        1.0238907831504895     
                  297   207.16023325990059       -1.8577230973832765E-002
                  298   207.82780290710295        1.0737326495184289     
                  299   208.69960238764850       -3.3589339655239997E-002
                  300   209.22177144550315        1.0869833050857240     
                  301   209.90632128779095        8.8077272455065830E-002
                  302   210.66631714853810        1.0946999202510757     
                  303   211.36759288391244       -7.9768303207844768E-002
                  304   212.13594040104934        1.0783656045954557     
                  305   212.73260167402947        7.8156336107954805E-002
                  306   213.42805937458871        1.0497627595691590     
                  307   214.27216879905080        6.8309971793263341E-002
                  308   214.88037963888567        1.0653217016558241     
                  309   215.60279707829810       -8.0387848808366011E-002
                  310   216.20577557064829       0.90759267218637563     
                  311   216.92034494474998       -9.4035484578107967E-002
                  312   217.79881011052419        1.0115929899975278     
                  313   218.31691478582184        2.3046963387283140E-002
                  314   219.14906616703971        1.0327296856407588     
                  315   219.72026320030423       -4.6397950775670660E-003
                  316   220.57955934271391       0.99037671851326081     
                  317   221.28339573640906        7.2850549507650630E-003
                  318   221.99557078525035        1.0984297487246053     
                  319   222.69990809279111       -9.7359169518727598E-002
                  320   223.23598980886479        1.0421018070704162     
                  321   224.04554912027606       -8.0366494821123860E-002
                  322   224.61004718889671        1.0514282212629351     
                  323   225.37093737592227        3.3993581628760705E-002
                  324   226.10415322803453       0.98403477075013523     
                  325   226.74006993962948        6.4539582671085893E-002
                  326   227.41394071617106        1.0949672654556832     
                  327   228.13676658605675        7.7272298703025072E-002
                  328   228.99579751692596       0.98949441769050495     
                  329   229.67928432322284        9.0619622010788131E-003
                  330   230.37396539690988       0.92066541283263703     
                  331   231.01791207940494       -8.9156237691252499E-002
                  332   231.68211061415306       0.90902868881855592     
                  333   232.30083064304992        4.1651012547761768E-002
                  334   233.13163657026561       0.95517698094561743     
                  335   233.77763241587067       -5.2033948323141253E-002
                  336   234.50603595199360       0.96602422339717831     
                  337   235.25180126706684       -5.7859213305579173E-002
                  338   235.95138135957765        1.0951866200038760     
                  339   236.55817150926879       -8.6397475553832800E-002
                  340   237.36705079492378       0.96836671341747016     
                  341   237.95247037925765        7.4407462837861760E-002
                  342   238.67803477312191        1.0364905482501618     
                  343   239.37583024053214       -2.8474662758556160E-002
                  344   240.04744730824996       0.94454244359873285     
                  345   240.87658379265238        7.4288447726298945E-003
                  346   241.49992027566739       0.96238613221369029     
                  347   242.26709806637933       -3.6377450540366466E-002
                  348   242.97758825174560        1.0704384889838885     
                  349   243.60942893247886       -9.2720069996537036E-002
                  350   244.29938904440598        1.0156455944178648     
                  351   244.90478527542032       -5.5955292496467322E-002
                  352   245.71678509038739       0.97080928804099564     
                  353   246.44224451484581        5.1363205493705738E-002
                  354   247.19225178416372       0.99816221584772458     
                  355   247.76328499405929        4.5640036729290206E-002
                  356   248.55339676805116       0.94782880106095302     
                  357   249.25702352245142       -8.7202328174970228E-002
                  358   249.92557061751057        1.0409562201350948     
                  359   250.51366165326323        8.4981664655804007E-002
                  360   251.37662036229744       0.96817215393983780     
                  361   252.00015259020884       -6.2351056929976542E-002
                  362   252.60371076626996       0.93215359734033587     
                  363   253.40528379567010        7.8059308482738649E-002
                  364   254.00702666816426       0.94862870223036277     
                  365   254.73824159856974       -7.2309811811638036E-002
                  366   255.40235286283104       0.92002500852235791     
                  367   256.28348336138407       -8.5615441312181975E-002
                  368   256.92448457810076        1.0305861105755232     
                  369   257.66487459859877        5.1810756337615782E-002
                  370   258.38024662500345        1.0483145046736539     
                  371   259.04154568815426        8.6183368832727369E-002
                  372   259.72030247928569       0.93076839043015613     
                  373   260.44563301540916        2.5129693739262354E-002
                  374   261.08073818205969       0.93746719857627725     
                  375   261.75495816307011       -2.8313654031527552E-002
                  376   262.42849934204207        1.0342022330784117     
                  377   263.29538754846624        8.4276747780633654E-002
                  378   263.88420543239727        1.0551792919718124     
                  379   264.52230018060135        3.3130204951650977E-002
                  380   265.34393046191531        1.0814797164330761     
                  381   265.93378484657256       -7.7771015322935094E-003
                  382   266.72028776731713       0.90894411998649582     
                  383   267.31308099474370        6.6625754295525391E-002
                  384   268.16884187822365       0.91285793505977708     
                  385   268.80021333379995       -9.5858215695667201E-002
                  386   269.42415029756791       0.93788297552725741     
                  387   270.18109478707424       -1.8878074489015975E-002
                  388   270.94124278099974        1.0910529023546656     
                  389   271.66825171229118        3.2273830147185878E-002
                  390   272.29760348977021        1.0699229655412437     
                  391   273.07654612344544       -4.0325034923513470E-004
                  392   273.63517300287145       0.97725702859635555     
                  393   274.34918659480917        6.6511792304835726E-002
                  394   275.07735533485436       0.96751793884868398     
                  395   275.70174790561947       -5.4081316402232869E-002
                  396   276.49605826244340        1.0384686080387167     
                  397   277.12351837247093        6.4675313290531028E-002
                  398   277.80983921695974        1.0651194710984071     
                  399   278.54861917766078       -2.5614239393561333E-002
                  400   279.33591816527729       0.94134468344539191     
                  401   280.06413726416758        7.1729186078158008E-002
                  402   280.68902257837664        1.0780363806247435     
                  403   281.35075236384597        5.2750650526252607E-002
                  404   282.15635689777173        1.0622590536036116     
                  405   282.78023955957531       -5.9013414878756471E-003
                  406   283.57855871618250       0.90554447849519892     
                  407   284.22128595722677       -7.2880697492540794E-002
                  408   284.97522387002573        1.0133371501413668     
                  409   285.55490024157695        8.2096428404932809E-002
                  410   286.28020940745751        1.0086496194521184     
                  411   287.01571274950487        6.6772760361601402E-002
                  412   287.66824074023117       0.90113024432600752     
                  413   288.48888700157278        3.8127790693702424E-002
                  414   289.11968236318666       0.92526753024355679     
                  415   289.79632552993195       -2.1101958499822618E-002
                  416   290.54147137933290       0.91649990947684157     
                  417   291.10450305464650       -3.7714305916070723E-002
                  418   291.82459333317894        1.0877621072392700     
                  419   292.51425078091125        1.6477279994305219E-002
                  420   293.30220057160409        1.0248224159350605     
                  421   293.94359983678083       -1.7455788103913808E-002
                  422   294.65269561738307       0.93317639096687355     
                  423   295.43956290883051       -5.5820752197125789E-002
                  424   296.09901446136871       0.92578835299426099     
                  425   296.89284517006109       -4.6408684555990114E-002
                  426   297.49441002830741        1.0123797408497399     
                  427   298.22420878783691        4.6694574070922673E-002
                  428   298.80345762956699        1.0953466068107209     
                  429   299.66475244755100        9.8818226609776322E-002
                  430   300.23183093019952        1.0769480198366963     
                  431   301.01934176459378       -6.0272165403741917E-002
                  432   301.73863528742265        1.0729787849745067     
                  433   302.42971560052325        6.4073975859032711E-002
                  434   303.14129605743818       0.97660368519735230     
                  435   303.80826926297857        4.5420975614971354E-002
                  436   304.59180315972475        1.0584305952767612     
                  437   305.16447161854791       -5.0189497393575790E-002
                  438   305.82341816997575        1.0705292099157564     
                  439   306.58967778742397        3.2023370585445160E-003
                  440   307.24504040633286        1.0244884754185464     
                  441   307.94232948254722        4.0728587321110371E-002
                  442   308.77627299126783        1.0798237241002331     
                  443   309.44069095218345       -6.3842757115441948E-002
                  444   310.05609310762208        1.0129930307261501     
                  445   310.80134747586499        6.5571210580886441E-005
                  446   311.58559186467511       0.99728471612529912     
                  447   312.24603804247693       -1.9493730762363146E-002
                  448   312.85524361580707        1.0238152990255700     
                  449   313.53509587803347       -3.6557351727261364E-002
                  450   314.26079348440089       0.99635197422205168     
                  451   314.95103074408541       -5.2980870244203983E-002
                  452   315.60193283537740       0.92237577526936299     
                  453   316.43106266000638        7.2447776835559474E-002
                  454   317.14783968141751        1.0904891656812210     
                  455   317.86571013184425       -5.3623320032665352E-002
                  456   318.59641638113533        1.0798726150070279     
                  457   319.11893629083568        9.4230437105775944E-002
                  458   319.85433171320119        1.0179602266950141     
                  459   320.58613653817508       -4.1861266835678750E-002
                  460   321.26899711924318        1.0996399289141852     
                  461   321.98396562497601        4.0844078039484644E-002
                  462   322.72489756656495       0.99961902585510887     
                  463   323.41831931774919       -6.9087273012884406E-002
                  464   324.18532418206604        1.0276999837619687     
                  465   324.77074208970959        7.3599682630382940E-002
                  466   325.41593340260590        1.0430310259690609     
                  467   326.22982069955947       -1.1413062086288436E-002
                  468   326.90314477516290       0.92679760390028176     
                  469   327.63208102289389        4.4341889396682599E-002
                  470   328.31589258889369       0.98496225497070256     
                  471   329.02413173621102       -8.0329317966387342E-003
                  472   329.69087146111121       0.91172969560343398     
                  473   330.34502010081542       -7.8235614918860386E-002
                  474   331.16230334162265        1.0181695903633643     
                  475   331.81944576264181       -4.1106233275797315E-002
                  476   332.44883069909355       0.95560724771040773     
                  477   333.11985434824118       -1.5378439991177703E-002
                  478   333.96360279072292        1.0115781345956050     
                  479   334.53490645738742        1.0625957139711512E-002
                  480   335.29133022771583        1.0768220865715081     
                  481   335.99807587460288       -8.9381362484912602E-002
                  482   336.69771378780570        1.0335406972205203     
                  483   337.42330377013604       -7.2800118929667493E-002
                  484   338.04334425502810       0.97308407004278930     
                  485   338.86573610631535        9.7390137909498214E-002
                  486   339.49578694381773        1.0107593279455251     
                  487   340.15982133045918       -2.4345372625821857E-002
                  488   340.97620762685642       0.97922724783145898     
                  489   341.56728449714194        4.6286581479535654E-002
                  490   342.21556328720516       0.93577791794719933     
                  491   343.02024137998183        8.9403991675143485E-002
                  492   343.74445403276457        1.0702599938186963     
                  493   344.34886640341313        3.7094740844523660E-002
                  494   345.01078150907404       0.95416761770472758     
                  495   345.87985816372094        4.8160284056993768E-002
                  496   346.45189077564874        1.0779073124244185     
                  497   347.27501950056325        2.4974712354602233E-002
                  498   347.88939002510955       0.91447166790058598     
                  499   348.58016315717322        8.5174601451509929E-002
                  500   349.26267834273187        1.0647778107820600     
                  501   350.02959264297760       -8.8686496487332941E-002
                  502   350.68916087331047       0.97433691479471363     
                  503   351.47999975942417       -3.2922039162897140E-002
                  504   352.15937064754172        1.0721417961829836     
                  505   352.87532029982850        5.7793808293521792E-002
                  506   353.49129818516974        1.0543920963051820     
                  507   354.10926920635762       -1.2503962524597248E-002
                  508   354.98593080791073       0.97710454086391219     
                  509   355.56625123870327       -7.6492551791181460E-002
                  510   356.27209930426210        1.0332108072347728     
                  511   357.02547740052768       -6.6537921064781722E-002
                  512   357.62781451127540       0.99577173479493930     
                  513   358.43651594164743       -2.0925060147799962E-002
                  514   359.12589123568830        1.0793289743189454     
                  515   359.87309077830321       -9.9987741064933716E-002
                  516   360.58278058640036       0.96979328292007860     
                  517   361.20628063737695       -8.7766278734012770E-003
                  518   361.87140302346256       0.99563725472935338     
                  519   362.57245504446325        6.9432036504872535E-002
                  520   363.36183916201480        1.0124770018021896     
                  521   363.95646359562511       -5.5113406185137992E-004
                  522   364.76503065325653       0.96518800203167798     
                  523   365.42788929993134        4.4212131127100124E-002
                  524   366.07344501707558       0.98678746789488792     
                  525   366.87105373292542        6.8939927823713637E-002
                  526   367.56736550937876       0.96312954034117559     
                  527   368.28609156675424        5.5941369187754303E-002
                  528   368.87440540098294       0.92222246554543430     
                  529   369.67209315209180       -6.7171600575319984E-002
                  530   370.38732206231577        1.0337914001399175     
                  531   371.08641553115439       -5.8280194063816959E-002
                  532   371.64383236614486       0.94399938524985971     
                  533   372.43889153514817        8.8809758585337267E-002
                  534   373.16184580193982       0.96773404528513141     
                  535   373.87488004150259        6.1953137405754366E-002
                  536   374.54404083507336        1.0309666049753752     
                  537   375.26779915767372       -9.4413139637767443E-002
                  538   375.93889173246765        1.0130657035052775     
                  539   376.62595499340375        6.6744694876683525E-002
                  540   377.28740444537732        1.0265460138525608     
                  541   378.03299426227329       -8.6478146312904555E-002
                  542   378.74863071882800        1.0142964172669402     
                  543   379.34408548039789       -7.7292279252190732E-002
                  544   380.04993409701177        1.0281010381859508     
                  545   380.70745369379773       -7.8693998332394641E-002
                  546   381.47166303085368        1.0755945812197742     
                  547   382.15814784171687        9.1584637764896698E-002
                  548   382.92230993680960        1.0120142595062187     
                  549   383.61900688767668       -9.9758225921593099E-002
                  550   384.29654731480736       0.90453295764052877     
                  551   384.96215577577846       -1.2201641509184319E-002
                  552   385.66337351408146       0.93386330088440295     
                  553   386.36435996037682        4.4410035490388633E-002
                  554   387.15864623142625        1.0731227682795805     
                  555   387.77394636520933        9.4205226530685138E-002
                  556   388.58078539430596       0.96503259913856199     
                  557   389.19431115575935       -1.4578871524337497E-002
                  558   389.91115827975563        1.0412356410217816     
                  559   390.59954795633814        6.6300950254391811E-002
                  560   391.34852235842834        1.0882158599318481     
                  561   391.95466315257158        8.8948774676469194E-002
                  562   392.66581817132050       0.98178169199192988     
                  563   393.33515673917941        3.2522806872950893E-002
                  564   394.12864696879871        1.0320707559334197     
                  565   394.71245669873429        6.2418701224609491E-002
                  566   395.57287024979496       0.90429342549111191     
                  567   396.18095682162732       -4.1507879928593956E-002
                  568   396.85310857309656       0.94538458037691830     
                  569   397.60772781052674       -7.9137373918656981E-002
                  570   398.26394874896465       0.92022137306167950     
                  571   399.08367838617681        3.6239199492223900E-002
                  572   399.66919773269365        1.0800769363734020     
                  573   400.45408587829013       -7.9693159148926787E-002
                  574   401.18263560899379       0.95055969031422527     
                  575   401.75246575545066       -7.4132092657182513E-002
                  576   402.52863708007453       0.94307104052562651     
                  577   403.18712010512252        7.5425532453276878E-002
                  578   403.84086284825878       0.92569169432150777     
                  579   404.63166285976547        6.9583710579425168E-002
                  580   405.39924838880449       0.93653434618333853     
                  581   406.05361182344001       -4.4864605517469014E-002
                  582   406.75704332607825        1.0437886677782549     
                  583   407.41484902700830        3.6501488579304159E-002
                  584   408.02668856596978        1.0360599599655249     
                  585   408.81419419550076        8.9795554870507860E-002
                  586   409.43025865695188       0.99611017709911009     
                  587   410.15235507318050       -2.3701087914327804E-002
                  588   410.95107162680125       0.94449180995198379     
                  589   411.63022262163855        6.3542311588414280E-002
                  590   412.33991889000231        1.0458131997277409     
                  591   412.90401165382048        6.4184744008946332E-002
                  592   413.64537183730863       0.92055098413840442     
                  593   414.49988569107222        8.5947061909183747E-002
                  594   415.03372188805713       0.92591166975493167     
                  595   415.86778677071754       -1.8248728838385270E-002
                  596   416.50976910205009        1.0078032763512441     
                  597   417.26208699454224        8.8519949225345340E-002
                  598   417.97440354476862       0.97602005278042037     
                  599   418.61536270544963       -6.3916887839602060E-002
                  600   419.39677447862960        1.0780028983222514     
                  601   419.99289927033135       -7.3352952003319663E-002
                  602   420.65171453464217       0.97943884637447387     
                  603   421.41769267853999        5.9222041850820861E-002
                  604   422.19712761578364       0.93639849111338713     
                  605   422.81268717088335        6.9377081248469030E-002
                  606   423.57923816121604       0.96541445478842647     
                  607   424.10528054218366       -7.1279941256673501E-003
                  608   424.88708767128372        1.0824899322665495     
                  609   425.54780795515126       -3.7504001567059686E-002
                  610   426.37250873008992        1.0412184004860603     
                  611   426.98157996218572        5.2658075964001905E-002
                  612   427.63838497533555       0.98786175966002288     
                  613   428.32685708969541        4.5370036097167443E-002
                  614   429.00673631672220       0.91710741219183034     
                  615   429.74213538876131       -3.2064591438220311E-002
                  616   430.43888907944978       0.96474498686503773     
                  617   431.29622568677905        3.1566388371957632E-002
                  618   431.93319966549109        1.0408521069568777     
                  619   432.55993338987804        2.8100709806619106E-002
                  620   433.27468606961770       0.92176125646208407     
                  621   433.90245860759495        9.9438231316173131E-002
                  622   434.76348003128487        1.0438502526416731     
                  623   435.49238967550355       -9.4334422356805100E-002
                  624   436.02253736056190        1.0937729548810533     
                  625   436.74144944893226       -1.5606192656542200E-003
                  626   437.56862398586946        1.0327511762835158     
                  627   438.27652561284327        1.9948383476958223E-002
                  628   438.87642095491265       0.91172850647350245     
                  629   439.64660585779029        2.9738671339602812E-002
                  630   440.23175501571035       0.99876920297193772     
                  631   440.90774751451659        9.9898311478339996E-004
                  632   441.75998833608838        1.0765956760169508     
                  633   442.43508588955734        1.4414225910298659E-002
                  634   443.12328575448072        1.0790248461738434     
                  635   443.84484992133071        1.0717419660006999E-002
                  636   444.46713428095774        1.0529738378298654     
                  637   445.21197546193446       -6.7555843430193302E-003
                  638   445.94693562679896        1.0673551394044853     
                  639   446.50705660080547        1.2028115287084501E-002
                  640   447.25548978780449       0.94051924637672124     
                  641   448.06204124517262       -1.8721105322427656E-002
                  642   448.71915019120081       0.94649767351301750     
                  643   449.43587763854129       -9.9997556403026391E-002
                  644   450.03330006793169        1.0614777844176413     
                  645   450.86664705304179       -5.2650158145674295E-002
                  646   451.58833359604859        1.0766369367645103     
                  647   452.23034965921937        1.2917102817965168E-002
                  648   452.85284652954942        1.0725455052891049     
                  649   453.55101725966745        7.2897402612125212E-002
                  650   454.21141030853755        1.0638602753456374     
                  651   455.05637330099859        8.4648375261521885E-002
                  652   455.68470406405953        1.0449977050616572     
                  653   456.39912316869402       -9.6786979571837878E-002
                  654   457.11547220876122       0.96719920928698011     
                  655   457.75038188117520       -8.5932704604330182E-002
                  656   458.43609515097586       0.97061026308538301     
                  657   459.22752967319718        7.6535604096049009E-002
                  658   459.84649280580663        1.0005801288342635     
                  659   460.50381354869336       -4.6060662651288831E-002
                  660   461.31768383798527       0.91922892240368992     
                  661   461.92419034344283        1.5530302114806147E-002
                  662   462.67997250580919       0.93801892358262962     
                  663   463.34374732434947        2.1793611340132635E-003
                  664   464.15565769156206        1.0289816739579585     
                  665   464.75147981360982       -3.5737917119441603E-002
                  666   465.49510223000260        1.0132423971747078     
                  667   466.24642441203798        1.6872732063827722E-002
                  668   466.84964514148993        1.0349864751560440     
                  669   467.54657421254723       -9.3873706295856590E-002
                  670   468.24041958936874       0.96248335902621951     
                  671   468.94237549243786        9.1317927797946424E-002
                  672   469.69576441879246       0.97890889454056429     
                  673   470.30079355821505        8.8822718619985669E-002
                  674   471.08063953712332       0.95295110733100785     
                  675   471.74953495649197       -7.9292350703937073E-002
                  676   472.41889400813682        1.0413232614989305     
                  677   473.17962835076048        4.2968000351088859E-002
                  678   473.94557186095204       0.94747792812913578     
                  679   474.62858506244743        7.8171467851519877E-002
                  680   475.25468790820469        1.0364156814729304     
                  681   476.09006818186089        5.1805383212120693E-002
                  682   476.73017828655190        1.0853830640168964     
                  683   477.48426742406645       -9.6261864936300207E-002
                  684   478.14547799677922       0.96958148231452879     
                  685   478.89369558785478       -2.2395336741010199E-002
                  686   479.44917266941883        1.0394547192117094     
                  687   480.11926374485773       -3.7812232092316482E-002
                  688   480.98889542188891       0.94736648100571841     
                  689   481.55000778434788       -4.0889943038159737E-002
                  690   482.22628321254615        1.0299440367599095     
                  691   483.04433103718350        9.7663079095758276E-002
                  692   483.63690069115904       0.94509129094475197     
                  693   484.47209176962292        2.5728681355963678E-002
                  694   485.14168096219817        1.0369220139292274     
                  695   485.79270228035557        4.5748773459367953E-002
                  696   486.51119889600380       0.93787376521042676     
                  697   487.29121746252150       -7.3336701940899779E-002
                  698   487.83965096776785       0.98123625939445536     
                  699   488.51900320682176        2.2357321798548782E-002
                  700   489.26777735409865        1.0383051487223274     
                  701   489.95611880929306       -3.3860930292026734E-002
                  702   490.77497103876209       0.90930957970471582     
                  703   491.44353934177838        1.3416712058647876E-002
                  704   492.07550358141475        1.0646802644530398     
                  705   492.80351645356342        6.7036380328212269E-002
                  706   493.47488243292071       0.95788106890655234     
                  707   494.10805915513856       -4.5184966132398155E-002
                  708   494.81338519637904       0.90089773020006625     
                  709   495.51116641548555        2.4921814401426476E-002
                  710   496.21820864213720        1.0012691198584212     
                  711   497.05722413199436       -1.3943356221432945E-002
                  712   497.75672172448401        1.0519347909809569     
                  713   498.30962107720194        6.6226878096702413E-002
                  714   499.08664957611541       0.93516262237603587     
                  715   499.70559210331436       -8.1723238312973748E-002
                  716   500.50250802615869       0.94241362252702066     
                  717   501.21530148210155       -8.4474912466185284E-002
                  718   501.93274259012117        1.0757727705480664     
                  719   502.53190763275944        2.3245718611948671E-002
                  720   503.29317073374006        1.0685887031024448     
                  721   503.97699961020646        4.0675928054929950E-002
                  722   504.68546764873088       0.98234280917455319     
                  723   505.41531027126643        4.3896217657640679E-002
                  724   506.11179111638910        1.0990177249019890     
                  725   506.74356947759122        5.4741218625796229E-002
                  726   507.57260599697082        1.0078606227893179     
                  727   508.22536483267578        8.0684108697318374E-002
                  728   508.86571841016314        1.0495206620317754     
                  729   509.58376859289581        6.3182594373210221E-002
                  730   510.36551131225804        1.0374855629198803     
                  731   511.04527499341634       -1.5281855349515011E-002
                  732   511.77605300226230        1.0322865076403978     
                  733   512.33451558363970        8.3978754045839543E-002
                  734   513.13305798792908        1.0447381425831008     
                  735   513.80862846083801        2.8231618325380570E-004
                  736   514.57995264443082       0.95684055238439547     
                  737   515.21254879298010        3.0231433724148965E-003
                  738   515.80287632149395       0.96662481916455079     
                  739   516.53645302385507       -6.3239886064484330E-002
                  740   517.23165695845512       0.99958146878380250     
                  741   518.08032749736833        4.2962016011324045E-002
                  742   518.74244740371569        1.0896686470633563     
                  743   519.43562770107337       -8.2179768089390953E-002
                  744   520.00575093956945       0.99791142930356569     
                  745   520.78861028801771       -9.0792801214541891E-003
                  746   521.56863792089746       0.94810586484772696     
                  747   522.18176132792257       -3.8081103909995771E-002
                  748   522.96401360591381       0.94441865539936121     
                  749   523.53650833158656       -3.5309862959070584E-002
                  750   524.26236729213349        1.0938350695303762     
                  751   525.05077167264687        6.8747305933032216E-002
                  752   525.62650507943795        1.0424377473132174     
                  753   526.38681271266069        9.3056678271538990E-002
                  754   527.05555189655479       0.93026087046887129     
                  755   527.78776212523542        9.7965274456942864E-003
                  756   528.45445440141623       0.91730277070872523     
                  757   529.14739420556009       -9.4407380319208173E-002
                  758   529.86382656691796       0.90801677682286663     
                  759   530.53351511681456       -2.1340004846282096E-003
                  760   531.33320141091485        1.0040588671047088     
                  761   531.90486118426463        6.2636036484272628E-003
                  762   532.75822384714093        1.0476259015181233     
                  763   533.34282060335090       -8.2256680905294907E-002
                  764   534.08625216349810       0.99341549059008571     
                  765   534.76409800793590        4.4763890154325192E-002
                  766   535.43700454783789       0.90762296998055092     
                  767   536.26745188646123        6.1384593529823478E-002
                  768   536.93492264186568        1.0514863144422728     
                  769   537.50102095500688       -2.6234795958835405E-002
                  770   538.36145635539219        1.0056241572171454     
                  771   538.97071102073596       -3.4955340440905619E-002
                  772   539.61610682129549       0.95057623309032735     
                  773   540.41777352601707        7.2215058575520436E-002
                  774   541.17283300615361       0.98088540956001713     
                  775   541.70552352338814       -3.0224965775074761E-002
                  776   542.57334831258856       0.95024246504825149     
                  777   543.27600684895208        3.2772613059019906E-002
                  778   543.94107885686969        1.0707770689684966     
                  779   544.56577642158891        4.0547604874153709E-002
                  780   545.36167621757329        1.0528006424746019     
                  781   546.02147918026014       -4.1077309968229704E-002
                  782   546.60045922666529       0.98621160109906603     
                  783   547.38865309252617        6.2087991695485151E-002
                  784   548.04060596378815       0.97456845155101224     
                  785   548.78310933887622       -3.9222058211725024E-002
                  786   549.59855123036243        1.0947289163415572     
                  787   550.13769811562008        2.9180073933593342E-002
                  788   550.88947822590433        1.0146100053251208     
                  789   551.57973054917022       -5.1755798306897909E-002
                  790   552.21750357327255       0.97330065266524968     
                  791   553.09422022333570        5.2299341295785895E-002
                  792   553.69243725775357       0.94387653581601005     
                  793   554.32336501208954       -5.3494044167570018E-002
                  794   555.14913078853374        1.0401531540709230     
                  795   555.73375876672219       -1.9368066668636677E-002
                  796   556.45209490356740        1.0478783982585278     
                  797   557.24993645880340        9.5660447324363795E-002
                  798   557.91711885323741        1.0833443836820669     
                  799   558.62899403351298        7.7424429504867165E-002
                  800   559.22291057267205       0.97350626913185700     
                  801   560.03458787465081        5.4723713026558596E-002
                  802   560.63545464053709       0.94337286912776297     
                  803   561.31573473449771       -5.2544658408128248E-002
                  804   562.12666436315374       0.91731922195430704     
                  805   562.75528680118191       -2.6417842947410425E-002
                  806   563.49525183034189        1.0221859112883749     
                  807   564.29736432989876       -8.0173783115583819E-003
                  808   564.95486513473361       0.91210998640784169     
                  809   565.61248052757048       -8.7173242867576842E-002
                  810   566.25495643064301       0.91187667987607779     
                  811   566.96883159179970        5.7477855578255105E-002
                  812   567.64144119926573        1.0435911372883067     
                  813   568.34774191304382        4.6077605314648051E-002
                  814   569.03035314520457        1.0356615581584772     
                  815   569.85493934590693       -8.9697111216439390E-002
                  816   570.49532354062057        1.0274255235596708     
                  817   571.16975162237611        3.6296980833070536E-002
                  818   571.81767486541082        1.0891068348421531     
                  819   572.57093490635862        4.2694654919753328E-002
                  820   573.37599315726345        1.0731915281138000     
                  821   574.00006286349344        4.6694884548814097E-002
                  822   574.63901131203340       0.90235204954698367     
                  823   575.48803697039762        6.8556271804002644E-002
                  824   576.18511933157470        1.0716420427359739     
                  825   576.70062415297605       -2.8677097339553231E-003
                  826   577.58771406326900        1.0981694841945016     
                  827   578.19266249499287       -2.6534648970647223E-002
                  828   578.98374997700751        1.0089805846740398     
                  829   579.58486868231648        8.5826051223280519E-002
                  830   580.26624811481838        1.0778994178773975     
                  831   580.90774852698519       -8.2336234887645993E-002
                  832   581.67930427131080       0.97733947369263885     
                  833   582.34925471790291        2.0138502590844154E-002
                  834   583.00219001491143       0.94674460213470957     
                  835   583.70104654359807        7.3080625926879972E-002
                  836   584.49794313501616       0.94684923904571017     
                  837   585.11957364147679        8.9558269780062538E-002
                  838   585.99981455043826        1.0771901676062985     
                  839   586.65373540227949        9.6695721121676959E-002
                  840   587.35644677271421       0.92072511744294228     
                  841   588.02001824201193       -1.2968339918385058E-002
                  842   588.74125594515681       0.98208079381647229     
                  843   589.34708209007852        9.6009306784212572E-003
                  844   590.00813990512722       0.92387668096200370     
                  845   590.78031813947075        5.9829511241385053E-002
                  846   591.48569379403432        1.0296507641248587     
                  847   592.10193430093693       -8.6931464075791554E-002
                  848   592.88350000079765        1.0344898407295058     
                  849   593.66966816741615       -2.4761295448524803E-002
                  850   594.29181277002749        1.0788573336746743     
                  851   595.01039228561478       -5.3638206106866232E-002
                  852   595.71888610517954        1.0697332834655624     
                  853   596.31539911809648       -6.8910441387953256E-002
                  854   597.19457357651413        1.0894245862188847     
                  855   597.73925955497521       -5.5808999065147663E-002
                  856   598.50771550062120       0.97359937592242030     
                  857   599.26925867933699       -1.0466817023251321E-002
                  858   599.92640035753482        1.0090777651616774     
                  859   600.57586240748276       -3.4886264225619801E-002
                  860   601.25524598821755       0.90070255228062646     
                  861   601.92271737818783        9.1365978881402188E-002
                  862   602.66663000873700        1.0534876930210517     
                  863   603.38195116450913       -5.0826424156265287E-002
                  864   604.02373282602332       0.90090083757558770     
                  865   604.82347115647656        6.4137811616184731E-002
                  866   605.46312249199661        1.0486535920178894     
                  867   606.17475777038533       -9.2444807085905925E-002
                  868   606.89202635134905        1.0732979168197088     
                  869   607.69255229956957       -9.2441782531345551E-002
                  870   608.33155096602218       0.95547081819522239     
                  871   608.90623244640881        1.1718918228581635E-002
                  872   609.76829299778638       0.91177347358609162     
                  873   610.38073855303139       -1.7194520550283365E-002
                  874   611.09014962144852       0.92809645308047983     
                  875   611.85732097623861        1.1727013275922363E-002
                  876   612.57085068071387        1.0220815782135968     
                  877   613.14130794356333        6.0031738247190158E-002
                  878   613.90684025735584       0.97422875391972963     
                  879   614.62213205502792        1.9079759687445949E-002
                  880   615.21946988166906        1.0864236490978951     
                  881   615.93485220796083       -2.4842720493631676E-002
                  882   616.61888935161301        1.0467998846308695     
                  883   617.37432034574476        9.4831721751745923E-002
                  884   618.08288701906622       0.91153366920937973     
                  885   618.80934452692588        7.1730517230415958E-002
                  886   619.46925592071261        1.0863889038590979     
                  887   620.11806037190615       -8.2266697848798975E-002
                  888   620.81722257198112       0.95706866521336120     
                  889   621.50544101780599       -1.0701668267599732E-002
                  890   622.26351422327537        1.0742266091859070     
                  891   623.01036044083708       -2.1743316747694599E-002
                  892   623.61528512315056        1.0630126860397535     
                  893   624.32775529144578        2.1108410778624742E-002
                  894   625.03878187989903       0.94017847261433019     
                  895   625.74379829191480        7.0876493397185575E-002
                  896   626.57664331366777       0.90423737952003336     
                  897   627.22237717087444       -4.6052795213248968E-002
                  898   627.84027692652228       0.90540485036388352     
                  899   628.52986262062939       -6.0888985475968702E-002
                  900   629.28000691608895       0.91373430821863422     
                  901   630.09179427460265       -1.1207651738268098E-003
                  902   630.73666803213769        1.0074680928306905     
                  903   631.48119388146063       -7.1476452207239777E-002
                  904   632.14973206375043        1.0652688214637975     
                  905   632.78055789431289       -1.1060420494734685E-002
                  906   633.57638151261699       0.99890675519456307     
                  907   634.20817112409452       -6.3728181714091781E-002
                  908   634.99034574347240       0.97620606514108832     
                  909   635.52857047370117       -8.5639671103148532E-002
                  910   636.20629266887750        1.0431597634245635     
                  911   637.07888902514856       -1.7208573813409372E-003
                  912   637.74031273205424        1.0269184506411833     
                  913   638.49705815896050       -7.6523755362874035E-002
                  914   639.03696255749139       0.91393035096838060     
                  915   639.87469671373162        4.6538700988185883E-002
                  916   640.55913970866152       0.93759053255082381     
                  917   641.13000811992526        1.0891137055511757E-002
                  918   641.99143600059119       0.97981510947848993     
                  919   642.65217727577624        7.8868201818700023E-002
                  920   643.35230629569139        1.0270865383638463     
                  921   644.09871382090807       -3.3922268433009314E-002
                  922   644.70142289611567       0.97283084852558166     
                  923   645.30451292261068       -6.8816072879763435E-002
                  924   646.17618156181163       0.95371588191398637     
                  925   646.72228947921883       -4.9268014191977461E-002
                  926   647.58264153667983        1.0331925752306053     
                  927   648.25693343614114        1.1492056690392424E-002
                  928   648.91753536802503        1.0831007513933504     
                  929   649.59577990932632       -2.8553964090156508E-002
                  930   650.34020259500608       0.92467397473345359     
                  931   651.05645693237386       -6.4620113497078580E-002
                  932   651.66122448327269       0.93409734849481163     
                  933   652.34471978220722        9.4375626467823576E-002
                  934   653.16027356285997       0.90935921154984589     
                  935   653.82737793100966       -3.9934127363158815E-002
                  936   654.46102834168460       0.94819368444296470     
                  937   655.14615155221588        6.3088465645401770E-002
                  938   655.99798316905617        1.0238906758172428     
                  939   656.52717787171503        6.3964603238821638E-003
                  940   657.32356158276502        1.0777629796413568     
                  941   657.93727485747797       -7.0821973379597586E-002
                  942   658.78670203754837       0.92373808491744858     
                  943   659.46863355042467        1.3219484934455725E-002
                  944   660.06420553531859        1.0844260639687526     
                  945   660.79799088910477       -8.3590719686605905E-002
                  946   661.42424485538049       0.97497312018189330     
                  947   662.21499086796769       -1.9527246615798619E-002
                  948   662.93152261338469        1.0844922037304563     
                  949   663.60906822570553        3.9480185114535576E-003
                  950   664.24074450837702       0.92022256647625689     
                  951   665.00338185152691       -2.5550651647521391E-002
                  952   665.69752368182662       0.90857435941765374     
                  953   666.39834945927123       -2.1494534067331983E-002
                  954   667.14827842867930       0.97030841280631841     
                  955   667.88936628715817        7.7695777455485449E-002
                  956   668.55616509714650       0.90727040345863752     
                  957   669.27117081234906        5.1966035304563507E-002
                  958   669.81888870339412       0.98475611852182332     
                  959   670.52833980258856        9.9993468547456582E-002
                  960   671.33627753945348        1.0238316741744706     
                  961   672.00825993141439        8.7881673723433834E-002
                  962   672.79038992100868        1.0043633770057305     
                  963   673.36204457744054        5.1919189528806614E-002
                  964   674.13006077322655        1.0933879741649570     
                  965   674.74314456431023        8.2546149313099726E-002
                  966   675.43237853824587        1.0515490727877004     
                  967   676.12234668774022       -4.9151068938183759E-002
                  968   676.85375598685437        1.0760589800778855     
                  969   677.51095858074746        2.3591298003459091E-002
                  970   678.25952042297274        1.0507945317005416     
                  971   679.01401762935882        7.6597654127019188E-002
                  972   679.64578194171986       0.96645481773826269     
                  973   680.43471637418577        4.3637169541951265E-002
                  974   681.16669637376231        1.0218524422174677     
                  975   681.83712130774086       -9.4346072646422682E-002
                  976   682.50868645847470       0.97790344784297190     
                  977   683.12232572910159       -7.5762991209341851E-002
                  978   683.88400284561737       0.91138194906873082     
                  979   684.56407776655305        8.7868669771845959E-002
                  980   685.26069413471726       0.97415145195162045     
                  981   685.96306782340969        7.9219932032639023E-002
                  982   686.78823199143301        1.0012601644768364     
                  983   687.43391338558604        9.9484182042946789E-002
                  984   688.17291093705887       0.99051318882528028     
                  985   688.71303229663397        3.7904497240924290E-002
                  986   689.48969577951027       0.97959582649413546     
                  987   690.20439959898829       -1.8204287155423951E-002
                  988   690.87109416741134       0.97810499419286490     
                  989   691.50649926727385        7.8442365386619861E-002
                  990   692.31254167814893       0.92467277829325756     
                  991   692.98672649213790        5.9686532033756595E-002
                  992   693.66042265933584        1.0764333970758329     
                  993   694.34097739934509       -9.7169647350791130E-002
                  994   695.09773601924621       0.95046416831243496     
                  995   695.89720157101056       -9.9839742955820529E-002
                  996   696.42415620549912        1.0417003487906116     
                  997   697.26167495126367       -7.4260622451381764E-002
                  998   697.86856126348368       0.94540897003954116     
                  999   698.60203680649192        1.5923371175175088E-003
                 1000   699.23705385411756       0.99616826402209568     
