   3.2316520350478255E-003   0.0000000000000000     
   9.6949561051434766E-003   0.0000000000000000     
   1.6158260175239129E-002   0.0000000000000000     
   2.2621564245334777E-002   0.0000000000000000     
   2.9084868315430432E-002   0.0000000000000000     
   3.5548172385526086E-002   0.0000000000000000     
   4.2011476455621734E-002   0.0000000000000000     
   4.8474780525717381E-002   0.0000000000000000     
   5.4938084595813036E-002   0.0000000000000000     
   6.1401388665908690E-002   0.0000000000000000     
   6.7864692736004345E-002   0.0000000000000000     
   7.4327996806099986E-002   0.0000000000000000     
   8.0791300876195640E-002   0.0000000000000000     
   8.7254604946291295E-002   0.0000000000000000     
   9.3717909016386935E-002   0.0000000000000000     
  0.10018121308648259        0.0000000000000000     
  0.10664451715657824        0.0000000000000000     
  0.11310782122667390        0.0000000000000000     
  0.11957112529676955        0.0000000000000000     
  0.12603442936686518        0.0000000000000000     
  0.13249773343696086        0.0000000000000000     
  0.13896103750705649        0.0000000000000000     
  0.14542434157715214        0.0000000000000000     
  0.15188764564724780        0.0000000000000000     
  0.15835094971734345        0.0000000000000000     
  0.16481425378743911        0.0000000000000000     
  0.17127755785753476        0.0000000000000000     
  0.17774086192763042        0.0000000000000000     
  0.18420416599772604        0.0000000000000000     
  0.19066747006782170        0.0000000000000000     
  0.19713077413791735        0.0000000000000000     
  0.20359407820801301        0.0000000000000000     
  0.21005738227810866        0.0000000000000000     
  0.21652068634820432        0.0000000000000000     
  0.22298399041829997        0.0000000000000000     
  0.22944729448839563        0.0000000000000000     
  0.23591059855849128        0.0000000000000000     
  0.24237390262858691        0.0000000000000000     
  0.24883720669868256        0.0000000000000000     
  0.25530051076877824        0.0000000000000000     
  0.26176381483887390        0.0000000000000000     
  0.26822711890896950        0.0000000000000000     
  0.27469042297906515        0.0000000000000000     
  0.28115372704916081        0.0000000000000000     
  0.28761703111925646        0.0000000000000000     
  0.29408033518935212        0.0000000000000000     
  0.30054363925944777        0.0000000000000000     
  0.30700694332954342        0.0000000000000000     
  0.31347024739963908        0.0000000000000000     
  0.31993355146973473        0.0000000000000000     
  0.32639685553983039        0.0000000000000000     
  0.33286015960992604        0.0000000000000000     
  0.33932346368002170        0.0000000000000000     
  0.34578676775011735        0.0000000000000000     
  0.35225007182021301        0.0000000000000000     
  0.35871337589030866        0.0000000000000000     
  0.36517667996040426        0.0000000000000000     
  0.37163998403049991        0.0000000000000000     
  0.37810328810059557        0.0000000000000000     
  0.38456659217069122        0.0000000000000000     
  0.39102989624078688        0.0000000000000000     
  0.39749320031088253        0.0000000000000000     
  0.40395650438097819        0.0000000000000000     
  0.41041980845107384        0.0000000000000000     
  0.41688311252116950        0.0000000000000000     
  0.42334641659126515        0.0000000000000000     
  0.42980972066136081        0.0000000000000000     
  0.43627302473145646        0.0000000000000000     
  0.44273632880155211        0.0000000000000000     
  0.44919963287164777        0.0000000000000000     
  0.45566293694174342        0.0000000000000000     
  0.46212624101183908        0.0000000000000000     
  0.46858954508193473        0.0000000000000000     
  0.47505284915203033        0.0000000000000000     
  0.48151615322212599        0.0000000000000000     
  0.48797945729222164        0.0000000000000000     
  0.49444276136231730        0.0000000000000000     
  0.50090606543241289        0.0000000000000000     
  0.50736936950250866        0.0000000000000000     
  0.51383267357260431        0.0000000000000000     
  0.52029597764269997        0.0000000000000000     
  0.52675928171279551        0.0000000000000000     
  0.53322258578289117        0.0000000000000000     
  0.53968588985298682        0.0000000000000000     
  0.54614919392308248        0.0000000000000000     
  0.55261249799317813        0.0000000000000000     
  0.55907580206327379        0.0000000000000000     
  0.56553910613336944        0.0000000000000000     
  0.57200241020346509        0.0000000000000000     
  0.57846571427356075        0.0000000000000000     
  0.58492901834365640        0.0000000000000000     
  0.59139232241375206        0.0000000000000000     
  0.59785562648384771        0.0000000000000000     
  0.60431893055394337        0.0000000000000000     
  0.61078223462403902        0.0000000000000000     
  0.61724553869413468        0.0000000000000000     
  0.62370884276423033        0.0000000000000000     
  0.63017214683432599        0.0000000000000000     
  0.63663545090442164        0.0000000000000000     
  0.64309875497451729        0.0000000000000000     
  0.64956205904461295        0.0000000000000000     
  0.65602536311470860        0.0000000000000000     
  0.66248866718480426        0.0000000000000000     
  0.66895197125489991        0.0000000000000000     
  0.67541527532499557        0.0000000000000000     
  0.68187857939509122        0.0000000000000000     
  0.68834188346518688        0.0000000000000000     
  0.69480518753528253        0.0000000000000000     
  0.70126849160537819        0.0000000000000000     
  0.70773179567547384        0.0000000000000000     
  0.71419509974556949        0.0000000000000000     
  0.72065840381566515        0.0000000000000000     
  0.72712170788576069        0.0000000000000000     
  0.73358501195585635        0.0000000000000000     
  0.74004831602595200        0.0000000000000000     
  0.74651162009604766        0.0000000000000000     
  0.75297492416614331        0.0000000000000000     
  0.75943822823623897        0.0000000000000000     
  0.76590153230633462        0.0000000000000000     
  0.77236483637643027        0.0000000000000000     
  0.77882814044652593        0.0000000000000000     
  0.78529144451662158        0.0000000000000000     
  0.79175474858671724        0.0000000000000000     
  0.79821805265681289        0.0000000000000000     
  0.80468135672690855        0.0000000000000000     
  0.81114466079700420        0.0000000000000000     
  0.81760796486709986        0.0000000000000000     
  0.82407126893719551        0.0000000000000000     
  0.83053457300729117        0.0000000000000000     
  0.83699787707738682        0.0000000000000000     
  0.84346118114748247        0.0000000000000000     
  0.84992448521757813        4.9374417634777498E-007
  0.85638778928767378        2.4315979643047794E-006
  0.86285109335776944        1.0539346999095788E-005
  0.86931439742786509        3.1621598360788863E-005
  0.87577770149796075        9.8585009838519314E-005
  0.88224100556805640        2.9876927647152021E-004
  0.88870430963815206        7.6229086694462708E-004
  0.89516761370824771        1.8289014007496784E-003
  0.90163091777834337        4.0412162636443375E-003
  0.90809422184843902        7.9591397315634058E-003
  0.91455752591853468        1.5187917653427457E-002
  0.92102082998863033        2.6961539036952399E-002
  0.92748413405872598        4.5159972677037738E-002
  0.93394743812882164        7.2170615050156317E-002
  0.94041074219891718       0.10909216295094999     
  0.94687404626901284       0.15773870472035698     
  0.95333735033910849       0.21923882089640692     
  0.95980065440920415       0.29446246887317179     
  0.96626395847929980       0.38328771610503953     
  0.97272726254939545       0.48467093631894714     
  0.97919056661949111       0.59661232374069861     
  0.98565387068958676       0.71717234242756356     
  0.99211717475968242       0.84483512890467871     
  0.99858047882977807       0.97507085517645020     
   1.0050437828998737        1.1075151358870516     
   1.0115070869699694        1.2382237050542824     
   1.0179703910400650        1.3658306362542394     
   1.0244336951101607        1.4855753995454193     
   1.0308969991802563        1.5988288919788562     
   1.0373603032503520        1.7017254433250784     
   1.0438236073204474        1.7944012992032721     
   1.0502869113905431        1.8781744401543656     
   1.0567502154606387        1.9512047599431603     
   1.0632135195307344        2.0109653590005667     
   1.0696768236008301        2.0621326959787494     
   1.0761401276709257        2.1034848360805598     
   1.0826034317410214        2.1347655249019888     
   1.0890667358111170        2.1566221954240055     
   1.0955300398812127        2.1723229740283667     
   1.1019933439513083        2.1789687549664221     
   1.1084566480214040        2.1795947962578364     
   1.1149199520914996        2.1740874577948994     
   1.1213832561615953        2.1631331921219976     
   1.1278465602316909        2.1486832109860421     
   1.1343098643017866        2.1301666396757155     
   1.1407731683718823        2.1095631348615869     
   1.1472364724419779        2.0845574957751545     
   1.1536997765120736        2.0567998863162065     
   1.1601630805821692        2.0273697983818884     
   1.1666263846522649        1.9985317057001379     
   1.1730896887223605        1.9658192610395822     
   1.1795529927924562        1.9352575980363975     
   1.1860162968625518        1.9028560208260779     
   1.1924796009326475        1.8692175969875526     
   1.1989429050027431        1.8361495461619861     
   1.2054062090728388        1.8039393337294218     
   1.2118695131429345        1.7717416950151497     
   1.2183328172130301        1.7401032787537032     
   1.2247961212831258        1.7082364744849130     
   1.2312594253532214        1.6769926566197937     
   1.2377227294233171        1.6469459025183111     
   1.2441860334934127        1.6165567431433923     
   1.2506493375635084        1.5881785784560034     
   1.2571126416336040        1.5619089508037189     
   1.2635759457036997        1.5334134500937686     
   1.2700392497737953        1.5072664120055046     
   1.2765025538438910        1.4803482344049548     
   1.2829658579139867        1.4568012593555890     
   1.2894291619840823        1.4305340622456815     
   1.2958924660541780        1.4068084791769233     
   1.3023557701242736        1.3844108508123512     
   1.3088190741943693        1.3632231555486054     
   1.3152823782644649        1.3424397080656760     
   1.3217456823345606        1.3214576145380585     
   1.3282089864046562        1.3011121118931015     
   1.3346722904747519        1.2824066370511713     
   1.3411355945448475        1.2635915517580332     
   1.3475988986149432        1.2458873216257533     
   1.3540622026850389        1.2287850691694693     
   1.3605255067551345        1.2121862554858722     
   1.3669888108252302        1.1959571523199759     
   1.3734521148953258        1.1811735248582447     
   1.3799154189654215        1.1669938005693796     
   1.3863787230355171        1.1524364370322526     
   1.3928420271056128        1.1401242219902492     
   1.3993053311757084        1.1267908467355137     
   1.4057686352458041        1.1137015645974151     
   1.4122319393158997        1.1019481574100454     
   1.4186952433859954        1.0909291081140193     
   1.4251585474560911        1.0793382161946545     
   1.4316218515261867        1.0699740466715149     
   1.4380851555962824        1.0597110187818182     
   1.4445484596663780        1.0505202889126108     
   1.4510117637364734        1.0408032676916259     
   1.4574750678065691        1.0316067836424505     
   1.4639383718766648        1.0229979321615510     
   1.4704016759467604        1.0153107217604034     
   1.4768649800168561        1.0070605767928484     
   1.4833282840869517        1.0000614224408830     
   1.4897915881570474       0.99225206957113787     
   1.4962548922271430       0.98580690075952804     
   1.5027181962972387       0.98000506197570947     
   1.5091815003673343       0.97299561636744569     
   1.5156448044374300       0.96756160816538628     
   1.5221081085075256       0.96231516088157776     
   1.5285714125776213       0.95629591864764962     
   1.5350347166477170       0.95234855854309475     
   1.5414980207178126       0.94710856386234576     
   1.5479613247879083       0.94321350866978759     
   1.5544246288580039       0.93839736230650961     
   1.5608879329280996       0.93381629874985728     
   1.5673512369981952       0.93028386666383545     
   1.5738145410682909       0.92709248030755709     
   1.5802778451383865       0.92373597653543005     
   1.5867411492084822       0.92064680149251699     
   1.5932044532785778       0.91769106515802357     
   1.5996677573486735       0.91541667677018745     
   1.6061310614187692       0.91364311229853457     
   1.6125943654888648       0.91163726935359335     
   1.6190576695589605       0.90862250860345106     
   1.6255209736290561       0.90641629102494303     
   1.6319842776991518       0.90479978900710722     
   1.6384475817692474       0.90353686820013646     
   1.6449108858393431       0.90275104645122950     
   1.6513741899094387       0.90174356615258100     
   1.6578374939795344       0.90033358110237027     
   1.6643007980496300       0.89936597558601961     
   1.6707641021197257       0.89947612963425594     
   1.6772274061898214       0.89910397463941982     
   1.6836907102599170       0.89905009053865304     
   1.6901540143300127       0.89895937075514198     
   1.6966173184001083       0.89985539013017568     
   1.7030806224702040       0.89888917711191463     
   1.7095439265402996       0.89932944522794733     
   1.7160072306103953       0.90048394780044017     
   1.7224705346804909       0.90066355768590145     
   1.7289338387505866       0.90277548136676899     
   1.7353971428206822       0.90316314671205822     
   1.7418604468907779       0.90468599281519235     
   1.7483237509608736       0.90649119762256924     
   1.7547870550309692       0.90780643484614743     
   1.7612503591010649       0.90981972169642911     
   1.7677136631711605       0.91206561030154321     
   1.7741769672412562       0.91420969822971243     
   1.7806402713113518       0.91616830400737204     
   1.7871035753814475       0.91846882011579167     
   1.7935668794515431       0.92060777587692411     
   1.8000301835216388       0.92349441840855584     
   1.8064934875917344       0.92595963203786869     
   1.8129567916618301       0.92878710001411791     
   1.8194200957319258       0.93207635023447266     
   1.8258833998020214       0.93519366387716940     
   1.8323467038721171       0.93845506404403300     
   1.8388100079422127       0.94243660973655330     
   1.8452733120123084       0.94532150860544795     
   1.8517366160824040       0.94821157620131236     
   1.8581999201524997       0.95260819865354673     
   1.8646632242225953       0.95586727484023515     
   1.8711265282926908       0.95983320444963727     
   1.8775898323627864       0.96341895438300096     
   1.8840531364328821       0.96760319213580304     
   1.8905164405029777       0.97135940609010896     
   1.8969797445730734       0.97587501170314217     
   1.9034430486431690       0.97975482302699490     
   1.9099063527132647       0.98408599532560204     
   1.9163696567833604       0.98785638812043663     
   1.9228329608534560       0.99200077184458679     
   1.9292962649235517       0.99679157215111214     
   1.9357595689936473        1.0015103692207681     
   1.9422228730637430        1.0061179067175974     
   1.9486861771338386        1.0106109177575695     
   1.9551494812039343        1.0145194319083317     
   1.9616127852740299        1.0190702430133489     
   1.9680760893441256        1.0233248420982106     
   1.9745393934142212        1.0279394518061171     
   1.9810026974843169        1.0315580246817162     
   1.9874660015544126        1.0366731292631453     
   1.9939293056245082        1.0402228938080242     
   2.0003926096946039        1.0445224622453562     
   2.0068559137646997        1.0484533504512830     
   2.0133192178347952        1.0527552610259840     
   2.0197825219048910        1.0570031922244640     
   2.0262458259749865        1.0611205967361854     
   2.0327091300450824        1.0650006803069627     
   2.0391724341151778        1.0684989684302355     
   2.0456357381852737        1.0720836508736160     
   2.0520990422553691        1.0758590146200051     
   2.0585623463254650        1.0787643895246448     
   2.0650256503955604        1.0821341143845549     
   2.0714889544656563        1.0847826275025636     
   2.0779522585357517        1.0876974686429324     
   2.0844155626058471        1.0903978201403310     
   2.0908788666759430        1.0922413391257790     
   2.0973421707460385        1.0950097428088181     
   2.1038054748161343        1.0967482423524446     
   2.1102687788862298        1.0983095766924227     
   2.1167320829563256        1.0998713008520682     
   2.1231953870264211        1.1019403197964774     
   2.1296586910965170        1.1035067848921527     
   2.1361219951666124        1.1039263109726238     
   2.1425852992367083        1.1049762821620372     
   2.1490486033068037        1.1057391289077390     
   2.1555119073768996        1.1061200043710360     
   2.1619752114469950        1.1059542476103403     
   2.1684385155170909        1.1067074376728194     
   2.1749018195871863        1.1064316392215907     
   2.1813651236572822        1.1062648496595933     
   2.1878284277273776        1.1057321391518944     
   2.1942917317974735        1.1058676258571349     
   2.2007550358675689        1.1051514814701531     
   2.2072183399376648        1.1036391253258611     
   2.2136816440077602        1.1027716646903931     
   2.2201449480778561        1.1016059969361771     
   2.2266082521479515        1.1004831010377822     
   2.2330715562180474        1.0993274069784444     
   2.2395348602881429        1.0979971698252795     
   2.2459981643582387        1.0961463893557466     
   2.2524614684283342        1.0946459473109886     
   2.2589247724984300        1.0924770458095316     
   2.2653880765685255        1.0909191960284899     
   2.2718513806386214        1.0890986994170715     
   2.2783146847087168        1.0869113232265182     
   2.2847779887788127        1.0842628678095034     
   2.2912412928489081        1.0832045810876907     
   2.2977045969190040        1.0810631403059061     
   2.3041679009890994        1.0792488243507228     
   2.3106312050591953        1.0766845128266436     
   2.3170945091292907        1.0749180010172150     
   2.3235578131993866        1.0730540397441999     
   2.3300211172694820        1.0709645788733300     
   2.3364844213395779        1.0688464379317228     
   2.3429477254096733        1.0662453687050151     
   2.3494110294797692        1.0645752987760408     
   2.3558743335498646        1.0621728269680359     
   2.3623376376199605        1.0598063662219692     
   2.3688009416900560        1.0573140475568761     
   2.3752642457601518        1.0553657996772550     
   2.3817275498302473        1.0534606979016023     
   2.3881908539003431        1.0513278498720389     
   2.3946541579704386        1.0494033006432275     
   2.4011174620405344        1.0469606555109428     
   2.4075807661106299        1.0451079744311955     
   2.4140440701807258        1.0428714578324303     
   2.4205073742508212        1.0412889442642577     
   2.4269706783209171        1.0391636783727709     
   2.4334339823910125        1.0373880248632597     
   2.4398972864611084        1.0359753964371003     
   2.4463605905312038        1.0334003401975491     
   2.4528238946012997        1.0317640071065115     
   2.4592871986713951        1.0296721294093221     
   2.4657505027414910        1.0283570533835571     
   2.4722138068115864        1.0260975377766519     
   2.4786771108816823        1.0244574210390440     
   2.4851404149517777        1.0235464563535450     
   2.4916037190218732        1.0212480405475686     
   2.4980670230919690        1.0201144996133802     
   2.5045303271620645        1.0183539160339441     
   2.5109936312321604        1.0168351095693708     
   2.5174569353022558        1.0159692570350736     
   2.5239202393723517        1.0145557634238564     
   2.5303835434424471        1.0140232918267313     
   2.5368468475125430        1.0125764883414974     
   2.5433101515826384        1.0115894881577667     
   2.5497734556527343        1.0106885092204929     
   2.5562367597228297        1.0097606079422412     
   2.5627000637929256        1.0089812623591630     
   2.5691633678630210        1.0085368529048966     
   2.5756266719331169        1.0071422305371200     
   2.5820899760032123        1.0064560269942480     
   2.5885532800733082        1.0056841069457125     
   2.5950165841434036        1.0050004922700835     
   2.6014798882134995        1.0045770742127857     
   2.6079431922835949        1.0039007098195831     
   2.6144064963536908        1.0026594104320765     
   2.6208698004237863        1.0022504821925053     
   2.6273331044938821        1.0021169478226608     
   2.6337964085639776        1.0017750074524616     
   2.6402597126340734        1.0017262217845007     
   2.6467230167041689        1.0011695917551391     
   2.6531863207742648        1.0011080469295293     
   2.6596496248443602        1.0005922210682285     
   2.6661129289144561        1.0000897954513461     
   2.6725762329845515       0.99944659468515862     
   2.6790395370546474       0.99937177136503252     
   2.6855028411247428       0.99912738689874780     
   2.6919661451948387       0.99913453325854529     
   2.6984294492649341       0.99878075383682396     
   2.7048927533350300       0.99884934605156073     
   2.7113560574051254       0.99901378663125562     
   2.7178193614752213       0.99881427768778563     
   2.7242826655453167       0.99866399557688212     
   2.7307459696154126       0.99877542783568152     
   2.7372092736855080       0.99913240359868360     
   2.7436725777556039       0.99855797886197017     
   2.7501358818256993       0.99887594231642707     
   2.7565991858957952       0.99919097838502491     
   2.7630624899658907       0.99960015070872787     
   2.7695257940359865       0.99993324409996853     
   2.7759890981060820        1.0004509126753631     
   2.7824524021761778        1.0001263694655307     
   2.7889157062462733        1.0005874351669106     
   2.7953790103163692        1.0002424930906020     
   2.8018423143864646        1.0011096554844532     
   2.8083056184565605        1.0009264005732552     
   2.8147689225266559        1.0017281611337610     
   2.8212322265967518        1.0020320135627889     
   2.8276955306668472        1.0024087594322302     
   2.8341588347369431        1.0028898962837025     
   2.8406221388070385        1.0032913480401875     
   2.8470854428771344        1.0038503818995228     
   2.8535487469472298        1.0036764979356587     
   2.8600120510173257        1.0043235014363028     
   2.8664753550874211        1.0046263506937132     
   2.8729386591575170        1.0055341241239504     
   2.8794019632276124        1.0061476657308071     
   2.8858652672977083        1.0063870005148539     
   2.8923285713678037        1.0070645064625610     
   2.8987918754378992        1.0073663731860023     
   2.9052551795079951        1.0082829740561099     
   2.9117184835780905        1.0085953238794338     
   2.9181817876481864        1.0088273758872215     
   2.9246450917182818        1.0094602151816605     
   2.9311083957883777        1.0100971801475251     
   2.9375716998584731        1.0104102276625533     
   2.9440350039285690        1.0112601559937335     
   2.9504983079986644        1.0116349769741548     
   2.9569616120687603        1.0120673497329613     
   2.9634249161388557        1.0132773707556266     
   2.9698882202089516        1.0131652358794516     
   2.9763515242790470        1.0135798822724955     
   2.9828148283491429        1.0137203729593840     
   2.9892781324192383        1.0147398698104666     
   2.9957414364893342        1.0148864368988850     
   3.0022047405594297        1.0153939146612645     
   3.0086680446295255        1.0159875527982667     
   3.0151313486996210        1.0167545047072861     
   3.0215946527697168        1.0171140908609604     
   3.0280579568398123        1.0172728419890271     
   3.0345212609099081        1.0174223692699553     
   3.0409845649800036        1.0179953736017482     
   3.0474478690500995        1.0182251195887959     
   3.0539111731201949        1.0187086740969533     
   3.0603744771902908        1.0186397910188032     
   3.0668377812603862        1.0192438084285205     
   3.0733010853304821        1.0196461004417039     
   3.0797643894005775        1.0196175126378759     
   3.0862276934706734        1.0198126865495396     
   3.0926909975407688        1.0206097366816584     
   3.0991543016108647        1.0200859199113612     
   3.1056176056809601        1.0203878224923308     
   3.1120809097510560        1.0208179193898095     
   3.1185442138211514        1.0207325549157178     
   3.1250075178912473        1.0212042046631702     
   3.1314708219613427        1.0208465696493059     
   3.1379341260314386        1.0213001727427136     
   3.1443974301015341        1.0217710042168160     
   3.1508607341716299        1.0217293307407453     
   3.1573240382417254        1.0217110273114753     
   3.1637873423118212        1.0219411150508162     
   3.1702506463819167        1.0219907780984259     
   3.1767139504520125        1.0216679636822181     
   3.1831772545221080        1.0220040588768686     
   3.1896405585922039        1.0217942752660065     
   3.1961038626622993        1.0214511531898947     
   3.2025671667323952        1.0215122294739831     
   3.2090304708024906        1.0215331129066278     
   3.2154937748725865        1.0215239451497868     
   3.2219570789426819        1.0213698853940074     
   3.2284203830127778        1.0210367069731314     
   3.2348836870828732        1.0211171277157303     
   3.2413469911529691        1.0210361242201096     
   3.2478102952230645        1.0212016800578751     
   3.2542735992931604        1.0206912288540646     
   3.2607369033632558        1.0206465997673433     
   3.2672002074333517        1.0204275712908388     
   3.2736635115034471        1.0202068734014504     
   3.2801268155735430        1.0199542318316568     
   3.2865901196436385        1.0194380646386731     
   3.2930534237137343        1.0194368654138122     
   3.2995167277838298        1.0189515652309933     
   3.3059800318539256        1.0186909920272047     
   3.3124433359240211        1.0182803962394109     
   3.3189066399941165        1.0182899305502471     
   3.3253699440642124        1.0179509328840040     
   3.3318332481343078        1.0177178409738055     
   3.3382965522044037        1.0172698336682475     
   3.3447598562744991        1.0168963045265786     
   3.3512231603445950        1.0166885017439078     
   3.3576864644146904        1.0161812092139475     
   3.3641497684847863        1.0159731313113323     
   3.3706130725548817        1.0155172840519744     
   3.3770763766249776        1.0155269337367094     
   3.3835396806950730        1.0151714750685210     
   3.3900029847651689        1.0150073644972437     
   3.3964662888352644        1.0148957390272075     
   3.4029295929053602        1.0142318207469134     
   3.4093928969754557        1.0138793496330385     
   3.4158562010455515        1.0137740079349875     
   3.4223195051156470        1.0129452237764027     
   3.4287828091857429        1.0127121630342495     
   3.4352461132558383        1.0126236838065208     
   3.4417094173259342        1.0119844203178816     
   3.4481727213960296        1.0117136001755715     
   3.4546360254661255        1.0111663603339234     
   3.4610993295362209        1.0108137281621392     
   3.4675626336063168        1.0104526920774535     
   3.4740259376764122        1.0101813501866586     
   3.4804892417465081        1.0100872764588791     
   3.4869525458166035        1.0094564219035138     
   3.4934158498866994        1.0092114623743536     
   3.4998791539567948        1.0091883986405792     
   3.5063424580268907        1.0084710384883766     
   3.5128057620969861        1.0086061435441358     
   3.5192690661670820        1.0084781901257263     
   3.5257323702371774        1.0080519341397156     
   3.5321956743072733        1.0076275592699155     
   3.5386589783773688        1.0075630859881515     
   3.5451222824474646        1.0074585558044351     
   3.5515855865175601        1.0070368767027895     
   3.5580488905876559        1.0069290971852523     
   3.5645121946577514        1.0065905123675887     
   3.5709754987278473        1.0062930066815661     
   3.5774388027979427        1.0062476112610024     
   3.5839021068680386        1.0063468358606775     
   3.5903654109381340        1.0061214382033885     
   3.5968287150082299        1.0060952278612243     
   3.6032920190783253        1.0057577817094836     
   3.6097553231484212        1.0054948026253021     
   3.6162186272185166        1.0053972230403556     
   3.6226819312886125        1.0050286888702249     
   3.6291452353587079        1.0055278489836637     
   3.6356085394288038        1.0053184605765915     
   3.6420718434988992        1.0050037143463275     
   3.6485351475689951        1.0047596134998618     
   3.6549984516390905        1.0045009403387941     
   3.6614617557091864        1.0046939916576956     
   3.6679250597792818        1.0044084005382310     
   3.6743883638493777        1.0043908338782075     
   3.6808516679194732        1.0043420037519075     
   3.6873149719895690        1.0041175652608583     
   3.6937782760596645        1.0042087740579233     
   3.7002415801297603        1.0039264116076447     
   3.7067048841998558        1.0041959790118604     
   3.7131681882699517        1.0038965462865646     
   3.7196314923400471        1.0040327885564808     
   3.7260947964101430        1.0041772020287705     
   3.7325581004802384        1.0038371423491943     
   3.7390214045503338        1.0042182593351148     
   3.7454847086204297        1.0039763664562327     
   3.7519480126905251        1.0043122908271236     
   3.7584113167606210        1.0039125752025126     
   3.7648746208307164        1.0042169154864860     
   3.7713379249008123        1.0039456585610311     
   3.7778012289709078        1.0036344402951876     
   3.7842645330410036        1.0038212428495144     
   3.7907278371110991        1.0037506420277107     
   3.7971911411811949        1.0038406378755886     
   3.8036544452512904        1.0039683049176489     
   3.8101177493213862        1.0037613572239810     
   3.8165810533914817        1.0039857044177667     
   3.8230443574615776        1.0038201320034577     
   3.8295076615316730        1.0036070546541518     
   3.8359709656017689        1.0038965735230840     
   3.8424342696718643        1.0038709419964142     
   3.8488975737419602        1.0040433627563057     
   3.8553608778120556        1.0042410439114269     
   3.8618241818821515        1.0042825930353716     
   3.8682874859522469        1.0043405200929156     
   3.8747507900223428        1.0042069600894128     
   3.8812140940924382        1.0040017122831630     
   3.8876773981625341        1.0043839620615946     
   3.8941407022326295        1.0040333925315013     
   3.9006040063027254        1.0041532114023684     
   3.9070673103728208        1.0043907868123911     
   3.9135306144429167        1.0044452843624079     
   3.9199939185130122        1.0039437682253081     
   3.9264572225831080        1.0045576968596364     
   3.9329205266532035        1.0046936181462200     
   3.9393838307232993        1.0043745643678486     
   3.9458471347933948        1.0043838219349577     
   3.9523104388634906        1.0046499979576411     
   3.9587737429335861        1.0046493628226294     
   3.9652370470036820        1.0051198101058392     
   3.9717003510737774        1.0049867207790160     
   3.9781636551438733        1.0047484031471499     
   3.9846269592139687        1.0048555917329036     
   3.9910902632840646        1.0045203630212725     
   3.9975535673541600        1.0050359745966517     
   4.0040168714242554        1.0046553665866349     
   4.0104801754943518        1.0050214300720122     
   4.0169434795644472        1.0048428958265612     
   4.0234067836345426        1.0048235203578126     
   4.0298700877046381        1.0050591140293264     
   4.0363333917747344        1.0052781078796347     
   4.0427966958448298        1.0050836221603290     
   4.0492599999149252        1.0051830928584700     
   4.0557233039850207        1.0053168741811083     
   4.0621866080551170        1.0050090105473977     
   4.0686499121252124        1.0052779778763015     
   4.0751132161953079        1.0050812510266705     
   4.0815765202654033        1.0052619686210595     
   4.0880398243354996        1.0050670260758454     
   4.0945031284055950        1.0054088498007889     
   4.1009664324756905        1.0054576695927364     
   4.1074297365457859        1.0053299616990816     
   4.1138930406158822        1.0053939802460059     
   4.1203563446859777        1.0052812836468981     
   4.1268196487560731        1.0048818635167334     
   4.1332829528261685        1.0052011881672780     
   4.1397462568962649        1.0053300162567120     
   4.1462095609663603        1.0052098939760798     
   4.1526728650364557        1.0053445968427617     
   4.1591361691065512        1.0051293811329192     
   4.1655994731766466        1.0052535929345736     
   4.1720627772467429        1.0051825259229206     
   4.1785260813168383        1.0052382948204037     
   4.1849893853869338        1.0053295925045516     
   4.1914526894570292        1.0050806476710747     
   4.1979159935271255        1.0053127968639803     
   4.2043792975972210        1.0049776412459401     
   4.2108426016673164        1.0049720493290595     
   4.2173059057374118        1.0048332867183376     
   4.2237692098075081        1.0049125816910616     
   4.2302325138776036        1.0048758429600297     
   4.2366958179476990        1.0050140819136384     
   4.2431591220177944        1.0051013916569709     
   4.2496224260878908        1.0049516972582901     
   4.2560857301579862        1.0050117931246392     
   4.2625490342280816        1.0046237507060982     
   4.2690123382981771        1.0049779636716911     
   4.2754756423682734        1.0047171859684541     
   4.2819389464383688        1.0048262942292459     
   4.2884022505084642        1.0045022265562635     
   4.2948655545785597        1.0046334902311904     
   4.3013288586486560        1.0046816624267978     
   4.3077921627187514        1.0046056082644246     
   4.3142554667888469        1.0045867623554448     
   4.3207187708589423        1.0042872330676131     
   4.3271820749290386        1.0042378936907259     
   4.3336453789991340        1.0040006194813607     
   4.3401086830692295        1.0040669543949603     
   4.3465719871393249        1.0040964935282530     
   4.3530352912094212        1.0036565489598384     
   4.3594985952795167        1.0037235106297975     
   4.3659618993496121        1.0038606158730234     
   4.3724252034197075        1.0037688198375383     
   4.3788885074898038        1.0037683913639226     
   4.3853518115598993        1.0036376756887844     
   4.3918151156299947        1.0035222979770786     
   4.3982784197000901        1.0036981323909291     
   4.4047417237701865        1.0033954092459090     
   4.4112050278402819        1.0032722528993847     
   4.4176683319103773        1.0033874025208724     
   4.4241316359804728        1.0032966209421197     
   4.4305949400505691        1.0031165021091784     
   4.4370582441206645        1.0028884083871423     
   4.4435215481907600        1.0028167373409589     
   4.4499848522608554        1.0026411256671377     
   4.4564481563309517        1.0026462514076357     
   4.4629114604010471        1.0024181620736619     
   4.4693747644711426        1.0027298429196667     
   4.4758380685412380        1.0023025740147968     
   4.4823013726113343        1.0024397468615620     
   4.4887646766814298        1.0026054477502948     
   4.4952279807515252        1.0025895449091315     
   4.5016912848216206        1.0025412813951855     
   4.5081545888917169        1.0023681859693201     
   4.5146178929618124        1.0022496844352262     
   4.5210811970319078        1.0023714958839638     
   4.5275445011020032        1.0019311485395692     
   4.5340078051720996        1.0022875112139922     
   4.5404711092421950        1.0018829403480214     
   4.5469344133122904        1.0021454591559629     
   4.5533977173823859        1.0018937882464651     
   4.5598610214524813        1.0015906107608705     
   4.5663243255225776        1.0015826298122010     
   4.5727876295926730        1.0015946912415381     
   4.5792509336627685        1.0014421131664308     
   4.5857142377328639        1.0015418475139113     
   4.5921775418029602        1.0015068887149423     
   4.5986408458730557        1.0014947330260886     
   4.6051041499431511        1.0013044776755251     
   4.6115674540132465        1.0012641069635573     
   4.6180307580833428        1.0011610523157402     
   4.6244940621534383        1.0013771584926945     
   4.6309573662235337        1.0015384148596207     
   4.6374206702936291        1.0013872832335207     
   4.6438839743637255        1.0010006605353667     
   4.6503472784338209        1.0010511899208761     
   4.6568105825039163        1.0008229334585712     
   4.6632738865740118        1.0008991639076101     
   4.6697371906441081        1.0007451458250229     
   4.6762004947142035        1.0005363020347475     
   4.6826637987842989        1.0008645170199197     
   4.6891271028543944        1.0006168199369223     
   4.6955904069244907        1.0008119833500038     
   4.7020537109945861        1.0006058481254070     
   4.7085170150646816        1.0005918311705020     
   4.7149803191347770        1.0004637016619420     
   4.7214436232048733        1.0006026000898922     
   4.7279069272749688        1.0004129954584271     
   4.7343702313450642        1.0005208545441124     
   4.7408335354151596        1.0007982541743317     
   4.7472968394852559        1.0008284075746732     
   4.7537601435553514        1.0006345396431058     
   4.7602234476254468        1.0010653905793188     
   4.7666867516955422        1.0007385817607959     
   4.7731500557656386        1.0005647775478479     
   4.7796133598357340        1.0008716701814500     
   4.7860766639058294        1.0005595570538923     
   4.7925399679759249        1.0005283863908525     
   4.7990032720460212        1.0005127096433408     
   4.8054665761161166        1.0004913040540084     
   4.8119298801862120        1.0005696853228061     
   4.8183931842563075        1.0003671686685891     
   4.8248564883264038        1.0006347159027944     
   4.8313197923964992        1.0002545451710390     
   4.8377830964665947        1.0005058984443673     
   4.8442464005366901        1.0003634100307974     
   4.8507097046067864        1.0005903885699989     
   4.8571730086768818        1.0006049849684440     
   4.8636363127469773        1.0005685948327363     
   4.8700996168170727        1.0007304869842686     
   4.8765629208871690        1.0006977549188576     
   4.8830262249572645        1.0006538064013519     
   4.8894895290273599        1.0003653091082978     
   4.8959528330974553        1.0004598105689326     
   4.9024161371675516        1.0004275918226815     
   4.9088794412376471        1.0005942744984455     
   4.9153427453077425        1.0005024424483135     
   4.9218060493778379        1.0006234313553874     
   4.9282693534479343        1.0007940182262263     
   4.9347326575180297        1.0003407121942944     
   4.9411959615881251        1.0005633162888958     
   4.9476592656582206        1.0004642236468744     
   4.9541225697283169        1.0002495445723851     
   4.9605858737984123        1.0003686962707368     
   4.9670491778685077        1.0003156232958592     
   4.9735124819386032        1.0003321338478743     
   4.9799757860086986        1.0001644252131940     
   4.9864390900787949        1.0002387396340682     
   4.9929023941488904        1.0000164321805565     
   4.9993656982189858        1.0000935055019611     
   5.0058290022890812        1.0000668562439798     
   5.0122923063591776        1.0003868571891126     
   5.0187556104292730        1.0003009586621716     
   5.0252189144993684        1.0001276886957360     
   5.0316822185694638        1.0001592366560306     
   5.0381455226395602        1.0003348156298695     
   5.0446088267096556        1.0003549840960990     
   5.0510721307797510        1.0003362232457151     
   5.0575354348498465       0.99994435687833183     
   5.0639987389199428        1.0002534664114306     
   5.0704620429900382        1.0001094877443641     
   5.0769253470601337        1.0002169900713134     
   5.0833886511302291        1.0001814865358536     
   5.0898519552003254       0.99995133553222115     
   5.0963152592704208        1.0001226657816518     
   5.1027785633405163        1.0001533391168571     
   5.1092418674106117        1.0003639206148651     
   5.1157051714807080       0.99990537060975071     
   5.1221684755508035       0.99989386673611902     
   5.1286317796208989       0.99977674420433715     
   5.1350950836909943       0.99983540956941297     
   5.1415583877610906       0.99994410252830368     
   5.1480216918311861       0.99979028512195434     
   5.1544849959012815       0.99977431190193311     
   5.1609482999713769       0.99976259391707423     
   5.1674116040414733       0.99966464378588848     
   5.1738749081115687       0.99973058511163360     
   5.1803382121816641       0.99996504060551550     
   5.1868015162517596       0.99968659502901147     
   5.1932648203218559       0.99988089733594954     
   5.1997281243919513       0.99962038184079660     
   5.2061914284620467       0.99978953595760989     
   5.2126547325321422       0.99974395430784790     
   5.2191180366022385       0.99990943439888158     
   5.2255813406723339       0.99988894605237255     
   5.2320446447424294       0.99976425621426401     
   5.2385079488125248       0.99968098967287045     
   5.2449712528826211       0.99985746031131395     
   5.2514345569527165       0.99974419559288386     
   5.2578978610228120       0.99951059758603034     
   5.2643611650929074       0.99978350390753046     
   5.2708244691630037       0.99970014304495791     
   5.2772877732330992       0.99956756115871015     
   5.2837510773031946       0.99980779022513422     
   5.2902143813732900       0.99996045010980439     
   5.2966776854433864       0.99987763745204383     
   5.3031409895134818       0.99980202296666643     
   5.3096042935835772        1.0000841392539523     
   5.3160675976536726       0.99961532537925257     
   5.3225309017237690       0.99997107952053188     
   5.3289942057938644       0.99983422921925758     
   5.3354575098639598       0.99941456675149731     
   5.3419208139340553       0.99969705418031318     
   5.3483841180041516       0.99949100036717120     
   5.3548474220742470       0.99938669101864253     
   5.3613107261443425       0.99940270021003952     
   5.3677740302144379       0.99925722473679968     
   5.3742373342845342       0.99934613940395078     
   5.3807006383546296       0.99942516496372924     
   5.3871639424247251       0.99930632577550427     
   5.3936272464948205       0.99961749775881792     
   5.4000905505649159       0.99968397827298416     
   5.4065538546350123       0.99964247053691280     
   5.4130171587051077       0.99957663088725468     
   5.4194804627752031       0.99960340706565154     
   5.4259437668452986       0.99942277072719832     
   5.4324070709153949       0.99936490245629639     
   5.4388703749854903       0.99923022591706279     
   5.4453336790555857       0.99924575105808600     
   5.4517969831256812       0.99906389594850986     
   5.4582602871957775       0.99921785735048663     
   5.4647235912658729       0.99945726216637565     
   5.4711868953359684       0.99900278545583598     
   5.4776501994060638       0.99927020343190076     
   5.4841135034761601       0.99932161669014219     
   5.4905768075462555       0.99933922198937086     
   5.4970401116163510       0.99919940425539200     
   5.5035034156864464       0.99916700022670335     
   5.5099667197565427       0.99919264197035429     
   5.5164300238266382       0.99897473862305097     
   5.5228933278967336       0.99910622794897785     
   5.5293566319668290       0.99878070063253366     
   5.5358199360369253       0.99887058420461949     
   5.5422832401070208       0.99896779403712432     
   5.5487465441771162       0.99886068848138765     
   5.5552098482472116       0.99889653873111006     
   5.5616731523173080       0.99867483548879710     
   5.5681364563874034       0.99867834909959696     
   5.5745997604574988       0.99868055022264057     
   5.5810630645275943       0.99865661144366435     
   5.5875263685976906       0.99849696183737147     
   5.5939896726677860       0.99868637886607470     
   5.6004529767378814       0.99871350450854623     
   5.6069162808079769       0.99869560107681810     
   5.6133795848780732       0.99886123100830571     
   5.6198428889481686       0.99847989399503811     
   5.6263061930182641       0.99860088990895413     
   5.6327694970883595       0.99866934050274869     
   5.6392328011584558       0.99834842970361271     
   5.6456961052285513       0.99846580079500069     
   5.6521594092986467       0.99856842459411421     
   5.6586227133687421       0.99859251946260208     
   5.6650860174388384       0.99849078925789303     
   5.6715493215089339       0.99835900868798777     
   5.6780126255790293       0.99853865437756140     
   5.6844759296491247       0.99856099060310199     
   5.6909392337192211       0.99853819522068243     
   5.6974025377893165       0.99863083219739046     
   5.7038658418594119       0.99874681817481459     
   5.7103291459295074       0.99857147944415292     
   5.7167924499996037       0.99865408603084671     
   5.7232557540696991       0.99844625496229988     
   5.7297190581397945       0.99844610773644282     
   5.7361823622098900       0.99873571949607609     
   5.7426456662799863       0.99866696056985238     
   5.7491089703500817       0.99835629533171988     
   5.7555722744201772       0.99848162840320887     
   5.7620355784902726       0.99830632550181275     
   5.7684988825603689       0.99834145458673251     
   5.7749621866304643       0.99837692004743983     
   5.7814254907005598       0.99838143273365665     
   5.7878887947706552       0.99843892710263638     
   5.7943520988407506       0.99821961298112949     
   5.8008154029108470       0.99821324642461862     
   5.8072787069809424       0.99815526762911755     
   5.8137420110510378       0.99825929624228382     
   5.8202053151211333       0.99805322743541114     
   5.8266686191912296       0.99818929856132366     
   5.8331319232613250       0.99807803417154806     
   5.8395952273314204       0.99810375675122742     
   5.8460585314015159       0.99809473032954166     
   5.8525218354716122       0.99807416648116742     
   5.8589851395417076       0.99800841531464424     
   5.8654484436118031       0.99808349393584306     
   5.8719117476818985       0.99805698302856338     
   5.8783750517519948       0.99828990214851021     
   5.8848383558220903       0.99800827128686986     
   5.8913016598921857       0.99816158360300844     
   5.8977649639622811       0.99813186056991576     
   5.9042282680323774       0.99828064510601000     
   5.9106915721024729       0.99817444146487166     
   5.9171548761725683       0.99828204585486247     
   5.9236181802426637       0.99806730008514244     
   5.9300814843127601       0.99796999806369047     
   5.9365447883828555       0.99800576957775999     
   5.9430080924529509       0.99788761970756001     
   5.9494713965230464       0.99806488284935557     
   5.9559347005931427       0.99801537211107894     
   5.9623980046632381       0.99809570197105391     
   5.9688613087333335       0.99803556091383006     
   5.9753246128034290       0.99800234376294350     
   5.9817879168735253       0.99804614449334483     
   5.9882512209436207       0.99829893062141140     
   5.9947145250137162       0.99816906508668579     
   6.0011778290838116       0.99813634971993770     
   6.0076411331539079       0.99796221332932822     
   6.0141044372240033       0.99818052726667594     
   6.0205677412940988       0.99833769627056601     
   6.0270310453641942       0.99824402032272908     
   6.0334943494342905       0.99812074620162949     
   6.0399576535043860       0.99803874100524270     
   6.0464209575744814       0.99798387788099241     
   6.0528842616445768       0.99816455789551617     
   6.0593475657146731       0.99809875526502490     
   6.0658108697847686       0.99808942875974849     
   6.0722741738548640       0.99815740224945493     
   6.0787374779249594       0.99806196218262455     
   6.0852007819950558       0.99792229463182502     
   6.0916640860651512       0.99796766689595573     
   6.0981273901352466       0.99797699739613588     
   6.1045906942053421       0.99793788110961834     
   6.1110539982754384       0.99783470433017252     
   6.1175173023455338       0.99822264183884968     
   6.1239806064156292       0.99786939057285362     
   6.1304439104857247       0.99791670731522819     
   6.1369072145558210       0.99787748611785776     
   6.1433705186259164       0.99777398972196063     
   6.1498338226960119       0.99770404127475476     
   6.1562971267661073       0.99773999676306901     
   6.1627604308362036       0.99782251530643096     
   6.1692237349062991       0.99771248380520705     
   6.1756870389763945       0.99798110102436743     
   6.1821503430464899       0.99774474157190640     
   6.1886136471165862       0.99796786576653151     
   6.1950769511866817       0.99795676218951934     
   6.2015402552567771       0.99793465242982471     
   6.2080035593268725       0.99794848016607207     
   6.2144668633969680       0.99803845409791225     
   6.2209301674670643       0.99784799316652750     
   6.2273934715371597       0.99789647484662736     
   6.2338567756072552       0.99793941629101846     
   6.2403200796773506       0.99805318322032688     
   6.2467833837474469       0.99788062449655679     
   6.2532466878175423       0.99778731455490799     
   6.2597099918876378       0.99791264960041737     
   6.2661732959577332       0.99769208301514734     
   6.2726366000278295       0.99783141660519126     
   6.2790999040979250       0.99778928103655318     
   6.2855632081680204       0.99785268313592124     
   6.2920265122381158       0.99788792596970377     
   6.2984898163082121       0.99782349085503907     
   6.3049531203783076       0.99777156017831892     
   6.3114164244484030       0.99755501257185364     
   6.3178797285184984       0.99766797636717364     
   6.3243430325885948       0.99763677014242869     
   6.3308063366586902       0.99775141690847646     
   6.3372696407287856       0.99770481786482712     
   6.3437329447988811       0.99780647440863723     
   6.3501962488689774       0.99784714149125497     
   6.3566595529390728       0.99741975079410572     
   6.3631228570091682       0.99763093213267251     
   6.3695861610792637       0.99778369589283078     
   6.3760494651493600       0.99743223137896364     
   6.3825127692194554       0.99776013114762607     
   6.3889760732895509       0.99764434786015366     
   6.3954393773596463       0.99778536360983805     
   6.4019026814297426       0.99765589449621495     
   6.4083659854998380       0.99762696632033443     
   6.4148292895699335       0.99760523864764561     
   6.4212925936400289       0.99764829498135998     
   6.4277558977101252       0.99765940401365893     
   6.4342192017802207       0.99771400442055591     
   6.4406825058503161       0.99756877558006762     
   6.4471458099204115       0.99756681347909970     
   6.4536091139905079       0.99764534326991650     
   6.4600724180606033       0.99758391135829949     
