   2.8231080866430850E-003   0.0000000000000000     
   8.4693242599292555E-003   0.0000000000000000     
   1.4115540433215425E-002   0.0000000000000000     
   1.9761756606501597E-002   0.0000000000000000     
   2.5407972779787766E-002   0.0000000000000000     
   3.1054188953073936E-002   0.0000000000000000     
   3.6700405126360108E-002   0.0000000000000000     
   4.2346621299646274E-002   0.0000000000000000     
   4.7992837472932447E-002   0.0000000000000000     
   5.3639053646218619E-002   0.0000000000000000     
   5.9285269819504785E-002   0.0000000000000000     
   6.4931485992790958E-002   0.0000000000000000     
   7.0577702166077130E-002   0.0000000000000000     
   7.6223918339363303E-002   0.0000000000000000     
   8.1870134512649462E-002   0.0000000000000000     
   8.7516350685935634E-002   0.0000000000000000     
   9.3162566859221807E-002   0.0000000000000000     
   9.8808783032507980E-002   0.0000000000000000     
  0.10445499920579415        0.0000000000000000     
  0.11010121537908031        0.0000000000000000     
  0.11574743155236648        0.0000000000000000     
  0.12139364772565266        0.0000000000000000     
  0.12703986389893882        0.0000000000000000     
  0.13268608007222499        0.0000000000000000     
  0.13833229624551116        0.0000000000000000     
  0.14397851241879733        0.0000000000000000     
  0.14962472859208351        0.0000000000000000     
  0.15527094476536965        0.0000000000000000     
  0.16091716093865582        0.0000000000000000     
  0.16656337711194200        0.0000000000000000     
  0.17220959328522817        0.0000000000000000     
  0.17785580945851434        0.0000000000000000     
  0.18350202563180051        0.0000000000000000     
  0.18914824180508669        0.0000000000000000     
  0.19479445797837286        0.0000000000000000     
  0.20044067415165903        0.0000000000000000     
  0.20608689032494520        0.0000000000000000     
  0.21173310649823138        0.0000000000000000     
  0.21737932267151752        0.0000000000000000     
  0.22302553884480369        0.0000000000000000     
  0.22867175501808987        0.0000000000000000     
  0.23431797119137604        0.0000000000000000     
  0.23996418736466221        0.0000000000000000     
  0.24561040353794839        0.0000000000000000     
  0.25125661971123459        0.0000000000000000     
  0.25690283588452073        0.0000000000000000     
  0.26254905205780693        0.0000000000000000     
  0.26819526823109308        0.0000000000000000     
  0.27384148440437928        0.0000000000000000     
  0.27948770057766542        0.0000000000000000     
  0.28513391675095162        0.0000000000000000     
  0.29078013292423777        0.0000000000000000     
  0.29642634909752397        0.0000000000000000     
  0.30207256527081011        0.0000000000000000     
  0.30771878144409626        0.0000000000000000     
  0.31336499761738246        0.0000000000000000     
  0.31901121379066860        0.0000000000000000     
  0.32465742996395480        0.0000000000000000     
  0.33030364613724095        0.0000000000000000     
  0.33594986231052715        0.0000000000000000     
  0.34159607848381329        0.0000000000000000     
  0.34724229465709949        0.0000000000000000     
  0.35288851083038564        0.0000000000000000     
  0.35853472700367184        0.0000000000000000     
  0.36418094317695798        0.0000000000000000     
  0.36982715935024413        0.0000000000000000     
  0.37547337552353033        0.0000000000000000     
  0.38111959169681647        0.0000000000000000     
  0.38676580787010267        0.0000000000000000     
  0.39241202404338882        0.0000000000000000     
  0.39805824021667502        0.0000000000000000     
  0.40370445638996116        0.0000000000000000     
  0.40935067256324736        0.0000000000000000     
  0.41499688873653351        0.0000000000000000     
  0.42064310490981971        0.0000000000000000     
  0.42628932108310585        0.0000000000000000     
  0.43193553725639200        0.0000000000000000     
  0.43758175342967820        0.0000000000000000     
  0.44322796960296434        0.0000000000000000     
  0.44887418577625054        0.0000000000000000     
  0.45452040194953669        0.0000000000000000     
  0.46016661812282289        0.0000000000000000     
  0.46581283429610904        0.0000000000000000     
  0.47145905046939524        0.0000000000000000     
  0.47710526664268138        0.0000000000000000     
  0.48275148281596758        0.0000000000000000     
  0.48839769898925373        0.0000000000000000     
  0.49404391516253987        0.0000000000000000     
  0.49969013133582607        0.0000000000000000     
  0.50533634750911227        0.0000000000000000     
  0.51098256368239836        0.0000000000000000     
  0.51662877985568456        0.0000000000000000     
  0.52227499602897076        0.0000000000000000     
  0.52792121220225696        0.0000000000000000     
  0.53356742837554305        0.0000000000000000     
  0.53921364454882925        0.0000000000000000     
  0.54485986072211545        0.0000000000000000     
  0.55050607689540154        0.0000000000000000     
  0.55615229306868774        0.0000000000000000     
  0.56179850924197394        0.0000000000000000     
  0.56744472541526014        0.0000000000000000     
  0.57309094158854623        0.0000000000000000     
  0.57873715776183243        0.0000000000000000     
  0.58438337393511863        0.0000000000000000     
  0.59002959010840483        0.0000000000000000     
  0.59567580628169092        0.0000000000000000     
  0.60132202245497712        0.0000000000000000     
  0.60696823862826332        0.0000000000000000     
  0.61261445480154941        0.0000000000000000     
  0.61826067097483561        0.0000000000000000     
  0.62390688714812181        0.0000000000000000     
  0.62955310332140801        0.0000000000000000     
  0.63519931949469410        0.0000000000000000     
  0.64084553566798030        0.0000000000000000     
  0.64649175184126650        0.0000000000000000     
  0.65213796801455270        0.0000000000000000     
  0.65778418418783879        0.0000000000000000     
  0.66343040036112499        0.0000000000000000     
  0.66907661653441119        0.0000000000000000     
  0.67472283270769728        0.0000000000000000     
  0.68036904888098348        0.0000000000000000     
  0.68601526505426969        0.0000000000000000     
  0.69166148122755589        0.0000000000000000     
  0.69730769740084197        0.0000000000000000     
  0.70295391357412818        0.0000000000000000     
  0.70860012974741438        0.0000000000000000     
  0.71424634592070058        0.0000000000000000     
  0.71989256209398667        0.0000000000000000     
  0.72553877826727287        0.0000000000000000     
  0.73118499444055907        0.0000000000000000     
  0.73683121061384516        0.0000000000000000     
  0.74247742678713136        0.0000000000000000     
  0.74812364296041756        0.0000000000000000     
  0.75376985913370376        0.0000000000000000     
  0.75941607530698985        0.0000000000000000     
  0.76506229148027605        0.0000000000000000     
  0.77070850765356225        0.0000000000000000     
  0.77635472382684845        0.0000000000000000     
  0.78200094000013454        0.0000000000000000     
  0.78764715617342074        0.0000000000000000     
  0.79329337234670694        0.0000000000000000     
  0.79893958851999303        0.0000000000000000     
  0.80458580469327923        0.0000000000000000     
  0.81023202086656543        0.0000000000000000     
  0.81587823703985163        0.0000000000000000     
  0.82152445321313772        0.0000000000000000     
  0.82717066938642392        0.0000000000000000     
  0.83281688555971012        0.0000000000000000     
  0.83846310173299632        0.0000000000000000     
  0.84410931790628241        0.0000000000000000     
  0.84975553407956861        0.0000000000000000     
  0.85540175025285481        0.0000000000000000     
  0.86104796642614090        0.0000000000000000     
  0.86669418259942710        0.0000000000000000     
  0.87234039877271330        0.0000000000000000     
  0.87798661494599950        2.4716748660034344E-006
  0.88363283111928559        1.2898141806913304E-005
  0.88927904729257179        3.4762770667110874E-005
  0.89492526346585799        1.2336791817388045E-004
  0.90057147963914419        3.1681430412017019E-004
  0.90621769581243028        8.1235791754507192E-004
  0.91186391198571648        1.8524599945729482E-003
  0.91751012815900268        3.8725366187920287E-003
  0.92315634433228877        7.5765242658519180E-003
  0.92880256050557497        1.4133573563730970E-002
  0.93444877667886117        2.5072516975960895E-002
  0.94009499285214737        4.1718054813799692E-002
  0.94574120902543346        6.6472334948980374E-002
  0.95138742519871966       0.10105152941005653     
  0.95703364137200586       0.14841455775793738     
  0.96267985754529206       0.21020687022393647     
  0.96832607371857815       0.28613172659836689     
  0.97397228989186435       0.37938735161894838     
  0.97961850606515055       0.48796156491912235     
  0.98526472223843664       0.61116806937285473     
  0.99091093841172284       0.74915911242467281     
  0.99655715458500904       0.89855752932345268     
   1.0022033707582951        1.0563209163000413     
   1.0078495869315813        1.2202033663335041     
   1.0134958031048675        1.3866700538740568     
   1.0191420192781535        1.5534284668694458     
   1.0247882354514397        1.7138855652158140     
   1.0304344516247259        1.8717360169290387     
   1.0360806677980121        2.0192775174576658     
   1.0417268839712983        2.1552068235934163     
   1.0473731001445845        2.2805427239775842     
   1.0530193163178707        2.3911218512286139     
   1.0586655324911567        2.4878221722306417     
   1.0643117486644429        2.5702488689630756     
   1.0699579648377291        2.6403151467475516     
   1.0756041810110153        2.6939368422766541     
   1.0812503971843015        2.7369008893471283     
   1.0868966133575877        2.7667166755572534     
   1.0925428295308739        2.7829810647853335     
   1.0981890457041599        2.7897311235147315     
   1.1038352618774461        2.7883546231488765     
   1.1094814780507323        2.7758055338027718     
   1.1151276942240185        2.7588167618499670     
   1.1207739103973047        2.7326215245894097     
   1.1264201265705909        2.6997306609544620     
   1.1320663427438771        2.6634009975023121     
   1.1377125589171633        2.6227854814908746     
   1.1433587750904493        2.5790515386831125     
   1.1490049912637355        2.5312549933294060     
   1.1546512074370217        2.4830321474337693     
   1.1602974236103079        2.4306991400582274     
   1.1659436397835941        2.3782596153266522     
   1.1715898559568803        2.3258516425305800     
   1.1772360721301665        2.2723066856094372     
   1.1828822883034524        2.2189589914797248     
   1.1885285044767386        2.1674744318020367     
   1.1941747206500248        2.1146945596064359     
   1.1998209368233110        2.0619431273137834     
   1.2054671529965972        2.0104010880554455     
   1.2111133691698834        1.9615513418783099     
   1.2167595853431696        1.9129311349049323     
   1.2224058015164556        1.8651413000568580     
   1.2280520176897418        1.8187235642557669     
   1.2336982338630280        1.7749402114911825     
   1.2393444500363142        1.7309708164020465     
   1.2449906662096004        1.6877719943975240     
   1.2506368823828866        1.6469345314942372     
   1.2562830985561728        1.6080524448286513     
   1.2619293147294590        1.5690352244540138     
   1.2675755309027450        1.5325112654116644     
   1.2732217470760312        1.4970336008698191     
   1.2788679632493174        1.4638471718966446     
   1.2845141794226036        1.4299587573560892     
   1.2901603955958898        1.3981467666415952     
   1.2958066117691760        1.3678929032469320     
   1.3014528279424622        1.3385401518543332     
   1.3070990441157482        1.3096531051658156     
   1.3127452602890344        1.2825072888946660     
   1.3183914764623206        1.2561954150484249     
   1.3240376926356068        1.2315326076919668     
   1.3296839088088930        1.2070040458919991     
   1.3353301249821792        1.1842342256656506     
   1.3409763411554654        1.1617284582180261     
   1.3466225573287514        1.1413380419031500     
   1.3522687735020376        1.1210665533936717     
   1.3579149896753238        1.1017384516705377     
   1.3635612058486100        1.0828726117542795     
   1.3692074220218962        1.0647859750763231     
   1.3748536381951824        1.0478126457015546     
   1.3804998543684686        1.0312860433028530     
   1.3861460705417548        1.0159504596683748     
   1.3917922867150407        1.0015338189938494     
   1.3974385028883269       0.98658087842268150     
   1.4030847190616131       0.97308822098244419     
   1.4087309352348993       0.95987753972103362     
   1.4143771514081855       0.94718108612578866     
   1.4200233675814717       0.93512838717561120     
   1.4256695837547579       0.92369894291858090     
   1.4313157999280439       0.91232751533157630     
   1.4369620161013301       0.90252510793610397     
   1.4426082322746163       0.89203374602763097     
   1.4482544484479025       0.88310936070309387     
   1.4539006646211887       0.87396794921701670     
   1.4595468807944749       0.86511173272708020     
   1.4651930969677611       0.85705794745479380     
   1.4708393131410471       0.85032591712590211     
   1.4764855293143333       0.84235111483424319     
   1.4821317454876195       0.83548834036531472     
   1.4877779616609057       0.82909349439371283     
   1.4934241778341919       0.82287026409451369     
   1.4990703940074781       0.81743268585290363     
   1.5047166101807643       0.81168794164747737     
   1.5103628263540503       0.80759803864960988     
   1.5160090425273365       0.80212869264940057     
   1.5216552587006227       0.79774790839976895     
   1.5273014748739089       0.79367847219195520     
   1.5329476910471951       0.79039120191207968     
   1.5385939072204813       0.78682004402442451     
   1.5442401233937675       0.78351798425063124     
   1.5498863395670537       0.78012171429418953     
   1.5555325557403397       0.77865171695009650     
   1.5611787719136259       0.77604968449639489     
   1.5668249880869121       0.77444199940605607     
   1.5724712042601983       0.77215464213064955     
   1.5781174204334845       0.77085305873042798     
   1.5837636366067707       0.76945433979823652     
   1.5894098527800569       0.76824121934890366     
   1.5950560689533428       0.76830516827429474     
   1.6007022851266290       0.76764011745604654     
   1.6063485012999152       0.76744294663638069     
   1.6119947174732014       0.76818666953851855     
   1.6176409336464876       0.76852634502321482     
   1.6232871498197738       0.76884880973418657     
   1.6289333659930600       0.77021538344461848     
   1.6345795821663460       0.77013952791493712     
   1.6402257983396322       0.77201973168991689     
   1.6458720145129184       0.77344257882937595     
   1.6515182306862046       0.77588686613188429     
   1.6571644468594908       0.77849749784554068     
   1.6628106630327770       0.78027182422767272     
   1.6684568792060632       0.78313876035150254     
   1.6741030953793494       0.78615279859615628     
   1.6797493115526354       0.78889655118330870     
   1.6853955277259216       0.79198399788007345     
   1.6910417438992078       0.79517583363806454     
   1.6966879600724940       0.79944071692812646     
   1.7023341762457802       0.80309342729166122     
   1.7079803924190664       0.80727927514737241     
   1.7136266085923526       0.81162841502607541     
   1.7192728247656386       0.81684124806868263     
   1.7249190409389248       0.82111420242288247     
   1.7305652571122110       0.82697802339136595     
   1.7362114732854972       0.83186162391265817     
   1.7418576894587834       0.83773756949680100     
   1.7475039056320696       0.84289185821670387     
   1.7531501218053558       0.84933336657793890     
   1.7587963379786418       0.85583647015448916     
   1.7644425541519280       0.86142108784400540     
   1.7700887703252142       0.86778743258142699     
   1.7757349864985004       0.87449385236691535     
   1.7813812026717866       0.88157802314739964     
   1.7870274188450728       0.88868063678550380     
   1.7926736350183590       0.89616037750537025     
   1.7983198511916452       0.90280228742346280     
   1.8039660673649311       0.91065291479054655     
   1.8096122835382173       0.91882484354843130     
   1.8152584997115035       0.92679453926365862     
   1.8209047158847897       0.93337143703856296     
   1.8265509320580759       0.94182213565327422     
   1.8321971482313621       0.94969330776930772     
   1.8378433644046483       0.95750524285008065     
   1.8434895805779343       0.96569212252148617     
   1.8491357967512205       0.97401213888906302     
   1.8547820129245067       0.98249017974565334     
   1.8604282290977929       0.99060325792518966     
   1.8660744452710791       0.99926666044963575     
   1.8717206614443653        1.0071245695697808     
   1.8773668776176515        1.0156165708287104     
   1.8830130937909375        1.0238523501563310     
   1.8886593099642237        1.0326130729571072     
   1.8943055261375099        1.0411131063291323     
   1.8999517423107961        1.0491830510887035     
   1.9055979584840823        1.0569815057612388     
   1.9112441746573685        1.0653889140813102     
   1.9168903908306547        1.0732263206078605     
   1.9225366070039409        1.0803888811063254     
   1.9281828231772269        1.0886956009925597     
   1.9338290393505131        1.0970701536140681     
   1.9394752555237993        1.1047402213374431     
   1.9451214716970855        1.1123069018712657     
   1.9507676878703717        1.1202167754702319     
   1.9564139040436579        1.1276953675578210     
   1.9620601202169441        1.1349184213828676     
   1.9677063363902301        1.1425882415740927     
   1.9733525525635163        1.1499254968617936     
   1.9789987687368025        1.1571058398269476     
   1.9846449849100887        1.1641264750762526     
   1.9902912010833749        1.1703989099046110     
   1.9959374172566611        1.1776889001793838     
   2.0015836334299473        1.1841824222064810     
   2.0072298496032333        1.1906812918612280     
   2.0128760657765197        1.1970303313329707     
   2.0185222819498057        1.2030008716208500     
   2.0241684981230921        1.2090737977580319     
   2.0298147142963781        1.2154919551753061     
   2.0354609304696640        1.2206697097299597     
   2.0411071466429505        1.2250221387249378     
   2.0467533628162364        1.2305279146001271     
   2.0523995789895229        1.2349187062406652     
   2.0580457951628088        1.2390781503211290     
   2.0636920113360953        1.2435308506057718     
   2.0693382275093812        1.2468801690885551     
   2.0749844436826672        1.2505747736399269     
   2.0806306598559536        1.2537380784425034     
   2.0862768760292396        1.2556706352361939     
   2.0919230922025260        1.2587219737580673     
   2.0975693083758120        1.2607518458951679     
   2.1032155245490984        1.2624651581274025     
   2.1088617407223844        1.2635319365381505     
   2.1145079568956704        1.2657767021855946     
   2.1201541730689568        1.2654990520604386     
   2.1258003892422428        1.2655107795506009     
   2.1314466054155292        1.2650133353411130     
   2.1370928215888152        1.2649961020045859     
   2.1427390377621016        1.2629463870445401     
   2.1483852539353876        1.2618053474612820     
   2.1540314701086736        1.2607586284260097     
   2.1596776862819600        1.2587965080427264     
   2.1653239024552460        1.2562371234304266     
   2.1709701186285324        1.2536089897091960     
   2.1766163348018184        1.2506235474620127     
   2.1822625509751048        1.2470074098333968     
   2.1879087671483908        1.2439409827541412     
   2.1935549833216768        1.2403817491004134     
   2.1992011994949632        1.2353980155713045     
   2.2048474156682492        1.2319835819103315     
   2.2104936318415356        1.2272673891920569     
   2.2161398480148216        1.2225351542034564     
   2.2217860641881080        1.2176676504343649     
   2.2274322803613940        1.2118971451263163     
   2.2330784965346799        1.2073397405487427     
   2.2387247127079664        1.2021597755165476     
   2.2443709288812523        1.1963232015617393     
   2.2500171450545388        1.1911162514595259     
   2.2556633612278247        1.1854446397229250     
   2.2613095774011112        1.1797526322260952     
   2.2669557935743971        1.1741470440825743     
   2.2726020097476836        1.1680937757348260     
   2.2782482259209695        1.1626142522291212     
   2.2838944420942555        1.1568157678214153     
   2.2895406582675419        1.1502492069433874     
   2.2951868744408279        1.1448194286302826     
   2.3008330906141143        1.1385868319333425     
   2.3064793067874003        1.1324672666315783     
   2.3121255229606867        1.1260106876807585     
   2.3177717391339727        1.1202494647526029     
   2.3234179553072587        1.1142981813149309     
   2.3290641714805451        1.1084324652421060     
   2.3347103876538311        1.1028965655881156     
   2.3403566038271175        1.0972902033137784     
   2.3460028200004035        1.0912947593242392     
   2.3516490361736899        1.0854214470921226     
   2.3572952523469759        1.0798123860683051     
   2.3629414685202619        1.0751555447513139     
   2.3685876846935483        1.0696752383807580     
   2.3742339008668343        1.0645753548943444     
   2.3798801170401207        1.0594921143046747     
   2.3855263332134067        1.0546823956528444     
   2.3911725493866931        1.0500634272319576     
   2.3968187655599791        1.0451495842751157     
   2.4024649817332651        1.0408303776168775     
   2.4081111979065515        1.0362993525984274     
   2.4137574140798375        1.0316332478153185     
   2.4194036302531239        1.0275218832931767     
   2.4250498464264099        1.0232670696021562     
   2.4306960625996963        1.0189158541199463     
   2.4363422787729823        1.0153223088069627     
   2.4419884949462682        1.0113467975287638     
   2.4476347111195547        1.0083005682931823     
   2.4532809272928406        1.0042399249371825     
   2.4589271434661271        1.0010419179948595     
   2.4645733596394130       0.99754900814071434     
   2.4702195758126995       0.99429847365992707     
   2.4758657919859854       0.99153030831198985     
   2.4815120081592714       0.98825804243609650     
   2.4871582243325578       0.98538496661525021     
   2.4928044405058438       0.98352656852109832     
   2.4984506566791302       0.98114631486919679     
   2.5040968728524162       0.97818989234888132     
   2.5097430890257026       0.97684911401171148     
   2.5153893051989886       0.97469950970042374     
   2.5210355213722750       0.97324135329934258     
   2.5266817375455610       0.97164646728582982     
   2.5323279537188470       0.97024783874611098     
   2.5379741698921334       0.96883271324281650     
   2.5436203860654194       0.96771535723466062     
   2.5492666022387058       0.96664047669639774     
   2.5549128184119918       0.96579397483450657     
   2.5605590345852782       0.96443170469260042     
   2.5662052507585642       0.96422696175230205     
   2.5718514669318502       0.96339589194077346     
   2.5774976831051366       0.96261762017787322     
   2.5831438992784226       0.96233203040114967     
   2.5887901154517090       0.96232756277484210     
   2.5944363316249950       0.96231858786783075     
   2.6000825477982814       0.96203395913757450     
   2.6057287639715674       0.96188170236143578     
   2.6113749801448534       0.96239157321741231     
   2.6170211963181398       0.96291845724461766     
   2.6226674124914258       0.96324459546928165     
   2.6283136286647122       0.96379612734363818     
   2.6339598448379982       0.96409389798083267     
   2.6396060610112846       0.96526200981705090     
   2.6452522771845706       0.96581042673601525     
   2.6508984933578565       0.96692188564851744     
   2.6565447095311430       0.96753665654520815     
   2.6621909257044289       0.96866566949588440     
   2.6678371418777154       0.96983482608383298     
   2.6734833580510013       0.97133468387953381     
   2.6791295742242878       0.97272729085107024     
   2.6847757903975737       0.97428229549379097     
   2.6904220065708597       0.97560458527197524     
   2.6960682227441461       0.97707756946042490     
   2.7017144389174321       0.97887126965544213     
   2.7073606550907185       0.98034830866680067     
   2.7130068712640045       0.98193065048284034     
   2.7186530874372909       0.98375626147639839     
   2.7242993036105769       0.98560434409554931     
   2.7299455197838629       0.98749878743819297     
   2.7355917359571493       0.98917116327464427     
   2.7412379521304353       0.99178309994785918     
   2.7468841683037217       0.99418471233171046     
   2.7525303844770077       0.99644394127791136     
   2.7581766006502941       0.99834883796176932     
   2.7638228168235801        1.0003258620702733     
   2.7694690329968665        1.0026220724998756     
   2.7751152491701525        1.0051889949452923     
   2.7807614653434385        1.0075511752125599     
   2.7864076815167249        1.0096055838020335     
   2.7920538976900109        1.0120521157251343     
   2.7977001138632973        1.0143079807746964     
   2.8033463300365833        1.0167921512034683     
   2.8089925462098697        1.0190257072894926     
   2.8146387623831557        1.0217353147584152     
   2.8202849785564417        1.0240367708889480     
   2.8259311947297281        1.0265795587211566     
   2.8315774109030141        1.0288014124710807     
   2.8372236270763005        1.0311114498272869     
   2.8428698432495865        1.0333554982955728     
   2.8485160594228729        1.0357998329090203     
   2.8541622755961589        1.0382362699026475     
   2.8598084917694448        1.0402771217632116     
   2.8654547079427313        1.0431634984738694     
   2.8711009241160173        1.0451714636419025     
   2.8767471402893037        1.0473196009419508     
   2.8823933564625897        1.0494815934939850     
   2.8880395726358761        1.0517408694286408     
   2.8936857888091621        1.0537043454376798     
   2.8993320049824480        1.0558677907057641     
   2.9049782211557345        1.0576747381122300     
   2.9106244373290204        1.0596801048471640     
   2.9162706535023069        1.0620167997194609     
   2.9219168696755928        1.0634609737990148     
   2.9275630858488793        1.0654812682662134     
   2.9332093020221652        1.0672825976766718     
   2.9388555181954512        1.0693027523139715     
   2.9445017343687376        1.0705017934606218     
   2.9501479505420236        1.0721644175218121     
   2.9557941667153100        1.0735687344145073     
   2.9614403828885960        1.0750207256050863     
   2.9670865990618824        1.0764189934913295     
   2.9727328152351684        1.0781575955307843     
   2.9783790314084544        1.0793096011320045     
   2.9840252475817408        1.0806644698883363     
   2.9896714637550268        1.0816109211365703     
   2.9953176799283132        1.0823917232674991     
   3.0009638961015992        1.0834867438580902     
   3.0066101122748856        1.0845455275372051     
   3.0122563284481716        1.0852484439063932     
   3.0179025446214576        1.0862000102086495     
   3.0235487607947440        1.0869340860780907     
   3.0291949769680300        1.0869935712147922     
   3.0348411931413164        1.0880278086135278     
   3.0404874093146024        1.0884229738031992     
   3.0461336254878888        1.0886325817142672     
   3.0517798416611748        1.0892192007582950     
   3.0574260578344612        1.0895088563724491     
   3.0630722740077472        1.0895156679035307     
   3.0687184901810332        1.0898274459529340     
   3.0743647063543196        1.0897024279155183     
   3.0800109225276056        1.0898669910898588     
   3.0856571387008920        1.0898743132541200     
   3.0913033548741780        1.0899074076451993     
   3.0969495710474644        1.0898696162350172     
   3.1025957872207504        1.0893309812757170     
   3.1082420033940363        1.0887529736288271     
   3.1138882195673228        1.0887409149116452     
   3.1195344357406087        1.0884041279344341     
   3.1251806519138952        1.0875436342332772     
   3.1308268680871811        1.0871127853175246     
   3.1364730842604676        1.0864635002760525     
   3.1421193004337535        1.0856436848659070     
   3.1477655166070395        1.0851563286420496     
   3.1534117327803259        1.0842074529988408     
   3.1590579489536119        1.0831429694617036     
   3.1647041651268983        1.0823584461633675     
   3.1703503813001843        1.0814564605652437     
   3.1759965974734707        1.0805574418272330     
   3.1816428136467567        1.0796662422610745     
   3.1872890298200427        1.0789499864788328     
   3.1929352459933291        1.0776401832622984     
   3.1985814621666151        1.0766630318664998     
   3.2042276783399015        1.0751944257518073     
   3.2098738945131875        1.0738004653532354     
   3.2155201106864739        1.0726293124961892     
   3.2211663268597599        1.0715569840512806     
   3.2268125430330459        1.0701650446504194     
   3.2324587592063323        1.0688976754481965     
   3.2381049753796183        1.0676476608680741     
   3.2437511915529047        1.0658807049506454     
   3.2493974077261907        1.0643006435829352     
   3.2550436238994771        1.0630224784596507     
   3.2606898400727631        1.0617953663599922     
   3.2663360562460491        1.0601282005991257     
   3.2719822724193355        1.0587359859237984     
   3.2776284885926215        1.0573357133972392     
   3.2832747047659079        1.0556604753284815     
   3.2889209209391939        1.0536356743817621     
   3.2945671371124803        1.0525329948134334     
   3.3002133532857663        1.0507822415042076     
   3.3058595694590527        1.0490501744373721     
   3.3115057856323387        1.0475558523092858     
   3.3171520018056246        1.0460684369029245     
   3.3227982179789111        1.0443391884254916     
   3.3284444341521970        1.0431320595612776     
   3.3340906503254835        1.0414015703049351     
   3.3397368664987694        1.0400178935040902     
   3.3453830826720559        1.0386528663099748     
   3.3510292988453418        1.0368843962834260     
   3.3566755150186278        1.0354292691228224     
   3.3623217311919142        1.0343978324723804     
   3.3679679473652002        1.0329579268226985     
   3.3736141635384866        1.0315540959055844     
   3.3792603797117726        1.0297666617317918     
   3.3849065958850590        1.0284118035242600     
   3.3905528120583450        1.0273836101298452     
   3.3961990282316310        1.0261824539796280     
   3.4018452444049174        1.0246631657939651     
   3.4074914605782034        1.0235488632736605     
   3.4131376767514898        1.0221995639431103     
   3.4187838929247758        1.0211302921530991     
   3.4244301090980622        1.0199262138154646     
   3.4300763252713482        1.0187869868553103     
   3.4357225414446342        1.0179168451109852     
   3.4413687576179206        1.0169917419903924     
   3.4470149737912066        1.0155470646100540     
   3.4526611899644930        1.0146554775782808     
   3.4583074061377790        1.0134686844769583     
   3.4639536223110654        1.0129952495898065     
   3.4695998384843514        1.0118179198334918     
   3.4752460546576374        1.0109456966064250     
   3.4808922708309238        1.0098353245856291     
   3.4865384870042098        1.0090119915818907     
   3.4921847031774962        1.0085311631807932     
   3.4978309193507822        1.0078654856580644     
   3.5034771355240686        1.0074178615440026     
   3.5091233516973546        1.0066991334925208     
   3.5147695678706405        1.0061136720167254     
   3.5204157840439270        1.0055027793106228     
   3.5260620002172129        1.0052187798538421     
   3.5317082163904994        1.0046602910289790     
   3.5373544325637853        1.0041728318132954     
   3.5430006487370718        1.0037409439897913     
   3.5486468649103577        1.0033114303658033     
   3.5542930810836442        1.0030382847443906     
   3.5599392972569301        1.0029020285398316     
   3.5655855134302161        1.0028374371800797     
   3.5712317296035025        1.0022341147797400     
   3.5768779457767885        1.0018996189143607     
   3.5825241619500749        1.0016159489119927     
   3.5881703781233609        1.0017174816726577     
   3.5938165942966473        1.0019097851540635     
   3.5994628104699333        1.0018559311842601     
   3.6051090266432193        1.0014443415983347     
   3.6107552428165057        1.0015693725013191     
   3.6164014589897917        1.0015314634290862     
   3.6220476751630781        1.0016091329386694     
   3.6276938913363641        1.0017485205947032     
   3.6333401075096505        1.0022395864301568     
   3.6389863236829365        1.0022893275869813     
   3.6446325398562225        1.0026990380637115     
   3.6502787560295089        1.0025917291494213     
   3.6559249722027949        1.0028398161140226     
   3.6615711883760813        1.0033588683788273     
   3.6672174045493673        1.0036494032418353     
   3.6728636207226537        1.0040168029849712     
   3.6785098368959397        1.0041767705620392     
   3.6841560530692257        1.0052871420087071     
   3.6898022692425121        1.0056866663283197     
   3.6954484854157981        1.0058178970962222     
   3.7010947015890845        1.0063699297101738     
   3.7067409177623705        1.0068688264135774     
   3.7123871339356569        1.0071184542258105     
   3.7180333501089429        1.0081234895681719     
   3.7236795662822288        1.0081983412963842     
   3.7293257824555153        1.0093812109327696     
   3.7349719986288012        1.0097392909579062     
   3.7406182148020877        1.0101788298696295     
   3.7462644309753736        1.0109968470857285     
   3.7519106471486601        1.0116247126166564     
   3.7575568633219461        1.0121575490877750     
   3.7632030794952320        1.0126098875491922     
   3.7688492956685185        1.0134353503782496     
   3.7744955118418044        1.0140926577334475     
   3.7801417280150909        1.0146861267120135     
   3.7857879441883768        1.0153945350670506     
   3.7914341603616633        1.0159027940777943     
   3.7970803765349492        1.0164207214563903     
   3.8027265927082352        1.0170931774848899     
   3.8083728088815216        1.0178668913797835     
   3.8140190250548076        1.0185438503470468     
   3.8196652412280940        1.0192053280152340     
   3.8253114574013800        1.0197621862127160     
   3.8309576735746664        1.0206803876795003     
   3.8366038897479524        1.0211309904796302     
   3.8422501059212388        1.0220061574538952     
   3.8478963220945248        1.0224782259005081     
   3.8535425382678108        1.0232301812474640     
   3.8591887544410972        1.0234999615847242     
   3.8648349706143832        1.0241511550842735     
   3.8704811867876696        1.0248025533139560     
   3.8761274029609556        1.0255137313809604     
   3.8817736191342420        1.0255894966094219     
   3.8874198353075280        1.0263172090941899     
   3.8930660514808140        1.0267517351070510     
   3.8987122676541004        1.0273905667777170     
   3.9043584838273864        1.0276904067068620     
   3.9100047000006728        1.0284607000626156     
   3.9156509161739588        1.0289007089881914     
   3.9212971323472452        1.0292308979878801     
   3.9269433485205312        1.0294160597507356     
   3.9325895646938172        1.0298685048018261     
   3.9382357808671036        1.0303958887360767     
   3.9438819970403896        1.0305691253898084     
   3.9495282132136760        1.0313419560211254     
   3.9551744293869620        1.0313105971284358     
   3.9608206455602484        1.0315582563376067     
   3.9664668617335344        1.0318594259477434     
   3.9721130779068203        1.0322594151785425     
   3.9777592940801068        1.0323748284586594     
   3.9834055102533927        1.0326696036508847     
   3.9890517264266792        1.0329054453761206     
   3.9946979425999651        1.0331148484668737     
   4.0003441587732516        1.0331477433506024     
   4.0059903749465375        1.0331303840523829     
   4.0116365911198235        1.0332916247686530     
   4.0172828072931095        1.0331457449160366     
   4.0229290234663964        1.0335419338134955     
   4.0285752396396823        1.0333362607658634     
   4.0342214558129683        1.0331802875807861     
   4.0398676719862543        1.0334659931879320     
   4.0455138881595412        1.0333760360228195     
   4.0511601043328271        1.0332541385983407     
   4.0568063205061131        1.0333894338324179     
   4.0624525366793991        1.0330757524822296     
   4.0680987528526851        1.0329492012078090     
   4.0737449690259719        1.0325919263492251     
   4.0793911851992579        1.0325078946317863     
   4.0850374013725439        1.0324105953118963     
   4.0906836175458299        1.0320984416944772     
   4.0963298337191159        1.0319586079958449     
   4.1019760498924027        1.0315330780012559     
   4.1076222660656887        1.0314002833891511     
   4.1132684822389747        1.0308906911271645     
   4.1189146984122607        1.0305611805699966     
   4.1245609145855475        1.0304568228236783     
   4.1302071307588335        1.0299644498597926     
   4.1358533469321195        1.0297723386386508     
   4.1414995631054055        1.0296043122102059     
   4.1471457792786914        1.0291096295903592     
   4.1527919954519783        1.0287445438704543     
   4.1584382116252643        1.0284578729496330     
   4.1640844277985503        1.0281098874763395     
   4.1697306439718362        1.0275809672067429     
   4.1753768601451222        1.0272704268690673     
   4.1810230763184091        1.0271729383254662     
   4.1866692924916951        1.0267106388571539     
   4.1923155086649810        1.0262473187054499     
   4.1979617248382670        1.0257197584653357     
   4.2036079410115539        1.0252082564792215     
   4.2092541571848399        1.0244544620194209     
   4.2149003733581258        1.0241128153390491     
   4.2205465895314118        1.0236747434074607     
   4.2261928057046978        1.0231833577622178     
   4.2318390218779847        1.0227196893749300     
   4.2374852380512706        1.0220566913405869     
   4.2431314542245566        1.0215548024805243     
   4.2487776703978426        1.0210167778696757     
   4.2544238865711295        1.0202376421712123     
   4.2600701027444154        1.0198319756678316     
   4.2657163189177014        1.0193697288558656     
   4.2713625350909874        1.0189057190232489     
   4.2770087512642734        1.0182962878753328     
   4.2826549674375602        1.0178551129062035     
   4.2883011836108462        1.0172541777454442     
   4.2939473997841322        1.0166115467165289     
   4.2995936159574182        1.0161845410694503     
   4.3052398321307042        1.0158792936813781     
   4.3108860483039910        1.0150464468254525     
   4.3165322644772770        1.0145140514275512     
   4.3221784806505630        1.0141167950667977     
   4.3278246968238490        1.0134079381542291     
   4.3334709129971358        1.0129024973205145     
   4.3391171291704218        1.0125492195841035     
   4.3447633453437078        1.0121870453552757     
   4.3504095615169938        1.0118752856618018     
   4.3560557776902797        1.0110199219382809     
   4.3617019938635666        1.0107569865864927     
   4.3673482100368526        1.0103390236587533     
   4.3729944262101386        1.0097727301410924     
   4.3786406423834245        1.0093607981317079     
   4.3842868585567105        1.0089265526272848     
   4.3899330747299974        1.0082939882323776     
   4.3955792909032834        1.0081052722307640     
   4.4012255070765693        1.0076637087383125     
   4.4068717232498553        1.0073044895019077     
   4.4125179394231422        1.0068535550205489     
   4.4181641555964282        1.0064656089568720     
   4.4238103717697141        1.0060113122338692     
   4.4294565879430001        1.0055515232172090     
   4.4351028041162861        1.0055226178397367     
   4.4407490202895730        1.0051183959390928     
   4.4463952364628589        1.0050145459668511     
   4.4520414526361449        1.0047951623243836     
   4.4576876688094309        1.0046743299535925     
   4.4633338849827169        1.0042624903138557     
   4.4689801011560037        1.0037839011909029     
   4.4746263173292897        1.0034992393537687     
   4.4802725335025757        1.0032548864661273     
   4.4859187496758617        1.0026580585726430     
   4.4915649658491485        1.0025122977923819     
   4.4972111820224345        1.0021602173388373     
   4.5028573981957205        1.0019718555902035     
   4.5085036143690065        1.0019650147230350     
   4.5141498305422925        1.0017125445341768     
   4.5197960467155793        1.0012408943344167     
   4.5254422628888653        1.0011771010128163     
   4.5310884790621513        1.0011459006308137     
   4.5367346952354373        1.0005423143407226     
   4.5423809114087241        1.0004659486176499     
   4.5480271275820101        1.0005782102830152     
   4.5536733437552961        1.0004473999486818     
   4.5593195599285821        1.0003583864445214     
   4.5649657761018680        1.0000344519751925     
   4.5706119922751549        1.0004727646961162     
   4.5762582084484409        1.0003596769771077     
   4.5819044246217269        1.0002251397924635     
   4.5875506407950128        1.0002944291974651     
   4.5931968569682988        1.0001346047365169     
   4.5988430731415857        1.0003071393350698     
   4.6044892893148717        1.0002667230045945     
   4.6101355054881576        1.0002669701867464     
   4.6157817216614436        1.0001281885400628     
   4.6214279378347305        1.0003219312470868     
   4.6270741540080165        1.0000858301267537     
   4.6327203701813024        1.0002284275891495     
   4.6383665863545884        1.0003217461868221     
   4.6440128025278744        1.0005452948674032     
   4.6496590187011613        1.0002210554637891     
   4.6553052348744473        1.0005149570367355     
   4.6609514510477332        1.0003044366252380     
   4.6665976672210192        1.0003343576906842     
   4.6722438833943052        1.0006769687337944     
   4.6778900995675921        1.0007152050850501     
   4.6835363157408780        1.0008196257259698     
   4.6891825319141640        1.0009252716296544     
   4.6948287480874500        1.0009516424137790     
   4.7004749642607369        1.0012456907418361     
   4.7061211804340228        1.0012609302269730     
   4.7117673966073088        1.0015502682962609     
   4.7174136127805948        1.0014239629704105     
   4.7230598289538808        1.0017493906882879     
   4.7287060451271676        1.0015782684695917     
   4.7343522613004536        1.0018004734526722     
   4.7399984774737396        1.0021595149401383     
   4.7456446936470256        1.0022190795813872     
   4.7512909098203124        1.0024338662377748     
   4.7569371259935984        1.0023391506190942     
   4.7625833421668844        1.0027023184146042     
   4.7682295583401704        1.0029191512564912     
   4.7738757745134563        1.0031640664031991     
   4.7795219906867432        1.0032108077927067     
   4.7851682068600292        1.0033373647241770     
   4.7908144230333152        1.0031776751864696     
   4.7964606392066012        1.0037729875688230     
   4.8021068553798871        1.0035546323230322     
   4.8077530715531740        1.0040000716319593     
   4.8133992877264600        1.0039939397903457     
   4.8190455038997460        1.0039365218842782     
   4.8246917200730319        1.0040543817905230     
   4.8303379362463188        1.0043610603336470     
   4.8359841524196048        1.0044673898409846     
   4.8416303685928908        1.0043220876033614     
   4.8472765847661767        1.0049110430553361     
   4.8529228009394627        1.0048070540415619     
   4.8585690171127496        1.0050071686246620     
   4.8642152332860356        1.0050942678430581     
   4.8698614494593215        1.0053230122910664     
   4.8755076656326075        1.0054738243536487     
   4.8811538818058935        1.0053805752102845     
   4.8868000979791804        1.0055676239553966     
   4.8924463141524663        1.0057420230673950     
   4.8980925303257523        1.0059704668407501     
   4.9037387464990383        1.0058084038493285     
   4.9093849626723252        1.0058289553936763     
   4.9150311788456111        1.0060237889587880     
   4.9206773950188971        1.0060048995481563     
   4.9263236111921831        1.0062528648887585     
   4.9319698273654691        1.0063603502987679     
   4.9376160435387559        1.0063033646591399     
   4.9432622597120419        1.0061213626791752     
   4.9489084758853279        1.0065141739292378     
   4.9545546920586139        1.0065132310595519     
   4.9602009082318999        1.0064887972273033     
   4.9658471244051867        1.0065220503056054     
   4.9714933405784727        1.0062654088247731     
   4.9771395567517587        1.0065546101563103     
   4.9827857729250447        1.0062806550534242     
   4.9884319890983315        1.0062847855997439     
   4.9940782052716175        1.0062070610028195     
   4.9997244214449035        1.0061102648151590     
   5.0053706376181895        1.0062274552502490     
   5.0110168537914754        1.0062454796628366     
   5.0166630699647623        1.0064540467419207     
   5.0223092861380483        1.0063105280676725     
   5.0279555023113343        1.0061676562912569     
   5.0336017184846202        1.0060684848267398     
   5.0392479346579071        1.0060228287947368     
   5.0448941508311931        1.0059491681061039     
   5.0505403670044791        1.0060254334876788     
   5.0561865831777650        1.0055223822226258     
   5.0618327993510510        1.0057626515833094     
   5.0674790155243379        1.0055365361843096     
   5.0731252316976239        1.0053436771919382     
   5.0787714478709098        1.0055798140654386     
   5.0844176640441958        1.0052624078896162     
   5.0900638802174818        1.0052470969672225     
   5.0957100963907687        1.0049073239228543     
   5.1013563125640546        1.0050449123704326     
   5.1070025287373406        1.0048508135891556     
   5.1126487449106266        1.0046311181008125     
   5.1182949610839135        1.0044225178681665     
   5.1239411772571994        1.0040568574534050     
   5.1295873934304854        1.0040732705334088     
   5.1352336096037714        1.0038107797306368     
   5.1408798257770574        1.0035527247781935     
   5.1465260419503442        1.0036892949228604     
   5.1521722581236302        1.0035306606301204     
   5.1578184742969162        1.0031977713714559     
   5.1634646904702022        1.0028685724040967     
   5.1691109066434882        1.0027394031770820     
   5.1747571228167750        1.0025702820896190     
   5.1804033389900610        1.0022336964474754     
   5.1860495551633470        1.0022418407038767     
   5.1916957713366330        1.0018433200589558     
   5.1973419875099198        1.0018167315636433     
   5.2029882036832058        1.0017177478611656     
   5.2086344198564918        1.0016356903542003     
   5.2142806360297778        1.0015818524701496     
   5.2199268522030637        1.0013593993656205     
   5.2255730683763506        1.0010588258505269     
   5.2312192845496366        1.0007987124947930     
   5.2368655007229226        1.0005870275707165     
   5.2425117168962085        1.0004409795241958     
   5.2481579330694945        1.0002474291800523     
   5.2538041492427814        1.0001059843756943     
   5.2594503654160674       0.99974476966376846     
   5.2650965815893533       0.99956885950481089     
   5.2707427977626393       0.99902573611126522     
   5.2763890139359262       0.99901931539146860     
   5.2820352301092122       0.99875606822372842     
   5.2876814462824981       0.99861100913239464     
   5.2933276624557841       0.99817993794671578     
   5.2989738786290701       0.99816924621038294     
   5.3046200948023570       0.99796013072991507     
   5.3102663109756429       0.99759430056721921     
   5.3159125271489289       0.99735459624744693     
   5.3215587433222149       0.99754692187906546     
   5.3272049594955018       0.99719155703784068     
   5.3328511756687877       0.99722291764574689     
   5.3384973918420737       0.99687635490395921     
   5.3441436080153597       0.99656614135897825     
   5.3497898241886457       0.99637514131302574     
   5.3554360403619325       0.99625437330620270     
   5.3610822565352185       0.99607408700627376     
   5.3667284727085045       0.99596324119626534     
   5.3723746888817905       0.99565658900532639     
   5.3780209050550765       0.99564994743700985     
   5.3836671212283633       0.99553268620771418     
   5.3893133374016493       0.99521817780840538     
   5.3949595535749353       0.99534898715495113     
   5.4006057697482213       0.99497001658313922     
   5.4062519859215081       0.99511680437193473     
   5.4118982020947941       0.99466695161299079     
   5.4175444182680801       0.99465481167601810     
   5.4231906344413661       0.99442023083370357     
   5.4288368506146520       0.99418113958090770     
   5.4344830667879389       0.99407923045993640     
   5.4401292829612249       0.99412053063537864     
   5.4457754991345109       0.99396333211594534     
   5.4514217153077968       0.99357403563429714     
   5.4570679314810828       0.99378757886276925     
   5.4627141476543697       0.99367685780433812     
   5.4683603638276557       0.99354271097380265     
   5.4740065800009416       0.99349911107382660     
   5.4796527961742276       0.99335704861678920     
   5.4852990123475145       0.99330930175983856     
   5.4909452285208005       0.99317383336861698     
   5.4965914446940864       0.99317441274892582     
   5.5022376608673724       0.99300973548523497     
   5.5078838770406584       0.99294361447593527     
   5.5135300932139453       0.99303995817201718     
   5.5191763093872312       0.99309185017937729     
   5.5248225255605172       0.99269652664450969     
   5.5304687417338032       0.99276493305756608     
   5.5361149579070901       0.99258660889376893     
   5.5417611740803761       0.99243990220980471     
   5.5474073902536620       0.99239810413504459     
   5.5530536064269480       0.99248898959345755     
   5.5586998226002340       0.99242767962498524     
   5.5643460387735209       0.99242444182236411     
   5.5699922549468068       0.99228299893288996     
   5.5756384711200928       0.99243055724164575     
   5.5812846872933788       0.99246792539916129     
   5.5869309034666648       0.99234028400633889     
   5.5925771196399516       0.99228922261401342     
   5.5982233358132376       0.99237083557351535     
   5.6038695519865236       0.99219047840113805     
   5.6095157681598096       0.99205314189222482     
   5.6151619843330964       0.99235292610794767     
   5.6208082005063824       0.99225372363770525     
   5.6264544166796684       0.99234744321957924     
   5.6321006328529544       0.99220249356801826     
   5.6377468490262403       0.99230240736369024     
   5.6433930651995272       0.99233599850354171     
