   3.0000000000000001E-003   0.0000000000000000     
   9.0000000000000011E-003   0.0000000000000000     
   1.4999999999999999E-002   0.0000000000000000     
   2.1000000000000001E-002   0.0000000000000000     
   2.7000000000000000E-002   0.0000000000000000     
   3.3000000000000002E-002   0.0000000000000000     
   3.9000000000000007E-002   0.0000000000000000     
   4.5000000000000005E-002   0.0000000000000000     
   5.1000000000000004E-002   0.0000000000000000     
   5.7000000000000002E-002   0.0000000000000000     
   6.3000000000000000E-002   0.0000000000000000     
   6.9000000000000006E-002   0.0000000000000000     
   7.5000000000000011E-002   0.0000000000000000     
   8.1000000000000003E-002   0.0000000000000000     
   8.7000000000000008E-002   0.0000000000000000     
   9.2999999999999999E-002   0.0000000000000000     
   9.9000000000000005E-002   0.0000000000000000     
  0.10500000000000001        0.0000000000000000     
  0.11100000000000000        0.0000000000000000     
  0.11700000000000001        0.0000000000000000     
  0.12300000000000000        0.0000000000000000     
  0.12900000000000000        0.0000000000000000     
  0.13500000000000001        0.0000000000000000     
  0.14100000000000001        0.0000000000000000     
  0.14700000000000002        0.0000000000000000     
  0.15300000000000000        0.0000000000000000     
  0.15900000000000000        0.0000000000000000     
  0.16500000000000001        0.0000000000000000     
  0.17100000000000001        0.0000000000000000     
  0.17700000000000002        0.0000000000000000     
  0.18300000000000000        0.0000000000000000     
  0.18900000000000000        0.0000000000000000     
  0.19500000000000001        0.0000000000000000     
  0.20100000000000001        0.0000000000000000     
  0.20700000000000002        0.0000000000000000     
  0.21299999999999999        0.0000000000000000     
  0.21900000000000000        0.0000000000000000     
  0.22500000000000001        0.0000000000000000     
  0.23100000000000001        0.0000000000000000     
  0.23700000000000002        0.0000000000000000     
  0.24299999999999999        0.0000000000000000     
  0.24900000000000000        0.0000000000000000     
  0.25500000000000000        0.0000000000000000     
  0.26100000000000001        0.0000000000000000     
  0.26700000000000002        0.0000000000000000     
  0.27300000000000002        0.0000000000000000     
  0.27900000000000003        0.0000000000000000     
  0.28500000000000003        0.0000000000000000     
  0.29100000000000004        0.0000000000000000     
  0.29699999999999999        0.0000000000000000     
  0.30299999999999999        0.0000000000000000     
  0.30900000000000000        0.0000000000000000     
  0.31500000000000000        0.0000000000000000     
  0.32100000000000001        0.0000000000000000     
  0.32700000000000001        0.0000000000000000     
  0.33300000000000002        0.0000000000000000     
  0.33900000000000002        0.0000000000000000     
  0.34500000000000003        0.0000000000000000     
  0.35100000000000003        0.0000000000000000     
  0.35699999999999998        0.0000000000000000     
  0.36299999999999999        0.0000000000000000     
  0.36899999999999999        0.0000000000000000     
  0.37500000000000000        0.0000000000000000     
  0.38100000000000001        0.0000000000000000     
  0.38700000000000001        0.0000000000000000     
  0.39300000000000002        0.0000000000000000     
  0.39900000000000002        0.0000000000000000     
  0.40500000000000003        0.0000000000000000     
  0.41100000000000003        0.0000000000000000     
  0.41700000000000004        0.0000000000000000     
  0.42299999999999999        0.0000000000000000     
  0.42899999999999999        0.0000000000000000     
  0.43500000000000000        0.0000000000000000     
  0.44100000000000000        0.0000000000000000     
  0.44700000000000001        0.0000000000000000     
  0.45300000000000001        0.0000000000000000     
  0.45900000000000002        0.0000000000000000     
  0.46500000000000002        0.0000000000000000     
  0.47100000000000003        0.0000000000000000     
  0.47700000000000004        0.0000000000000000     
  0.48299999999999998        0.0000000000000000     
  0.48899999999999999        0.0000000000000000     
  0.49500000000000000        0.0000000000000000     
  0.50100000000000000        0.0000000000000000     
  0.50700000000000001        0.0000000000000000     
  0.51300000000000001        0.0000000000000000     
  0.51900000000000002        0.0000000000000000     
  0.52500000000000002        0.0000000000000000     
  0.53100000000000003        0.0000000000000000     
  0.53700000000000003        0.0000000000000000     
  0.54300000000000004        0.0000000000000000     
  0.54900000000000004        0.0000000000000000     
  0.55500000000000005        0.0000000000000000     
  0.56100000000000005        0.0000000000000000     
  0.56700000000000006        0.0000000000000000     
  0.57300000000000006        0.0000000000000000     
  0.57900000000000007        0.0000000000000000     
  0.58499999999999996        0.0000000000000000     
  0.59099999999999997        0.0000000000000000     
  0.59699999999999998        0.0000000000000000     
  0.60299999999999998        0.0000000000000000     
  0.60899999999999999        0.0000000000000000     
  0.61499999999999999        0.0000000000000000     
  0.62100000000000000        0.0000000000000000     
  0.62700000000000000        0.0000000000000000     
  0.63300000000000001        0.0000000000000000     
  0.63900000000000001        0.0000000000000000     
  0.64500000000000002        0.0000000000000000     
  0.65100000000000002        0.0000000000000000     
  0.65700000000000003        0.0000000000000000     
  0.66300000000000003        0.0000000000000000     
  0.66900000000000004        0.0000000000000000     
  0.67500000000000004        0.0000000000000000     
  0.68100000000000005        0.0000000000000000     
  0.68700000000000006        0.0000000000000000     
  0.69300000000000006        0.0000000000000000     
  0.69900000000000007        0.0000000000000000     
  0.70500000000000007        0.0000000000000000     
  0.71099999999999997        0.0000000000000000     
  0.71699999999999997        0.0000000000000000     
  0.72299999999999998        0.0000000000000000     
  0.72899999999999998        0.0000000000000000     
  0.73499999999999999        0.0000000000000000     
  0.74099999999999999        0.0000000000000000     
  0.74700000000000000        0.0000000000000000     
  0.75300000000000000        0.0000000000000000     
  0.75900000000000001        0.0000000000000000     
  0.76500000000000001        0.0000000000000000     
  0.77100000000000002        0.0000000000000000     
  0.77700000000000002        0.0000000000000000     
  0.78300000000000003        0.0000000000000000     
  0.78900000000000003        0.0000000000000000     
  0.79500000000000004        0.0000000000000000     
  0.80100000000000005        0.0000000000000000     
  0.80700000000000005        0.0000000000000000     
  0.81300000000000006        0.0000000000000000     
  0.81900000000000006        0.0000000000000000     
  0.82500000000000007        0.0000000000000000     
  0.83100000000000007        0.0000000000000000     
  0.83699999999999997        0.0000000000000000     
  0.84299999999999997        0.0000000000000000     
  0.84899999999999998        0.0000000000000000     
  0.85499999999999998        0.0000000000000000     
  0.86099999999999999        8.2923957577718611E-007
  0.86699999999999999        3.6801088700298557E-006
  0.87300000000000000        1.4115489163668995E-005
  0.87900000000000000        4.2565959434266419E-005
  0.88500000000000001        1.1969326669782060E-004
  0.89100000000000001        3.4341926638875733E-004
  0.89700000000000002        7.9342901230092732E-004
  0.90300000000000002        1.9028315047683695E-003
  0.90900000000000003        4.0836824975576573E-003
  0.91500000000000004        7.8994355675913713E-003
  0.92100000000000004        1.4746139633426698E-002
  0.92700000000000005        2.5862197953449153E-002
  0.93300000000000005        4.2807290100722928E-002
  0.93900000000000006        6.7752544518006094E-002
  0.94500000000000006       0.10227035037339982     
  0.95100000000000007       0.14846156447219219     
  0.95700000000000007       0.20743450123105336     
  0.96299999999999997       0.27991944747781045     
  0.96899999999999997       0.36671768123701493     
  0.97499999999999998       0.46617490411078866     
  0.98099999999999998       0.57990113726117387     
  0.98699999999999999       0.70302278541095797     
  0.99299999999999999       0.83411457950890144     
  0.99900000000000000       0.97385984582997576     
   1.0049999999999999        1.1158452248044475     
   1.0109999999999999        1.2579787431125296     
   1.0169999999999999        1.3994017462289241     
   1.0229999999999999        1.5342907285429512     
   1.0289999999999999        1.6617033641047672     
   1.0349999999999999        1.7819741806221687     
   1.0409999999999999        1.8935201487537514     
   1.0469999999999999        1.9924147701188164     
   1.0529999999999999        2.0812577986733389     
   1.0589999999999999        2.1592907968506032     
   1.0649999999999999        2.2255431158767558     
   1.0710000000000000        2.2791641772554976     
   1.0770000000000000        2.3222742361145623     
   1.0830000000000000        2.3563308395078626     
   1.0890000000000000        2.3771210890632322     
   1.0950000000000000        2.3929518731500923     
   1.1010000000000000        2.3985717379590148     
   1.1070000000000000        2.3979386678588868     
   1.1130000000000000        2.3881188529976822     
   1.1190000000000000        2.3753651881871400     
   1.1250000000000000        2.3573033612489560     
   1.1310000000000000        2.3326488539007380     
   1.1370000000000000        2.3071612055237329     
   1.1430000000000000        2.2761826948170136     
   1.1490000000000000        2.2417856172856410     
   1.1550000000000000        2.2082764907956540     
   1.1609999999999998        2.1705786161301059     
   1.1669999999999998        2.1339701545570775     
   1.1729999999999998        2.0960287251927689     
   1.1789999999999998        2.0567119448785407     
   1.1849999999999998        2.0187064502796890     
   1.1909999999999998        1.9787888373414582     
   1.1969999999999998        1.9381282664458688     
   1.2029999999999998        1.8994253263762571     
   1.2089999999999999        1.8615836123581484     
   1.2149999999999999        1.8233403101447887     
   1.2209999999999999        1.7858773691686887     
   1.2269999999999999        1.7484324611264090     
   1.2329999999999999        1.7125360087286761     
   1.2389999999999999        1.6760538622638592     
   1.2449999999999999        1.6432520930040679     
   1.2509999999999999        1.6093017376976793     
   1.2569999999999999        1.5769026298228797     
   1.2629999999999999        1.5461618897632847     
   1.2689999999999999        1.5153002170915750     
   1.2749999999999999        1.4861954448923280     
   1.2809999999999999        1.4577028721449807     
   1.2869999999999999        1.4292812723028612     
   1.2929999999999999        1.4027294748678458     
   1.2989999999999999        1.3765992000124911     
   1.3049999999999999        1.3526451718488961     
   1.3109999999999999        1.3277976857480647     
   1.3169999999999999        1.3056910036883664     
   1.3230000000000000        1.2832741105585503     
   1.3290000000000000        1.2622167099052990     
   1.3350000000000000        1.2412490738636666     
   1.3410000000000000        1.2214522426457672     
   1.3470000000000000        1.2036951598538970     
   1.3530000000000000        1.1844873293596498     
   1.3590000000000000        1.1671197857845221     
   1.3650000000000000        1.1513264290767882     
   1.3710000000000000        1.1346440885004889     
   1.3770000000000000        1.1183986258891794     
   1.3830000000000000        1.1035447714796867     
   1.3890000000000000        1.0902140405802883     
   1.3950000000000000        1.0761771995184384     
   1.4010000000000000        1.0629219097197051     
   1.4070000000000000        1.0499383395458897     
   1.4129999999999998        1.0383138894234252     
   1.4189999999999998        1.0259541783850457     
   1.4249999999999998        1.0150774154651143     
   1.4309999999999998        1.0049437108416062     
   1.4369999999999998       0.99348330534855156     
   1.4429999999999998       0.98400522335895724     
   1.4489999999999998       0.97489274687155103     
   1.4549999999999998       0.96579459065499063     
   1.4609999999999999       0.95733814883265500     
   1.4669999999999999       0.94900502634060757     
   1.4729999999999999       0.94025757659658638     
   1.4789999999999999       0.93319529455834416     
   1.4849999999999999       0.92620019170884305     
   1.4909999999999999       0.91964809887909305     
   1.4969999999999999       0.91347062977484872     
   1.5029999999999999       0.90773102484294299     
   1.5089999999999999       0.90234682393728050     
   1.5149999999999999       0.89700708693548403     
   1.5209999999999999       0.89100975759493495     
   1.5269999999999999       0.88632173091208533     
   1.5329999999999999       0.88162524784360863     
   1.5389999999999999       0.87782609158003710     
   1.5449999999999999       0.87437175880470597     
   1.5509999999999999       0.86987850358365904     
   1.5569999999999999       0.86676944966736880     
   1.5629999999999999       0.86267561827267203     
   1.5690000000000000       0.86050127594797488     
   1.5750000000000000       0.85756302254793104     
   1.5810000000000000       0.85517031440976354     
   1.5870000000000000       0.85332069281085887     
   1.5930000000000000       0.85128857678975001     
   1.5990000000000000       0.84931997705381901     
   1.6050000000000000       0.84786430768154342     
   1.6110000000000000       0.84619863804784257     
   1.6170000000000000       0.84449750308593485     
   1.6230000000000000       0.84372110416735269     
   1.6290000000000000       0.84327698848154431     
   1.6350000000000000       0.84278009177854130     
   1.6410000000000000       0.84255222662338158     
   1.6470000000000000       0.84285996142914033     
   1.6530000000000000       0.84249253294675741     
   1.6590000000000000       0.84294348369790995     
   1.6650000000000000       0.84352605582378171     
   1.6709999999999998       0.84388358978066991     
   1.6769999999999998       0.84498493471619762     
   1.6829999999999998       0.84640952926798430     
   1.6889999999999998       0.84735449790106565     
   1.6949999999999998       0.84882057267725541     
   1.7009999999999998       0.85009459679041899     
   1.7069999999999999       0.85181330907078567     
   1.7129999999999999       0.85387039538284548     
   1.7189999999999999       0.85594088301865079     
   1.7249999999999999       0.85893984736064799     
   1.7309999999999999       0.86103937408138420     
   1.7369999999999999       0.86378605054144830     
   1.7429999999999999       0.86644107790552116     
   1.7489999999999999       0.87052077541028927     
   1.7549999999999999       0.87297742053520766     
   1.7609999999999999       0.87671035457503366     
   1.7669999999999999       0.88089478169953572     
   1.7729999999999999       0.88471902682215053     
   1.7789999999999999       0.88867247255624204     
   1.7849999999999999       0.89208672869734906     
   1.7909999999999999       0.89645328220733711     
   1.7969999999999999       0.90107429588304411     
   1.8029999999999999       0.90515774280223005     
   1.8089999999999999       0.90996178980768838     
   1.8149999999999999       0.91440075969275758     
   1.8210000000000000       0.91897836900259655     
   1.8270000000000000       0.92380219513855277     
   1.8330000000000000       0.92840595835180129     
   1.8390000000000000       0.93367224084057687     
   1.8450000000000000       0.93867125709930632     
   1.8510000000000000       0.94384637127027604     
   1.8570000000000000       0.94915455466175680     
   1.8630000000000000       0.95432175074404613     
   1.8690000000000000       0.96033434786380067     
   1.8750000000000000       0.96600182714106564     
   1.8810000000000000       0.97108474191204841     
   1.8870000000000000       0.97785504825819269     
   1.8930000000000000       0.98303650771363404     
   1.8990000000000000       0.98863005638507817     
   1.9050000000000000       0.99481733179497056     
   1.9110000000000000        1.0012199565522848     
   1.9170000000000000        1.0065348524706463     
   1.9229999999999998        1.0128143973105896     
   1.9289999999999998        1.0178973506910092     
   1.9349999999999998        1.0244299466928812     
   1.9409999999999998        1.0308984193691495     
   1.9469999999999998        1.0369014933834986     
   1.9529999999999998        1.0426971809687657     
   1.9589999999999999        1.0483562267309827     
   1.9649999999999999        1.0540334856729563     
   1.9709999999999999        1.0607057554742376     
   1.9769999999999999        1.0663021230426075     
   1.9829999999999999        1.0721994506015937     
   1.9889999999999999        1.0777949142118559     
   1.9949999999999999        1.0835003127915122     
   2.0009999999999999        1.0887377852083553     
   2.0070000000000001        1.0939472262167937     
   2.0130000000000003        1.0998027312930725     
   2.0190000000000001        1.1047061308640627     
   2.0250000000000004        1.1094696780638356     
   2.0310000000000001        1.1142645891560761     
   2.0370000000000004        1.1184905681200474     
   2.0430000000000001        1.1228089549353701     
   2.0490000000000004        1.1277112038980308     
   2.0550000000000002        1.1310046799584428     
   2.0609999999999999        1.1359988889271575     
   2.0670000000000002        1.1382288481817386     
   2.0730000000000000        1.1425497373969742     
   2.0790000000000002        1.1457961780027497     
   2.0850000000000000        1.1491562824459938     
   2.0910000000000002        1.1514111292438280     
   2.0970000000000000        1.1535493267878509     
   2.1030000000000002        1.1558842539633691     
   2.1090000000000000        1.1572921358181056     
   2.1150000000000002        1.1588668564865032     
   2.1210000000000000        1.1601586783743325     
   2.1270000000000002        1.1619996758023337     
   2.1330000000000000        1.1623371757033092     
   2.1390000000000002        1.1628362767162523     
   2.1450000000000000        1.1634104154421363     
   2.1510000000000002        1.1636303598670137     
   2.1570000000000000        1.1631363945711588     
   2.1630000000000003        1.1630363960126138     
   2.1690000000000000        1.1619695502612604     
   2.1750000000000003        1.1609818098850699     
   2.1810000000000000        1.1597023104212731     
   2.1870000000000003        1.1588587857446706     
   2.1930000000000001        1.1571313354332506     
   2.1990000000000003        1.1551299740512917     
   2.2050000000000001        1.1532054259433686     
   2.2110000000000003        1.1515244076994420     
   2.2170000000000001        1.1492287576858773     
   2.2230000000000003        1.1472138830699299     
   2.2290000000000001        1.1450709503505165     
   2.2350000000000003        1.1425130896033890     
   2.2410000000000001        1.1396515846412010     
   2.2470000000000003        1.1361601117426365     
   2.2530000000000001        1.1336309127627757     
   2.2590000000000003        1.1304379230841040     
   2.2650000000000001        1.1274115158614801     
   2.2710000000000004        1.1238171590932113     
   2.2770000000000001        1.1210246741779573     
   2.2830000000000004        1.1173760858932147     
   2.2890000000000001        1.1137618545058374     
   2.2950000000000004        1.1109471176628816     
   2.3010000000000002        1.1076943804102650     
   2.3070000000000004        1.1040478326118539     
   2.3130000000000002        1.1007215954015792     
   2.3190000000000000        1.0969487407151324     
   2.3250000000000002        1.0929858693601029     
   2.3310000000000000        1.0900078183885651     
   2.3370000000000002        1.0860320503152916     
   2.3430000000000000        1.0832323649633053     
   2.3490000000000002        1.0796875429510371     
   2.3550000000000000        1.0762085204237959     
   2.3610000000000002        1.0727014117291491     
   2.3670000000000000        1.0694726808757609     
   2.3730000000000002        1.0658269975208243     
   2.3790000000000000        1.0627853805396905     
   2.3850000000000002        1.0594551073613656     
   2.3910000000000000        1.0571599162925098     
   2.3970000000000002        1.0533536682597511     
   2.4030000000000000        1.0507220111450497     
   2.4090000000000003        1.0472166345735656     
   2.4150000000000000        1.0444697419917257     
   2.4210000000000003        1.0416705301161571     
   2.4270000000000000        1.0389866997038930     
   2.4330000000000003        1.0368330835156405     
   2.4390000000000001        1.0332666297690500     
   2.4450000000000003        1.0311381933962205     
   2.4510000000000001        1.0279712550136255     
   2.4570000000000003        1.0254402114369685     
   2.4630000000000001        1.0231382541640390     
   2.4690000000000003        1.0207078752739509     
   2.4750000000000001        1.0183336670700900     
   2.4810000000000003        1.0161832313815822     
   2.4870000000000001        1.0143776018397079     
   2.4930000000000003        1.0120438890993255     
   2.4990000000000001        1.0101373511323872     
   2.5050000000000003        1.0085178710303551     
   2.5110000000000001        1.0064838073315376     
   2.5170000000000003        1.0052236359243063     
   2.5230000000000001        1.0030943216281516     
   2.5290000000000004        1.0020194589905058     
   2.5350000000000001        1.0005427527432669     
   2.5410000000000004       0.99902457927068289     
   2.5470000000000002       0.99823749689771546     
   2.5530000000000004       0.99703456016798775     
   2.5590000000000002       0.99622515659807165     
   2.5649999999999999       0.99482703138717887     
   2.5710000000000002       0.99433761002092214     
   2.5770000000000000       0.99314718944402425     
   2.5830000000000002       0.99242680623890189     
   2.5890000000000000       0.99154128816431797     
   2.5950000000000002       0.99075037841255786     
   2.6010000000000000       0.99031390423205201     
   2.6070000000000002       0.98947622651965572     
   2.6130000000000000       0.98916069215688085     
   2.6190000000000002       0.98841952591670301     
   2.6250000000000000       0.98785335287604803     
   2.6310000000000002       0.98794611046932268     
   2.6370000000000000       0.98806169908775354     
   2.6430000000000002       0.98753552057105187     
   2.6490000000000000       0.98764167921904722     
   2.6550000000000002       0.98740614141595850     
   2.6610000000000000       0.98748698302373250     
   2.6670000000000003       0.98763721941476312     
   2.6730000000000000       0.98756101956025233     
   2.6790000000000003       0.98785122475997222     
   2.6850000000000001       0.98808710801226762     
   2.6910000000000003       0.98854434779024380     
   2.6970000000000001       0.98905243769029438     
   2.7030000000000003       0.98936904134331716     
   2.7090000000000001       0.98950996261906610     
   2.7150000000000003       0.99006855071153266     
   2.7210000000000001       0.99055916537874578     
   2.7270000000000003       0.99139625589538094     
   2.7330000000000001       0.99148516357970284     
   2.7390000000000003       0.99236238010662425     
   2.7450000000000001       0.99306622863764282     
   2.7510000000000003       0.99408924368158669     
   2.7570000000000001       0.99476790863729170     
   2.7630000000000003       0.99528423207997707     
   2.7690000000000001       0.99608074765522181     
   2.7750000000000004       0.99722370037691199     
   2.7810000000000001       0.99828266710121016     
   2.7870000000000004       0.99849896393727000     
   2.7930000000000001       0.99983116048487375     
   2.7990000000000004        1.0009017612803135     
   2.8050000000000002        1.0023805391284213     
   2.8110000000000004        1.0032288573084738     
   2.8170000000000002        1.0042673481026509     
   2.8230000000000000        1.0051984374567484     
   2.8290000000000002        1.0065231549679614     
   2.8350000000000000        1.0078685084383974     
   2.8410000000000002        1.0083889034021700     
   2.8470000000000000        1.0099199895003721     
   2.8530000000000002        1.0107436080725301     
   2.8590000000000000        1.0121013017623670     
   2.8650000000000002        1.0128886073515995     
   2.8710000000000000        1.0140173995056336     
   2.8770000000000002        1.0147829942927771     
   2.8830000000000000        1.0162072907300406     
   2.8890000000000002        1.0170040723172376     
   2.8950000000000000        1.0182749426052449     
   2.9010000000000002        1.0193640466532476     
   2.9070000000000000        1.0204678637875357     
   2.9130000000000003        1.0210472680969045     
   2.9190000000000000        1.0220481217760808     
   2.9250000000000003        1.0231304720424463     
   2.9310000000000000        1.0241055621831914     
   2.9370000000000003        1.0254820183960227     
   2.9430000000000001        1.0262685675637693     
   2.9490000000000003        1.0275245073088615     
   2.9550000000000001        1.0283374936871319     
   2.9610000000000003        1.0297494913955911     
   2.9670000000000001        1.0304144057041498     
   2.9730000000000003        1.0312117291598510     
   2.9790000000000001        1.0316611548270864     
   2.9850000000000003        1.0328279531644315     
   2.9910000000000001        1.0336736131071498     
   2.9970000000000003        1.0343512636413663     
   3.0030000000000001        1.0354970587122967     
   3.0090000000000003        1.0361151250782850     
   3.0150000000000001        1.0368202624867371     
   3.0210000000000004        1.0375626528616071     
   3.0270000000000001        1.0387911777351826     
   3.0330000000000004        1.0387175147404029     
   3.0390000000000001        1.0395662060321444     
   3.0450000000000004        1.0400389465307514     
   3.0510000000000002        1.0408342889613016     
   3.0570000000000004        1.0411408400836299     
   3.0630000000000002        1.0413685323619648     
   3.0690000000000004        1.0419419967587555     
   3.0750000000000002        1.0420746920024631     
   3.0810000000000000        1.0427578455169264     
   3.0870000000000002        1.0433769227286327     
   3.0930000000000000        1.0433240645050916     
   3.0990000000000002        1.0433473894907690     
   3.1050000000000000        1.0433021684385415     
   3.1110000000000002        1.0441235556778377     
   3.1170000000000000        1.0443184160900334     
   3.1230000000000002        1.0445553154773080     
   3.1290000000000000        1.0442663509536858     
   3.1350000000000002        1.0445433507438051     
   3.1410000000000000        1.0439020848695502     
   3.1470000000000002        1.0443137042491959     
   3.1530000000000000        1.0442016432313070     
   3.1590000000000003        1.0447669170819869     
   3.1650000000000000        1.0441898857098673     
   3.1710000000000003        1.0440475909914193     
   3.1770000000000000        1.0435380893964892     
   3.1830000000000003        1.0430962395215122     
   3.1890000000000001        1.0428688115171716     
   3.1950000000000003        1.0424409188887920     
   3.2010000000000001        1.0424280599182207     
   3.2070000000000003        1.0421049607610204     
   3.2130000000000001        1.0416835121959203     
   3.2190000000000003        1.0413015962201926     
   3.2250000000000001        1.0409047581986597     
   3.2310000000000003        1.0404879018203808     
   3.2370000000000001        1.0399678608849134     
   3.2430000000000003        1.0396825261788385     
   3.2490000000000001        1.0388015784583189     
   3.2550000000000003        1.0385796968154264     
   3.2610000000000001        1.0382078070999132     
   3.2670000000000003        1.0374086007305225     
   3.2730000000000001        1.0366373941717224     
   3.2790000000000004        1.0363050693734819     
   3.2850000000000001        1.0354641883902485     
   3.2910000000000004        1.0348518499293691     
   3.2970000000000002        1.0341294590753942     
   3.3030000000000004        1.0333427123013377     
   3.3090000000000002        1.0333381995743660     
   3.3150000000000004        1.0324373944866077     
   3.3210000000000002        1.0319982192364257     
   3.3270000000000004        1.0312022227092243     
   3.3330000000000002        1.0306088773859035     
   3.3390000000000000        1.0298218580033829     
   3.3450000000000002        1.0292300424230181     
   3.3510000000000000        1.0285695905825032     
   3.3570000000000002        1.0276101804524307     
   3.3630000000000000        1.0271685434734172     
   3.3690000000000002        1.0263218738474469     
   3.3750000000000000        1.0253894027006001     
   3.3810000000000002        1.0250117108924084     
   3.3870000000000000        1.0242305000806902     
   3.3930000000000002        1.0237211269712370     
   3.3990000000000000        1.0228257791842741     
   3.4050000000000002        1.0224242499778227     
   3.4110000000000000        1.0218540242521146     
   3.4170000000000003        1.0208111205673709     
   3.4230000000000000        1.0202267692023916     
   3.4290000000000003        1.0198661903858719     
   3.4350000000000001        1.0189412071534665     
   3.4410000000000003        1.0183281583504618     
   3.4470000000000001        1.0177425349311016     
   3.4530000000000003        1.0173395865810670     
   3.4590000000000001        1.0166430406881890     
   3.4650000000000003        1.0159785719920793     
   3.4710000000000001        1.0155731236915388     
   3.4770000000000003        1.0149483399337926     
   3.4830000000000001        1.0144942720864403     
   3.4890000000000003        1.0144169004739085     
   3.4950000000000001        1.0137481326605116     
   3.5010000000000003        1.0131689153844956     
   3.5070000000000001        1.0126840149185765     
   3.5130000000000003        1.0121907352298889     
   3.5190000000000001        1.0115384572524999     
   3.5250000000000004        1.0114988866100545     
   3.5310000000000001        1.0108853778126745     
   3.5370000000000004        1.0102936704054004     
   3.5430000000000001        1.0097112372147838     
   3.5490000000000004        1.0094848852450493     
   3.5550000000000002        1.0091883495341003     
   3.5610000000000004        1.0089190320869339     
   3.5670000000000002        1.0086981394744254     
   3.5730000000000004        1.0086324251400856     
   3.5790000000000002        1.0082684689924262     
   3.5850000000000004        1.0080011440884344     
   3.5910000000000002        1.0079093142237450     
   3.5970000000000000        1.0074839151021346     
   3.6030000000000002        1.0073568357432179     
   3.6090000000000000        1.0071664364625132     
   3.6150000000000002        1.0070163679732167     
   3.6210000000000000        1.0068791099893710     
   3.6270000000000002        1.0065862643263312     
   3.6330000000000000        1.0067776438547718     
   3.6390000000000002        1.0062861296328671     
   3.6450000000000000        1.0060242022847117     
   3.6510000000000002        1.0063677239671214     
   3.6570000000000000        1.0062106129977564     
   3.6630000000000003        1.0061672660433947     
   3.6690000000000000        1.0061470650173818     
   3.6750000000000003        1.0063720661618147     
   3.6810000000000000        1.0060916757465015     
   3.6870000000000003        1.0065551263131285     
   3.6930000000000001        1.0062728398422687     
   3.6990000000000003        1.0060063834530557     
   3.7050000000000001        1.0064864413366046     
   3.7110000000000003        1.0066384837781717     
   3.7170000000000001        1.0063643199506125     
   3.7230000000000003        1.0063516006644038     
   3.7290000000000001        1.0066667730610857     
   3.7350000000000003        1.0065675991702516     
   3.7410000000000001        1.0064470587409018     
   3.7470000000000003        1.0066273059997801     
   3.7530000000000001        1.0069225670084241     
   3.7590000000000003        1.0066445920905600     
   3.7650000000000001        1.0067401746909108     
   3.7710000000000004        1.0072560525988103     
   3.7770000000000001        1.0076228148512334     
   3.7830000000000004        1.0072742621186515     
   3.7890000000000001        1.0077508359441096     
   3.7950000000000004        1.0077845840427866     
   3.8010000000000002        1.0082022315407582     
   3.8070000000000004        1.0084958966028159     
   3.8130000000000002        1.0085704245257738     
   3.8190000000000004        1.0086465869107766     
   3.8250000000000002        1.0085674547738448     
   3.8310000000000004        1.0089277723006143     
   3.8370000000000002        1.0089285592499142     
   3.8430000000000000        1.0091744807169445     
   3.8490000000000002        1.0095714387882693     
   3.8550000000000000        1.0097907359764684     
   3.8610000000000002        1.0099923723183428     
   3.8670000000000000        1.0101367768340752     
   3.8730000000000002        1.0101027616862470     
   3.8790000000000000        1.0103527659224099     
   3.8850000000000002        1.0101295294851247     
   3.8910000000000000        1.0105267803852649     
   3.8970000000000002        1.0104213983385308     
   3.9030000000000000        1.0110330408959740     
   3.9090000000000003        1.0109350912029882     
   3.9150000000000000        1.0109872050938280     
   3.9210000000000003        1.0113250149382855     
   3.9270000000000000        1.0115473760775902     
   3.9330000000000003        1.0116274017194669     
   3.9390000000000001        1.0116822181222913     
   3.9450000000000003        1.0120218305759534     
   3.9510000000000001        1.0121906787399069     
   3.9570000000000003        1.0121207210829029     
   3.9630000000000001        1.0121274328187990     
   3.9690000000000003        1.0126652116378299     
   3.9750000000000001        1.0126276352532659     
   3.9810000000000003        1.0129866807590497     
   3.9870000000000001        1.0131588849606084     
   3.9930000000000003        1.0132800424930180     
   3.9990000000000001        1.0136564593568869     
   4.0049999999999999        1.0136680985296165     
   4.0110000000000001        1.0135230920785603     
   4.0170000000000003        1.0137982892943349     
   4.0230000000000006        1.0137843266715534     
   4.0289999999999999        1.0138883836973833     
   4.0350000000000001        1.0139884906259200     
   4.0410000000000004        1.0135434553419378     
   4.0470000000000006        1.0139970336309712     
   4.0529999999999999        1.0139707436811927     
   4.0590000000000002        1.0140204734424252     
   4.0650000000000004        1.0142757204999666     
   4.0710000000000006        1.0140466769454830     
   4.0770000000000000        1.0140740811156066     
   4.0830000000000002        1.0139605265625597     
   4.0890000000000004        1.0142740105839529     
   4.0950000000000006        1.0140247670444109     
   4.1010000000000000        1.0139768170968926     
   4.1070000000000002        1.0141510331574857     
   4.1130000000000004        1.0142271629755957     
   4.1189999999999998        1.0141858791943485     
   4.1250000000000000        1.0139799020912079     
   4.1310000000000002        1.0142589509233573     
   4.1370000000000005        1.0141993862947145     
   4.1429999999999998        1.0143083047365888     
   4.1490000000000000        1.0143169677212054     
   4.1550000000000002        1.0143149054846545     
   4.1610000000000005        1.0140450816239908     
   4.1669999999999998        1.0140200546164189     
   4.1730000000000000        1.0136980482002353     
   4.1790000000000003        1.0138854474895416     
   4.1850000000000005        1.0136433441554837     
   4.1909999999999998        1.0134102297313086     
   4.1970000000000001        1.0134979029590443     
   4.2030000000000003        1.0132759826808788     
   4.2090000000000005        1.0132196766156323     
   4.2149999999999999        1.0129938613986296     
   4.2210000000000001        1.0131486841636412     
   4.2270000000000003        1.0128107330025176     
   4.2330000000000005        1.0128817860083468     
   4.2389999999999999        1.0125695131007730     
   4.2450000000000001        1.0125695567112669     
   4.2510000000000003        1.0125814349999287     
   4.2570000000000006        1.0122404209993501     
   4.2629999999999999        1.0119157830514753     
   4.2690000000000001        1.0117264256742224     
   4.2750000000000004        1.0115995845523098     
   4.2810000000000006        1.0115467951588835     
   4.2869999999999999        1.0115163444711697     
   4.2930000000000001        1.0112802785208221     
   4.2990000000000004        1.0109310081298444     
   4.3050000000000006        1.0108090238027638     
   4.3109999999999999        1.0106007606831839     
   4.3170000000000002        1.0105544133680469     
   4.3230000000000004        1.0104548418658355     
   4.3290000000000006        1.0105758851646525     
   4.3350000000000000        1.0098146207891243     
   4.3410000000000002        1.0099595606331420     
   4.3470000000000004        1.0098873063386129     
   4.3530000000000006        1.0095948497952649     
   4.3590000000000000        1.0092557064325336     
   4.3650000000000002        1.0089939487634472     
   4.3710000000000004        1.0088497745159482     
   4.3769999999999998        1.0086001912381002     
   4.3830000000000000        1.0084659512567504     
   4.3890000000000002        1.0082406451840444     
   4.3950000000000005        1.0080028005756425     
   4.4009999999999998        1.0078014630797043     
   4.4070000000000000        1.0078273416507735     
   4.4130000000000003        1.0074038462418706     
   4.4190000000000005        1.0075340426966728     
   4.4249999999999998        1.0072227469782200     
   4.4310000000000000        1.0073077059617102     
   4.4370000000000003        1.0073021367541615     
   4.4430000000000005        1.0069390816643533     
   4.4489999999999998        1.0065437748233794     
   4.4550000000000001        1.0064746291170874     
   4.4610000000000003        1.0061241998672130     
   4.4670000000000005        1.0061612421156354     
   4.4729999999999999        1.0057538242075339     
   4.4790000000000001        1.0055887848373535     
   4.4850000000000003        1.0056335776396415     
   4.4910000000000005        1.0053458702581908     
   4.4969999999999999        1.0052119513108464     
   4.5030000000000001        1.0050441313872818     
   4.5090000000000003        1.0047896027064707     
   4.5150000000000006        1.0047420226650208     
   4.5209999999999999        1.0047229007044680     
   4.5270000000000001        1.0046808075631464     
   4.5330000000000004        1.0044628110623124     
   4.5390000000000006        1.0043870347264134     
   4.5449999999999999        1.0044389039550754     
   4.5510000000000002        1.0040208726487914     
   4.5570000000000004        1.0039774528567909     
   4.5630000000000006        1.0038733931067416     
   4.5690000000000000        1.0038376794105390     
   4.5750000000000002        1.0037978479490288     
   4.5810000000000004        1.0038130305435777     
   4.5870000000000006        1.0036177572061178     
   4.5930000000000000        1.0034699658537687     
   4.5990000000000002        1.0036751025473087     
   4.6050000000000004        1.0032113717469606     
   4.6110000000000007        1.0031651887758801     
   4.6170000000000000        1.0031510831057711     
   4.6230000000000002        1.0030259377628477     
   4.6290000000000004        1.0029036500954767     
   4.6349999999999998        1.0030814911591022     
   4.6410000000000000        1.0029924004286661     
   4.6470000000000002        1.0029338027144032     
   4.6530000000000005        1.0029434113079847     
   4.6589999999999998        1.0027726682026221     
   4.6650000000000000        1.0028575849357226     
   4.6710000000000003        1.0026790930911349     
   4.6770000000000005        1.0025128854400867     
   4.6829999999999998        1.0025024585340447     
   4.6890000000000001        1.0025621954060291     
   4.6950000000000003        1.0024798749045933     
   4.7010000000000005        1.0021970278021062     
   4.7069999999999999        1.0022473688139961     
   4.7130000000000001        1.0025440581513239     
   4.7190000000000003        1.0024357814913107     
   4.7250000000000005        1.0025367027523200     
   4.7309999999999999        1.0021779523366119     
   4.7370000000000001        1.0022782535743056     
   4.7430000000000003        1.0023499457542542     
   4.7490000000000006        1.0022641129397545     
   4.7549999999999999        1.0023725026349062     
   4.7610000000000001        1.0024223800390781     
   4.7670000000000003        1.0021724499752791     
   4.7730000000000006        1.0021973683788286     
   4.7789999999999999        1.0020889701219191     
   4.7850000000000001        1.0022251735865995     
   4.7910000000000004        1.0022172165644216     
   4.7970000000000006        1.0021449469619024     
   4.8029999999999999        1.0021462431241952     
   4.8090000000000002        1.0022291278729298     
   4.8150000000000004        1.0022669911825259     
   4.8210000000000006        1.0022108932651426     
   4.8270000000000000        1.0022696080629305     
   4.8330000000000002        1.0021921674026983     
   4.8390000000000004        1.0023883271036791     
   4.8450000000000006        1.0026271740589505     
   4.8510000000000000        1.0024298269032710     
   4.8570000000000002        1.0024807265675630     
   4.8630000000000004        1.0023418785315352     
   4.8689999999999998        1.0024121060067555     
   4.8750000000000000        1.0023979759924102     
   4.8810000000000002        1.0025824075083880     
   4.8870000000000005        1.0024434823051422     
   4.8929999999999998        1.0024514811080369     
   4.8990000000000000        1.0026389826328383     
   4.9050000000000002        1.0023108677265054     
   4.9110000000000005        1.0026307384417776     
   4.9169999999999998        1.0026398263899825     
   4.9230000000000000        1.0025886054560338     
   4.9290000000000003        1.0027846677381744     
   4.9350000000000005        1.0023051137671339     
   4.9409999999999998        1.0023540785953937     
   4.9470000000000001        1.0024994167797117     
   4.9530000000000003        1.0024184163286423     
   4.9590000000000005        1.0024676727280326     
   4.9649999999999999        1.0024654348656723     
   4.9710000000000001        1.0025167455865449     
   4.9770000000000003        1.0025370006504963     
   4.9830000000000005        1.0023340706795361     
   4.9889999999999999        1.0026240521876104     
   4.9950000000000001        1.0025865634512858     
   5.0010000000000003        1.0026160880712751     
   5.0070000000000006        1.0026990630448156     
   5.0129999999999999        1.0026000977131209     
   5.0190000000000001        1.0027613829713620     
   5.0250000000000004        1.0027599670727236     
   5.0310000000000006        1.0027695613619592     
   5.0369999999999999        1.0027841388692735     
   5.0430000000000001        1.0026074851347544     
   5.0490000000000004        1.0026343778560369     
   5.0550000000000006        1.0024640678117371     
   5.0609999999999999        1.0025122366138957     
   5.0670000000000002        1.0026118134903343     
   5.0730000000000004        1.0024946144335594     
   5.0790000000000006        1.0027059842818380     
   5.0850000000000000        1.0026067713271745     
   5.0910000000000002        1.0028326464435808     
   5.0970000000000004        1.0027803854456907     
   5.1030000000000006        1.0024874048608450     
   5.1090000000000000        1.0027230337722113     
   5.1150000000000002        1.0024779680203861     
   5.1210000000000004        1.0024456310726004     
   5.1269999999999998        1.0025308232313344     
   5.1330000000000000        1.0022526255421214     
   5.1390000000000002        1.0022100481515903     
   5.1450000000000005        1.0021234786087194     
   5.1509999999999998        1.0021368947284812     
   5.1570000000000000        1.0021121578905379     
   5.1630000000000003        1.0022978233449238     
   5.1690000000000005        1.0018909502936137     
   5.1749999999999998        1.0018826991900847     
   5.1810000000000000        1.0020010655267484     
   5.1870000000000003        1.0017623161468208     
   5.1930000000000005        1.0015117020654214     
   5.1989999999999998        1.0015870072374431     
   5.2050000000000001        1.0015923096683883     
   5.2110000000000003        1.0012939769937581     
   5.2170000000000005        1.0015834526568719     
   5.2229999999999999        1.0015182742550193     
   5.2290000000000001        1.0014581317625908     
   5.2350000000000003        1.0015266324700089     
   5.2410000000000005        1.0014222970009208     
   5.2469999999999999        1.0013411959804315     
   5.2530000000000001        1.0012679887318821     
   5.2590000000000003        1.0009870862461099     
   5.2650000000000006        1.0011761337563494     
   5.2709999999999999        1.0011268488901521     
   5.2770000000000001        1.0009490811344033     
   5.2830000000000004        1.0009120432026537     
   5.2890000000000006        1.0007876282495869     
   5.2949999999999999        1.0005483542593396     
   5.3010000000000002        1.0006254712360116     
   5.3070000000000004        1.0006472429657500     
   5.3130000000000006        1.0007285716297913     
   5.3190000000000000        1.0004922074250078     
   5.3250000000000002        1.0004157272459622     
   5.3310000000000004        1.0003330764219265     
   5.3370000000000006        1.0001716410047679     
   5.3430000000000000        1.0000723838661927     
   5.3490000000000002       0.99989931529993381     
   5.3550000000000004       0.99986970546528897     
   5.3610000000000007       0.99988429835903059     
   5.3670000000000000       0.99993256462506785     
   5.3730000000000002        1.0000626050738568     
   5.3790000000000004       0.99962761059298522     
   5.3849999999999998       0.99967406310667395     
   5.3910000000000000       0.99978139392877863     
   5.3970000000000002       0.99981410442545993     
   5.4030000000000005       0.99974588382445195     
   5.4089999999999998       0.99956692910532940     
   5.4150000000000000       0.99965866620878796     
   5.4210000000000003       0.99962070947439052     
   5.4270000000000005       0.99957618747204768     
   5.4329999999999998       0.99949432128194871     
   5.4390000000000001       0.99922778761192044     
   5.4450000000000003       0.99914891229945224     
   5.4510000000000005       0.99899521056777818     
   5.4569999999999999       0.99931075698440652     
   5.4630000000000001       0.99903987200601452     
   5.4690000000000003       0.99899219647078075     
   5.4750000000000005       0.99908197825926759     
   5.4809999999999999       0.99877293274159740     
   5.4870000000000001       0.99890073836750082     
   5.4930000000000003       0.99856270306963113     
   5.4990000000000006       0.99855943987488793     
   5.5049999999999999       0.99871620943186690     
   5.5110000000000001       0.99854595547922098     
   5.5170000000000003       0.99849770375052804     
   5.5230000000000006       0.99848152428974590     
   5.5289999999999999       0.99851920819260098     
   5.5350000000000001       0.99838150676428661     
   5.5410000000000004       0.99847852199759846     
   5.5470000000000006       0.99843101117351640     
   5.5529999999999999       0.99835341428808511     
   5.5590000000000002       0.99825888652789163     
   5.5650000000000004       0.99796584210125050     
   5.5710000000000006       0.99820619959122514     
   5.5770000000000000       0.99799969678271971     
   5.5830000000000002       0.99800797876184566     
   5.5890000000000004       0.99784301595766389     
   5.5950000000000006       0.99791180164672011     
   5.6010000000000000       0.99786857139565255     
   5.6070000000000002       0.99806942061777859     
   5.6130000000000004       0.99787643600091414     
   5.6190000000000007       0.99790563370122076     
   5.6250000000000000       0.99776565078322577     
   5.6310000000000002       0.99779008908556999     
   5.6370000000000005       0.99783679008330040     
   5.6429999999999998       0.99784707915087278     
   5.6490000000000000       0.99756149085531931     
   5.6550000000000002       0.99754327910659679     
   5.6610000000000005       0.99751828035386114     
   5.6669999999999998       0.99738991026327106     
   5.6730000000000000       0.99724071182216578     
   5.6790000000000003       0.99723735328337082     
   5.6850000000000005       0.99737597390441590     
   5.6909999999999998       0.99742835440879796     
   5.6970000000000001       0.99713713275773153     
   5.7030000000000003       0.99737106143632437     
   5.7090000000000005       0.99720412673997960     
   5.7149999999999999       0.99728048724438567     
   5.7210000000000001       0.99737856281140713     
   5.7270000000000003       0.99703888755003123     
   5.7330000000000005       0.99723476372264863     
   5.7389999999999999       0.99704902356466807     
   5.7450000000000001       0.99731657854197664     
   5.7510000000000003       0.99703539367512783     
   5.7570000000000006       0.99725031706604128     
   5.7629999999999999       0.99709496848135581     
   5.7690000000000001       0.99710014397455882     
   5.7750000000000004       0.99683670368366184     
   5.7810000000000006       0.99710222029451012     
   5.7869999999999999       0.99698268572132764     
   5.7930000000000001       0.99705324264742690     
   5.7990000000000004       0.99686502022237056     
   5.8050000000000006       0.99704830305278713     
   5.8109999999999999       0.99703687962353094     
   5.8170000000000002       0.99699059890737796     
   5.8230000000000004       0.99719035380256404     
   5.8290000000000006       0.99715003483807785     
   5.8350000000000000       0.99707070518797725     
   5.8410000000000002       0.99718305937970753     
   5.8470000000000004       0.99713629829680828     
   5.8530000000000006       0.99707397730219083     
   5.8590000000000000       0.99705865448322228     
   5.8650000000000002       0.99677727031972974     
   5.8710000000000004       0.99686336288900312     
   5.8770000000000007       0.99698126996872316     
   5.8830000000000000       0.99706697779460318     
   5.8890000000000002       0.99703886024770849     
   5.8950000000000005       0.99693093010484823     
   5.9009999999999998       0.99702928529316381     
   5.9070000000000000       0.99703409939608190     
   5.9130000000000003       0.99687504974248864     
   5.9190000000000005       0.99683283297407377     
   5.9249999999999998       0.99707015335561155     
   5.9310000000000000       0.99698840980008230     
   5.9370000000000003       0.99696237330214121     
   5.9430000000000005       0.99701893736714509     
   5.9489999999999998       0.99697574721817894     
   5.9550000000000001       0.99686570907714622     
   5.9610000000000003       0.99699686658472619     
   5.9670000000000005       0.99702306278820185     
   5.9729999999999999       0.99708991694664328     
   5.9790000000000001       0.99690032727869071     
   5.9850000000000003       0.99698083658320202     
   5.9910000000000005       0.99697408935417919     
   5.9969999999999999       0.99694261374085114     
