   2.4662120743304699E-003   0.0000000000000000     
   7.3986362229914102E-003   0.0000000000000000     
   1.2331060371652349E-002   0.0000000000000000     
   1.7263484520313292E-002   0.0000000000000000     
   2.2195908668974230E-002   0.0000000000000000     
   2.7128332817635169E-002   0.0000000000000000     
   3.2060756966296108E-002   0.0000000000000000     
   3.6993181114957044E-002   0.0000000000000000     
   4.1925605263617986E-002   0.0000000000000000     
   4.6858029412278929E-002   0.0000000000000000     
   5.1790453560939864E-002   0.0000000000000000     
   5.6722877709600807E-002   0.0000000000000000     
   6.1655301858261749E-002   0.0000000000000000     
   6.6587726006922685E-002   0.0000000000000000     
   7.1520150155583620E-002   0.0000000000000000     
   7.6452574304244569E-002   0.0000000000000000     
   8.1384998452905505E-002   0.0000000000000000     
   8.6317422601566440E-002   0.0000000000000000     
   9.1249846750227390E-002   0.0000000000000000     
   9.6182270898888325E-002   0.0000000000000000     
  0.10111469504754926        0.0000000000000000     
  0.10604711919621021        0.0000000000000000     
  0.11097954334487115        0.0000000000000000     
  0.11591196749353208        0.0000000000000000     
  0.12084439164219303        0.0000000000000000     
  0.12577681579085398        0.0000000000000000     
  0.13070923993951492        0.0000000000000000     
  0.13564166408817585        0.0000000000000000     
  0.14057408823683679        0.0000000000000000     
  0.14550651238549775        0.0000000000000000     
  0.15043893653415868        0.0000000000000000     
  0.15537136068281962        0.0000000000000000     
  0.16030378483148056        0.0000000000000000     
  0.16523620898014149        0.0000000000000000     
  0.17016863312880243        0.0000000000000000     
  0.17510105727746336        0.0000000000000000     
  0.18003348142612433        0.0000000000000000     
  0.18496590557478526        0.0000000000000000     
  0.18989832972344620        0.0000000000000000     
  0.19483075387210713        0.0000000000000000     
  0.19976317802076807        0.0000000000000000     
  0.20469560216942900        0.0000000000000000     
  0.20962802631808997        0.0000000000000000     
  0.21456045046675090        0.0000000000000000     
  0.21949287461541184        0.0000000000000000     
  0.22442529876407277        0.0000000000000000     
  0.22935772291273371        0.0000000000000000     
  0.23429014706139464        0.0000000000000000     
  0.23922257121005561        0.0000000000000000     
  0.24415499535871654        0.0000000000000000     
  0.24908741950737748        0.0000000000000000     
  0.25401984365603836        0.0000000000000000     
  0.25895226780469932        0.0000000000000000     
  0.26388469195336028        0.0000000000000000     
  0.26881711610202119        0.0000000000000000     
  0.27374954025068216        0.0000000000000000     
  0.27868196439934306        0.0000000000000000     
  0.28361438854800403        0.0000000000000000     
  0.28854681269666499        0.0000000000000000     
  0.29347923684532590        0.0000000000000000     
  0.29841166099398686        0.0000000000000000     
  0.30334408514264777        0.0000000000000000     
  0.30827650929130873        0.0000000000000000     
  0.31320893343996964        0.0000000000000000     
  0.31814135758863060        0.0000000000000000     
  0.32307378173729157        0.0000000000000000     
  0.32800620588595247        0.0000000000000000     
  0.33293863003461344        0.0000000000000000     
  0.33787105418327434        0.0000000000000000     
  0.34280347833193531        0.0000000000000000     
  0.34773590248059622        0.0000000000000000     
  0.35266832662925718        0.0000000000000000     
  0.35760075077791814        0.0000000000000000     
  0.36253317492657905        0.0000000000000000     
  0.36746559907524001        0.0000000000000000     
  0.37239802322390092        0.0000000000000000     
  0.37733044737256188        0.0000000000000000     
  0.38226287152122285        0.0000000000000000     
  0.38719529566988375        0.0000000000000000     
  0.39212771981854472        0.0000000000000000     
  0.39706014396720563        0.0000000000000000     
  0.40199256811586659        0.0000000000000000     
  0.40692499226452750        0.0000000000000000     
  0.41185741641318846        0.0000000000000000     
  0.41678984056184942        0.0000000000000000     
  0.42172226471051033        0.0000000000000000     
  0.42665468885917129        0.0000000000000000     
  0.43158711300783220        0.0000000000000000     
  0.43651953715649316        0.0000000000000000     
  0.44145196130515407        0.0000000000000000     
  0.44638438545381504        0.0000000000000000     
  0.45131680960247600        0.0000000000000000     
  0.45624923375113691        0.0000000000000000     
  0.46118165789979787        0.0000000000000000     
  0.46611408204845878        0.0000000000000000     
  0.47104650619711974        0.0000000000000000     
  0.47597893034578070        0.0000000000000000     
  0.48091135449444161        0.0000000000000000     
  0.48584377864310258        0.0000000000000000     
  0.49077620279176348        0.0000000000000000     
  0.49570862694042445        0.0000000000000000     
  0.50064105108908541        0.0000000000000000     
  0.50557347523774632        0.0000000000000000     
  0.51050589938640734        0.0000000000000000     
  0.51543832353506824        0.0000000000000000     
  0.52037074768372915        0.0000000000000000     
  0.52530317183239017        0.0000000000000000     
  0.53023559598105108        0.0000000000000000     
  0.53516802012971199        0.0000000000000000     
  0.54010044427837300        0.0000000000000000     
  0.54503286842703391        0.0000000000000000     
  0.54996529257569482        0.0000000000000000     
  0.55489771672435573        0.0000000000000000     
  0.55983014087301675        0.0000000000000000     
  0.56476256502167765        0.0000000000000000     
  0.56969498917033856        0.0000000000000000     
  0.57462741331899958        0.0000000000000000     
  0.57955983746766049        0.0000000000000000     
  0.58449226161632140        0.0000000000000000     
  0.58942468576498230        0.0000000000000000     
  0.59435710991364332        0.0000000000000000     
  0.59928953406230423        0.0000000000000000     
  0.60422195821096514        0.0000000000000000     
  0.60915438235962616        0.0000000000000000     
  0.61408680650828706        0.0000000000000000     
  0.61901923065694797        0.0000000000000000     
  0.62395165480560888        0.0000000000000000     
  0.62888407895426990        0.0000000000000000     
  0.63381650310293081        0.0000000000000000     
  0.63874892725159171        0.0000000000000000     
  0.64368135140025273        0.0000000000000000     
  0.64861377554891364        0.0000000000000000     
  0.65354619969757455        0.0000000000000000     
  0.65847862384623546        0.0000000000000000     
  0.66341104799489647        0.0000000000000000     
  0.66834347214355738        0.0000000000000000     
  0.67327589629221829        0.0000000000000000     
  0.67820832044087931        0.0000000000000000     
  0.68314074458954022        0.0000000000000000     
  0.68807316873820112        0.0000000000000000     
  0.69300559288686203        0.0000000000000000     
  0.69793801703552305        0.0000000000000000     
  0.70287044118418396        0.0000000000000000     
  0.70780286533284487        0.0000000000000000     
  0.71273528948150588        0.0000000000000000     
  0.71766771363016679        0.0000000000000000     
  0.72260013777882770        0.0000000000000000     
  0.72753256192748861        0.0000000000000000     
  0.73246498607614963        0.0000000000000000     
  0.73739741022481053        0.0000000000000000     
  0.74232983437347144        0.0000000000000000     
  0.74726225852213246        0.0000000000000000     
  0.75219468267079337        0.0000000000000000     
  0.75712710681945428        0.0000000000000000     
  0.76205953096811530        0.0000000000000000     
  0.76699195511677620        0.0000000000000000     
  0.77192437926543711        0.0000000000000000     
  0.77685680341409802        0.0000000000000000     
  0.78178922756275904        0.0000000000000000     
  0.78672165171141994        0.0000000000000000     
  0.79165407586008085        0.0000000000000000     
  0.79658650000874187        0.0000000000000000     
  0.80151892415740278        0.0000000000000000     
  0.80645134830606369        0.0000000000000000     
  0.81138377245472459        0.0000000000000000     
  0.81631619660338561        0.0000000000000000     
  0.82124862075204652        0.0000000000000000     
  0.82618104490070743        0.0000000000000000     
  0.83111346904936845        0.0000000000000000     
  0.83604589319802936        0.0000000000000000     
  0.84097831734669026        0.0000000000000000     
  0.84591074149535117        0.0000000000000000     
  0.85084316564401219        0.0000000000000000     
  0.85577558979267310        0.0000000000000000     
  0.86070801394133400        0.0000000000000000     
  0.86564043808999502        0.0000000000000000     
  0.87057286223865593        0.0000000000000000     
  0.87550528638731684        0.0000000000000000     
  0.88043771053597775        0.0000000000000000     
  0.88537013468463877        0.0000000000000000     
  0.89030255883329967        0.0000000000000000     
  0.89523498298196058        0.0000000000000000     
  0.90016740713062160        0.0000000000000000     
  0.90509983127928251        0.0000000000000000     
  0.91003225542794342        0.0000000000000000     
  0.91496467957660432        0.0000000000000000     
  0.91989710372526534        0.0000000000000000     
  0.92482952787392625        0.0000000000000000     
  0.92976195202258716        7.2086362570409606E-007
  0.93469437617124818        4.0418953951850874E-006
  0.93962680031990908        1.2233985773001467E-005
  0.94455922446856999        3.3991466127174857E-005
  0.94949164861723101        9.3314291643706900E-005
  0.95442407276589192        2.5106143016967328E-004
  0.95935649691455283        5.7844759927285264E-004
  0.96428892106321373        1.2963243682768395E-003
  0.96922134521187475        2.6563238102073707E-003
  0.97415376936053566        5.2515428053593223E-003
  0.97908619350919657        9.8057545847259012E-003
  0.98401861765785759        1.7336048155265470E-002
  0.98895104180651849        2.9338580303795696E-002
  0.99388346595517940        4.7899991233433192E-002
  0.99881589010384031        7.4502019426816252E-002
   1.0037483142525012       0.11300085355871967     
   1.0086807384011620       0.16529247308664791     
   1.0136131625498230       0.23411049456246336     
   1.0185455866984841       0.32218492504074514     
   1.0234780108471448       0.43117600675660667     
   1.0284104349958059       0.56323328727506106     
   1.0333428591444669       0.71841329814336885     
   1.0382752832931277       0.89754340373871000     
   1.0432077074417887        1.0979872657728826     
   1.0481401315904497        1.3183186385148105     
   1.0530725557391105        1.5576725841192378     
   1.0580049798877715        1.8098293539375563     
   1.0629374040364326        2.0697034068525548     
   1.0678698281850934        2.3387890215842573     
   1.0728022523337544        2.6049966634718764     
   1.0777346764824154        2.8683967578376843     
   1.0826671006310762        3.1218435301423093     
   1.0875995247797372        3.3662959105634647     
   1.0925319489283980        3.5905142173392108     
   1.0974643730770590        3.7969070458890686     
   1.1023967972257200        3.9833233145410296     
   1.1073292213743808        4.1416536056048843     
   1.1122616455230419        4.2749035508819917     
   1.1171940696717029        4.3833172933395970     
   1.1221264938203637        4.4648333117579124     
   1.1270589179690247        4.5198614805069015     
   1.1319913421176857        4.5491950230777629     
   1.1369237662663465        4.5543315518932950     
   1.1418561904150075        4.5351871672125288     
   1.1467886145636685        4.4959990986056919     
   1.1517210387123293        4.4352510851538831     
   1.1566534628609904        4.3545578495851771     
   1.1615858870096512        4.2591527703676855     
   1.1665183111583122        4.1489469483364125     
   1.1714507353069732        4.0266543879384731     
   1.1763831594556340        3.8935434243573694     
   1.1813155836042950        3.7530850436175114     
   1.1862480077529560        3.6050726971318121     
   1.1911804319016168        3.4538506084862912     
   1.1961128560502778        3.2985704244633376     
   1.2010452801989389        3.1395403380055393     
   1.2059777043475997        2.9805398825770748     
   1.2109101284962607        2.8214966203136185     
   1.2158425526449217        2.6645188499433168     
   1.2207749767935825        2.5098422993045086     
   1.2257074009422435        2.3589223478541523     
   1.2306398250909043        2.2105874605805962     
   1.2355722492395653        2.0677006582204882     
   1.2405046733882263        1.9289346886344465     
   1.2454370975368871        1.7964554613340404     
   1.2503695216855482        1.6693701171185471     
   1.2553019458342092        1.5477262836856027     
   1.2602343699828700        1.4304147598214110     
   1.2651667941315310        1.3219610893222562     
   1.2700992182801920        1.2180460381393583     
   1.2750316424288528        1.1199748341668074     
   1.2799640665775138        1.0276245414153813     
   1.2848964907261748       0.94069692747471612     
   1.2898289148748356       0.86028277681508925     
   1.2947613390234967       0.78442433628074315     
   1.2996937631721577       0.71410861479154375     
   1.3046261873208185       0.64898596685352716     
   1.3095586114694795       0.58785283432894364     
   1.3144910356181403       0.53216286451691852     
   1.3194234597668013       0.48144542370386095     
   1.3243558839154623       0.43494416644714867     
   1.3292883080641231       0.39239408180536084     
   1.3342207322127841       0.35294230616644051     
   1.3391531563614452       0.31752784385371130     
   1.3440855805101060       0.28535767927346822     
   1.3490180046587670       0.25647592479487885     
   1.3539504288074280       0.23051924102531671     
   1.3588828529560888       0.20709886601244670     
   1.3638152771047498       0.18649547903245514     
   1.3687477012534108       0.16826227012219339     
   1.3736801254020716       0.15202677970216547     
   1.3786125495507326       0.13834412012215344     
   1.3835449736993934       0.12604896011047270     
   1.3884773978480545       0.11616667130235583     
   1.3934098219967155       0.10767100833308954     
   1.3983422461453763       0.10100157172915061     
   1.4032746702940373        9.5797866017799355E-002
   1.4082070944426983        9.2229385801986113E-002
   1.4131395185913591        8.9876109183908745E-002
   1.4180719427400201        8.8962436069540157E-002
   1.4230043668886811        8.9565023918998635E-002
   1.4279367910373419        9.1259440420160376E-002
   1.4328692151860030        9.4476080588607639E-002
   1.4378016393346640        9.8772082236081568E-002
   1.4427340634833248       0.10413868885520457     
   1.4476664876319858       0.11104238868778671     
   1.4525989117806466       0.11895519838318640     
   1.4575313359293076       0.12854610877828723     
   1.4624637600779686       0.13939365831042738     
   1.4673961842266294       0.15122850780977370     
   1.4723286083752904       0.16447875477798143     
   1.4772610325239515       0.17889799588581984     
   1.4821934566726123       0.19433932137106982     
   1.4871258808212733       0.21117051002310860     
   1.4920583049699343       0.22978215301447277     
   1.4969907291185951       0.24920600507258858     
   1.5019231532672561       0.27023945235610197     
   1.5068555774159171       0.29203293969626321     
   1.5117880015645779       0.31502878652661648     
   1.5167204257132390       0.33958350434397860     
   1.5216528498619000       0.36456031618928220     
   1.5265852740105608       0.39106277381752114     
   1.5315176981592218       0.41828057130546897     
   1.5364501223078826       0.44596672061491038     
   1.5413825464565436       0.47433709988778894     
   1.5463149706052046       0.50321987982290250     
   1.5512473947538654       0.53200365202846933     
   1.5561798189025264       0.56086516442610146     
   1.5611122430511875       0.59053286164783791     
   1.5660446671998483       0.61889830841039439     
   1.5709770913485093       0.64759930375509356     
   1.5759095154971703       0.67541669953112271     
   1.5808419396458311       0.70227382133234462     
   1.5857743637944921       0.72789626939775309     
   1.5907067879431531       0.75197608013101347     
   1.5956392120918139       0.77471477905966457     
   1.6005716362404749       0.79527717298946854     
   1.6055040603891357       0.81372902470386865     
   1.6104364845377968       0.83079108663804468     
   1.6153689086864578       0.84496230594558319     
   1.6203013328351186       0.85724183333912118     
   1.6252337569837796       0.86634998920924822     
   1.6301661811324406       0.87353177211312916     
   1.6350986052811014       0.87802653231393080     
   1.6400310294297624       0.87921628479435043     
   1.6449634535784234       0.87812087300027764     
   1.6498958777270842       0.87422648748309850     
   1.6548283018757453       0.86762723849364332     
   1.6597607260244063       0.85850442447248554     
   1.6646931501730671       0.84617543991601096     
   1.6696255743217281       0.83201446932185430     
   1.6745579984703889       0.81499668268769798     
   1.6794904226190499       0.79687706371387812     
   1.6844228467677109       0.77635597790079225     
   1.6893552709163717       0.75393795430033161     
   1.6942876950650327       0.72960314149374417     
   1.6992201192136938       0.70407268562637015     
   1.7041525433623546       0.67798265899862098     
   1.7090849675110156       0.65082581282031837     
   1.7140173916596766       0.62268999573224959     
   1.7189498158083374       0.59483900936804834     
   1.7238822399569984       0.56668717763457999     
   1.7288146641056594       0.53907561823037975     
   1.7337470882543202       0.51106662259290003     
   1.7386795124029812       0.48346713319903528     
   1.7436119365516423       0.45722030812027875     
   1.7485443607003031       0.43191068954571599     
   1.7534767848489641       0.40807709468054293     
   1.7584092089976249       0.38564196625800917     
   1.7633416331462859       0.36443521454637740     
   1.7682740572949469       0.34580479220244797     
   1.7732064814436077       0.32872011401274515     
   1.7781389055922687       0.31391876146571834     
   1.7830713297409297       0.30148689365775094     
   1.7880037538895905       0.29229026397835556     
   1.7929361780382516       0.28501930922856028     
   1.7978686021869126       0.28131124727115242     
   1.8028010263355734       0.28045462715439656     
   1.8077334504842344       0.28299693378528840     
   1.8126658746328954       0.28898374719039321     
   1.8175982987815562       0.29868583581799646     
   1.8225307229302172       0.31252458736026489     
   1.8274631470788780       0.33000711655593989     
   1.8323955712275390       0.35200578434571983     
   1.8373279953762001       0.37815657247706796     
   1.8422604195248609       0.40904606316583331     
   1.8471928436735219       0.44459944929101552     
   1.8521252678221829       0.48437634273980729     
   1.8570576919708437       0.52941182792951014     
   1.8619901161195047       0.57927889674760336     
   1.8669225402681657       0.63345547496814603     
   1.8718549644168265       0.69280396538798750     
   1.8767873885654875       0.75621155482659907     
   1.8817198127141486       0.82390283511807316     
   1.8866522368628094       0.89616891956758682     
   1.8915846610114704       0.97089633804828568     
   1.8965170851601314        1.0505271680469044     
   1.9014495093087922        1.1332956648620762     
   1.9063819334574532        1.2180076788036289     
   1.9113143576061140        1.3040172883191918     
   1.9162467817547750        1.3921472605409493     
   1.9211792059034360        1.4815066504008547     
   1.9261116300520968        1.5702789694258994     
   1.9310440542007579        1.6592227771092638     
   1.9359764783494189        1.7458904717902377     
   1.9409089024980797        1.8304429575376797     
   1.9458413266467407        1.9128157046990408     
   1.9507737507954017        1.9912412212329018     
   1.9557061749440625        2.0658209323898613     
   1.9606385990927235        2.1347690014512724     
   1.9655710232413846        2.1989058649534030     
   1.9705034473900453        2.2566169358660266     
   1.9754358715387064        2.3071154431871794     
   1.9803682956873672        2.3507826216693943     
   1.9853007198360282        2.3855054215704912     
   1.9902331439846892        2.4138714968520998     
   1.9951655681333500        2.4339321904818636     
   2.0000979922820110        2.4463752374744820     
   2.0050304164306723        2.4506742969953836     
   2.0099628405793331        2.4459545511262668     
   2.0148952647279939        2.4327918513511677     
   2.0198276888766551        2.4119791003529052     
   2.0247601130253159        2.3837083993993446     
   2.0296925371739767        2.3479689422469194     
   2.0346249613226379        2.3061387633290495     
   2.0395573854712987        2.2564583977871560     
   2.0444898096199595        2.2017128759384197     
   2.0494222337686208        2.1417625904269437     
   2.0543546579172816        2.0764177577648555     
   2.0592870820659424        2.0083914771244893     
   2.0642195062146036        1.9358434101125033     
   2.0691519303632644        1.8603392999787629     
   2.0740843545119252        1.7840096062331590     
   2.0790167786605864        1.7053957538954130     
   2.0839492028092472        1.6267782389122234     
   2.0888816269579080        1.5474636691644750     
   2.0938140511065693        1.4685120394091054     
   2.0987464752552301        1.3906902977893214     
   2.1036788994038909        1.3142173702857016     
   2.1086113235525521        1.2408610124669379     
   2.1135437477012129        1.1693330957262826     
   2.1184761718498737        1.1007198694493148     
   2.1234085959985349        1.0358125004959324     
   2.1283410201471957       0.97410560262730439     
   2.1332734442958565       0.91665665475188518     
   2.1382058684445178       0.86341548566243176     
   2.1431382925931786       0.81442673404769039     
   2.1480707167418394       0.77055956989035967     
   2.1530031408905006       0.73135500050447810     
   2.1579355650391614       0.69630896904546169     
   2.1628679891878222       0.66704968368294992     
   2.1678004133364830       0.64198488899534367     
   2.1727328374851442       0.62199551342958848     
   2.1776652616338050       0.60674991868528916     
   2.1825976857824658       0.59532620503368805     
   2.1875301099311271       0.58876667741883726     
   2.1924625340797879       0.58551867237792088     
   2.1973949582284487       0.58632568803352614     
   2.2023273823771099       0.59092624069074284     
   2.2072598065257707       0.59929584857093754     
   2.2121922306744315       0.61003984798363531     
   2.2171246548230927       0.62364355441337338     
   2.2220570789717535       0.63910105239407933     
   2.2269895031204143       0.65658351464252707     
   2.2319219272690756       0.67538098313379891     
   2.2368543514177364       0.69574259081265810     
   2.2417867755663972       0.71713303552878949     
   2.2467191997150584       0.73827979862742354     
   2.2516516238637192       0.75983571022733598     
   2.2565840480123800       0.78144493257060799     
   2.2615164721610412       0.80182027083352714     
   2.2664488963097020       0.82218483079238136     
   2.2713813204583628       0.84103889711250290     
   2.2763137446070241       0.85814960125824635     
   2.2812461687556849       0.87357093820244092     
   2.2861785929043457       0.88757421631391642     
   2.2911110170530069       0.89946552927592827     
   2.2960434412016677       0.90908038625791832     
   2.3009758653503285       0.91656163998215001     
   2.3059082894989893       0.92224273114495259     
   2.3108407136476505       0.92477538002034931     
   2.3157731377963113       0.92560672723187110     
   2.3207055619449721       0.92359182470538537     
   2.3256379860936334       0.91986414950958639     
   2.3305704102422942       0.91383757175667457     
   2.3355028343909550       0.90587374376854712     
   2.3404352585396162       0.89576571138149808     
   2.3453676826882770       0.88461175578952489     
   2.3503001068369378       0.87177904459722200     
   2.3552325309855990       0.85735945488097098     
   2.3601649551342598       0.84200656971195753     
   2.3650973792829206       0.82593674587226407     
   2.3700298034315819       0.80947106808087554     
   2.3749622275802427       0.79289527837555551     
   2.3798946517289035       0.77606828623489299     
   2.3848270758775647       0.75958979064752929     
   2.3897595000262255       0.74314918486250203     
   2.3946919241748863       0.72828442275025340     
   2.3996243483235475       0.71387038075055265     
   2.4045567724722083       0.70139996156746520     
   2.4094891966208691       0.68999664033413155     
   2.4144216207695304       0.68082967432055486     
   2.4193540449181912       0.67304884792736364     
   2.4242864690668520       0.66767499038041389     
   2.4292188932155132       0.66431851700094369     
   2.4341513173641740       0.66390434495049089     
   2.4390837415128348       0.66636644573927961     
   2.4440161656614960       0.67082583610592961     
   2.4489485898101568       0.67818569984998489     
   2.4538810139588176       0.68833916269293205     
   2.4588134381074784       0.70092128195242454     
   2.4637458622561397       0.71667245640579380     
   2.4686782864048005       0.73487159828005644     
   2.4736107105534613       0.75546588681864368     
   2.4785431347021225       0.77869259641002919     
   2.4834755588507833       0.80407389310584010     
   2.4884079829994441       0.83153673386126103     
   2.4933404071481053       0.86063193196061316     
   2.4982728312967661       0.89135939605610326     
   2.5032052554454269       0.92386753842195801     
   2.5081376795940882       0.95741102835728153     
   2.5130701037427490       0.99222495926099052     
   2.5180025278914098        1.0266995975826159     
   2.5229349520400710        1.0619212607994213     
   2.5278673761887318        1.0967975739812070     
   2.5327998003373926        1.1312342389441743     
   2.5377322244860538        1.1644514582858165     
   2.5426646486347146        1.1964795339515870     
   2.5475970727833754        1.2269815151051067     
   2.5525294969320367        1.2558596204692785     
   2.5574619210806975        1.2819143272773608     
   2.5623943452293583        1.3061053660553639     
   2.5673267693780195        1.3269942369012941     
   2.5722591935266803        1.3455921728942244     
   2.5771916176753411        1.3600044633291060     
   2.5821240418240023        1.3716849465343408     
   2.5870564659726631        1.3797419243271798     
   2.5919888901213239        1.3840100058860716     
   2.5969213142699852        1.3843792292933221     
   2.6018537384186460        1.3814684557069796     
   2.6067861625673068        1.3746750934331917     
   2.6117185867159676        1.3648862675762790     
   2.6166510108646288        1.3514888031371681     
   2.6215834350132896        1.3344744025795121     
   2.6265158591619504        1.3142712546952964     
   2.6314482833106116        1.2914476142916618     
   2.6363807074592724        1.2656814527402573     
   2.6413131316079332        1.2376536803909113     
   2.6462455557565945        1.2073009958726566     
   2.6511779799052553        1.1748783822620150     
   2.6561104040539161        1.1408337261230799     
   2.6610428282025773        1.1055866861220154     
   2.6659752523512381        1.0696256287554309     
   2.6709076764998989        1.0333125239881955     
   2.6758401006485601       0.99647114320285612     
   2.6807725247972209       0.95960334769588007     
   2.6857049489458817       0.92293361617341840     
   2.6906373730945430       0.88713986399733180     
   2.6955697972432038       0.85185790612806245     
   2.7005022213918646       0.81748304296177277     
   2.7054346455405258       0.78454683275724646     
   2.7103670696891866       0.75317824628018437     
   2.7152994938378474       0.72345961345149090     
   2.7202319179865087       0.69533457146913236     
   2.7251643421351694       0.66894324139810146     
   2.7300967662838302       0.64424181374169232     
   2.7350291904324915       0.62207332993022679     
   2.7399616145811523       0.60119739112652393     
   2.7448940387298131       0.58320751579828500     
   2.7498264628784743       0.56658988967095381     
   2.7547588870271351       0.55204927866619491     
   2.7596913111757959       0.53882327475653380     
   2.7646237353244567       0.52824091967656761     
   2.7695561594731180       0.51865927116165111     
   2.7744885836217787       0.51070409991395949     
   2.7794210077704395       0.50402881846348857     
   2.7843534319191008       0.49899627115477263     
   2.7892858560677616       0.49504662465199306     
   2.7942182802164224       0.49230262724036644     
   2.7991507043650836       0.49018834064183886     
   2.8040831285137444       0.48958179776708205     
   2.8090155526624052       0.48928904502044884     
   2.8139479768110665       0.48992764732029725     
   2.8188804009597273       0.49084403885109118     
   2.8238128251083880       0.49278193867548042     
   2.8287452492570493       0.49515828142351970     
   2.8336776734057101       0.49828340882018696     
   2.8386100975543709       0.50189323545931985     
   2.8435425217030321       0.50622579082789132     
   2.8484749458516929       0.51143522711071088     
   2.8534073700003537       0.51726417111825129     
   2.8583397941490150       0.52392001551580436     
   2.8632722182976758       0.53168840354208258     
   2.8682046424463365       0.54057867957756522     
   2.8731370665949978       0.55083149550882171     
   2.8780694907436586       0.56242865860231472     
   2.8830019148923194       0.57580316756256400     
   2.8879343390409806       0.59105863519557256     
   2.8928667631896414       0.60794784449197292     
   2.8977991873383022       0.62746573417652884     
   2.9027316114869630       0.64891562031203998     
   2.9076640356356243       0.67287427547143497     
   2.9125964597842851       0.69884389555543336     
   2.9175288839329458       0.72810554784043702     
   2.9224613080816071       0.75960368765259578     
   2.9273937322302679       0.79399864335654113     
   2.9323261563789287       0.83137005376739681     
   2.9372585805275899       0.87087493786660142     
   2.9421910046762507       0.91370632105187466     
   2.9471234288249115       0.95867877481367314     
   2.9520558529735728        1.0063929849037354     
   2.9569882771222336        1.0557900249073360     
   2.9619207012708944        1.1079340149916173     
   2.9668531254195556        1.1616721717003766     
   2.9717855495682164        1.2169885705121872     
   2.9767179737168772        1.2727583179306705     
   2.9816503978655384        1.3300556056318780     
   2.9865828220141992        1.3875257015187961     
   2.9915152461628600        1.4447447063813199     
   2.9964476703115213        1.5019279741884772     
   3.0013800944601821        1.5578904288316344     
   3.0063125186088429        1.6125073017866791     
   3.0112449427575041        1.6654714787816434     
   3.0161773669061649        1.7162461392556783     
   3.0211097910548257        1.7640623296688043     
   3.0260422152034869        1.8092019886006059     
   3.0309746393521477        1.8501043591411643     
   3.0359070635008085        1.8877911993873600     
   3.0408394876494698        1.9207617317132835     
   3.0457719117981306        1.9490080848026183     
   3.0507043359467914        1.9724588714333662     
   3.0556367600954522        1.9911951867984912     
   3.0605691842441134        2.0040571368285400     
   3.0655016083927742        2.0123350588239308     
   3.0704340325414350        2.0142662926204356     
   3.0753664566900962        2.0107704276620937     
   3.0802988808387570        2.0021519958891978     
   3.0852313049874178        1.9881980629251839     
   3.0901637291360791        1.9684184799943736     
   3.0950961532847399        1.9444929910142985     
   3.1000285774334007        1.9156067855610677     
   3.1049610015820619        1.8819421970955723     
   3.1098934257307227        1.8436721377292873     
   3.1148258498793835        1.8024403916341811     
   3.1197582740280447        1.7572796827483410     
   3.1246906981767055        1.7093240285595026     
   3.1296231223253663        1.6587198251846409     
   3.1345555464740276        1.6061201923250494     
   3.1394879706226884        1.5509762514204919     
   3.1444203947713492        1.4947679657081723     
   3.1493528189200104        1.4377758203821831     
   3.1542852430686712        1.3804611723925087     
   3.1592176672173320        1.3220976376456390     
   3.1641500913659932        1.2647252543618135     
   3.1690825155146540        1.2078068871727456     
   3.1740149396633148        1.1512079827370321     
   3.1789473638119761        1.0964912359764962     
   3.1838797879606369        1.0425153939042395     
   3.1888122121092977       0.99024286655715377     
   3.1937446362579589       0.94039976360696920     
   3.1986770604066197       0.89274009633405027     
   3.2036094845552805       0.84679860607807134     
   3.2085419087039413       0.80375004291387675     
   3.2134743328526025       0.76299271406262170     
   3.2184067570012633       0.72471900341212625     
   3.2233391811499241       0.68867902498292244     
   3.2282716052985854       0.65547046521236996     
   3.2332040294472462       0.62481861433893193     
   3.2381364535959070       0.59699139759685638     
   3.2430688777445682       0.57152146230088796     
   3.2480013018932290       0.54867136445243536     
   3.2529337260418898       0.52862505197882315     
   3.2578661501905510       0.51120659530788171     
   3.2627985743392118       0.49609737599125930     
   3.2677309984878726       0.48332777842262648     
   3.2726634226365339       0.47265829385467423     
   3.2775958467851947       0.46450267331264000     
   3.2825282709338555       0.45861534952696115     
   3.2874606950825167       0.45485455729338142     
   3.2923931192311775       0.45325968273089851     
   3.2973255433798383       0.45391983067441610     
   3.3022579675284995       0.45637132860852625     
   3.3071903916771603       0.46111061477100812     
   3.3121228158258211       0.46761149710227867     
   3.3170552399744824       0.47627117803388302     
   3.3219876641231432       0.48685445823224238     
   3.3269200882718040       0.49898014160826848     
   3.3318525124204652       0.51351160518636307     
   3.3367849365691260       0.52961819922983300     
   3.3417173607177868       0.54714779357579701     
   3.3466497848664476       0.56649066930180980     
   3.3515822090151088       0.58771959958273201     
   3.3565146331637696       0.60989879748408782     
   3.3614470573124304       0.63379987159783147     
   3.3663794814610917       0.65899307201106128     
   3.3713119056097525       0.68595179937053563     
   3.3762443297584133       0.71348495005343548     
   3.3811767539070745       0.74192592419872860     
   3.3861091780557353       0.77113986266977808     
   3.3910416022043961       0.80121122907794495     
   3.3959740263530573       0.83163550440488687     
   3.4009064505017181       0.86194055913693135     
   3.4058388746503789       0.89252940291240990     
   3.4107712987990402       0.92323644231878954     
   3.4157037229477010       0.95323696402541169     
   3.4206361470963618       0.98297463266969787     
   3.4255685712450230        1.0116383126352779     
   3.4305009953936838        1.0396771719361397     
   3.4354334195423446        1.0662650383555783     
   3.4403658436910058        1.0913037571527628     
   3.4452982678396666        1.1152890366851447     
   3.4502306919883274        1.1373597476524959     
   3.4551631161369887        1.1576661000497748     
   3.4600955402856495        1.1759936241457345     
   3.4650279644343103        1.1922496391338246     
   3.4699603885829715        1.2062807531898461     
   3.4748928127316323        1.2179188163104571     
   3.4798252368802931        1.2271667744240373     
   3.4847576610289543        1.2345491730459717     
   3.4896900851776151        1.2395705299366930     
   3.4946225093262759        1.2425344966506824     
   3.4995549334749367        1.2433149777504919     
   3.5044873576235980        1.2425205353604827     
   3.5094197817722588        1.2386669556793006     
   3.5143522059209196        1.2342265531901617     
   3.5192846300695808        1.2271464118289801     
   3.5242170542182416        1.2193821786433752     
   3.5291494783669024        1.2094838725199339     
   3.5340819025155636        1.1990414052646221     
   3.5390143266642244        1.1875014586519865     
   3.5439467508128852        1.1749789948634120     
   3.5488791749615465        1.1619544576640493     
   3.5538115991102073        1.1485326448481963     
   3.5587440232588681        1.1349511882207279     
   3.5636764474075293        1.1208213920820560     
   3.5686088715561901        1.1063897331150854     
   3.5735412957048509        1.0923429181711501     
   3.5784737198535121        1.0789757508904962     
   3.5834061440021729        1.0654657072802445     
   3.5883385681508337        1.0526823271532193     
   3.5932709922994950        1.0407002375231995     
   3.5982034164481558        1.0287642845489617     
   3.6031358405968166        1.0177254146516386     
   3.6080682647454778        1.0067227250617561     
   3.6130006888941386       0.99685260991808078     
   3.6179331130427994       0.98748657446614374     
   3.6228655371914606       0.97857865874485161     
   3.6277979613401214       0.97023315627189655     
   3.6327303854887822       0.96232473372217031     
   3.6376628096374435       0.95473263768038596     
   3.6425952337861043       0.94806302399032438     
   3.6475276579347651       0.94131931992149953     
   3.6524600820834259       0.93477219260719124     
   3.6573925062320871       0.92845414930391235     
   3.6623249303807479       0.92262859236265815     
   3.6672573545294087       0.91665532273867767     
   3.6721897786780699       0.91131540734644423     
   3.6771222028267307       0.90557382646348394     
   3.6820546269753915       0.89980784166341143     
   3.6869870511240528       0.89459714099049059     
   3.6919194752727136       0.88925654194115333     
   3.6968518994213744       0.88400185426064504     
   3.7017843235700356       0.87895514076980330     
   3.7067167477186964       0.87406502910351525     
   3.7116491718673572       0.86935048414290783     
   3.7165815960160185       0.86471642886140254     
   3.7215140201646792       0.86033380687773675     
   3.7264464443133400       0.85582578273839194     
   3.7313788684620013       0.85196119902939504     
   3.7363112926106621       0.84829420257001387     
   3.7412437167593229       0.84498080210089599     
   3.7461761409079841       0.84170688399684057     
   3.7511085650566449       0.83952135015082530     
   3.7560409892053057       0.83730847488967364     
   3.7609734133539670       0.83548696133930100     
   3.7659058375026278       0.83398127263029564     
   3.7708382616512885       0.83277818406732063     
   3.7757706857999498       0.83218189757200411     
   3.7807031099486106       0.83165155688848935     
   3.7856355340972714       0.83147617753747260     
   3.7905679582459326       0.83152279875543378     
   3.7955003823945934       0.83154262109812915     
   3.8004328065432542       0.83230085843608781     
   3.8053652306919150       0.83247380425177320     
   3.8102976548405763       0.83306816506235304     
   3.8152300789892371       0.83337795708134621     
   3.8201625031378978       0.83398166471680002     
   3.8250949272865591       0.83415046026617135     
   3.8300273514352199       0.83458728597818388     
   3.8349597755838807       0.83464610786960292     
   3.8398921997325419       0.83454545850953443     
   3.8448246238812027       0.83424481695426367     
   3.8497570480298635       0.83380301613712449     
   3.8546894721785248       0.83285052649595270     
   3.8596218963271856       0.83199064777568366     
   3.8645543204758463       0.83084088073160878     
   3.8694867446245076       0.82948025024669514     
   3.8744191687731684       0.82777349485771234     
   3.8793515929218292       0.82634951406476465     
   3.8842840170704904       0.82461772171709991     
   3.8892164412191512       0.82311992925990307     
   3.8941488653678120       0.82157780359190369     
   3.8990812895164733       0.82014412180840290     
   3.9040137136651341       0.81928665829654856     
   3.9089461378137949       0.81812846217460933     
   3.9138785619624561       0.81717630268579233     
   3.9188109861111169       0.81728797992228575     
   3.9237434102597777       0.81752051795533187     
   3.9286758344084389       0.81821878499693079     
   3.9336082585570997       0.81982432208401290     
   3.9385406827057605       0.82164198364114793     
   3.9434731068544213       0.82451773760702529     
   3.9484055310030826       0.82778858271169420     
   3.9533379551517434       0.83192626749424392     
   3.9582703793004042       0.83703698747209865     
   3.9632028034490654       0.84325970722622523     
   3.9681352275977262       0.84988426205400069     
   3.9730676517463870       0.85757143753092113     
   3.9780000758950482       0.86633867167889411     
   3.9829325000437090       0.87603670772334319     
   3.9878649241923698       0.88689063987096861     
   3.9927973483410311       0.89889220801495606     
   3.9977297724896919       0.91135451211238039     
   4.0026621966383527       0.92522323200559997     
   4.0075946207870139       0.94012677771115005     
   4.0125270449356751       0.95590656427539200     
   4.0174594690843355       0.97334414256250268     
   4.0223918932329967       0.99141942518644988     
   4.0273243173816571        1.0108079883825773     
   4.0322567415303183        1.0312864423944816     
   4.0371891656789796        1.0525112865869852     
   4.0421215898276399        1.0753230725364922     
   4.0470540139763012        1.0993443824654485     
   4.0519864381249624        1.1241423106526818     
   4.0569188622736228        1.1502870922727144     
   4.0618512864222840        1.1766622849347415     
   4.0667837105709452        1.2042522839279568     
   4.0717161347196056        1.2326256377625944     
   4.0766485588682668        1.2618708995123271     
   4.0815809830169281        1.2911261278829578     
   4.0865134071655884        1.3210874929144500     
   4.0914458313142497        1.3510559445792063     
   4.0963782554629109        1.3811214739451021     
   4.1013106796115713        1.4114148103667112     
   4.1062431037602325        1.4412649283445806     
   4.1111755279088937        1.4703743556279114     
   4.1161079520575541        1.4983669217900173     
   4.1210403762062153        1.5258134962366099     
   4.1259728003548766        1.5518990125668548     
   4.1309052245035369        1.5767116773584109     
   4.1358376486521982        1.5992777304028163     
   4.1407700728008594        1.6199709013532377     
   4.1457024969495198        1.6384261311661446     
   4.1506349210981810        1.6542282666722918     
   4.1555673452468422        1.6673866768301149     
   4.1604997693955026        1.6777860293582851     
   4.1654321935441638        1.6854488812171740     
   4.1703646176928251        1.6894406208887116     
   4.1752970418414854        1.6900059886697869     
   4.1802294659901467        1.6873248917101373     
   4.1851618901388079        1.6812734765243498     
   4.1900943142874683        1.6714482011264866     
   4.1950267384361295        1.6584185142787504     
   4.1999591625847907        1.6417056783815498     
   4.2048915867334511        1.6216373871077587     
   4.2098240108821123        1.5980189048720159     
   4.2147564350307736        1.5712862073676330     
   4.2196888591794339        1.5416085628826837     
   4.2246212833280952        1.5089976950924104     
   4.2295537074767564        1.4739246278642968     
   4.2344861316254168        1.4365222173832066     
   4.2394185557740780        1.3975342783221432     
   4.2443509799227392        1.3560897451535061     
   4.2492834040713996        1.3134036339811992     
   4.2542158282200608        1.2696300063570014     
   4.2591482523687221        1.2249043298651163     
   4.2640806765173824        1.1797238404133090     
   4.2690131006660437        1.1341602404632638     
   4.2739455248147049        1.0889625934570120     
   4.2788779489633653        1.0442504228894418     
   4.2838103731120265        1.0002445283039101     
   4.2887427972606877       0.95739521532862559     
   4.2936752214093481       0.91601645502773654     
   4.2986076455580093       0.87600222972152475     
   4.3035400697066706       0.83780612188116832     
   4.3084724938553309       0.80188652629666657     
   4.3134049180039922       0.76851197632662860     
   4.3183373421526525       0.73708370241924581     
   4.3232697663013138       0.70877618512312768     
   4.3282021904499750       0.68291823037754851     
   4.3331346145986354       0.65999607256070325     
   4.3380670387472966       0.64029771856643192     
   4.3429994628959578       0.62336082415505156     
   4.3479318870446182       0.60948918211905534     
   4.3528643111932794       0.59886598283197068     
   4.3577967353419407       0.59092299152855698     
   4.3627291594906010       0.58590066802237828     
   4.3676615836392623       0.58388201887039815     
   4.3725940077879235       0.58457058542432005     
   4.3775264319365839       0.58807302989981669     
   4.3824588560852451       0.59417463033716511     
   4.3873912802339063       0.60231370996721556     
   4.3923237043825667       0.61293332788764332     
   4.3972561285312279       0.62545292908526362     
   4.4021885526798892       0.63993117167843294     
   4.4071209768285495       0.65572767158278278     
   4.4120534009772108       0.67310126516606950     
   4.4169858251258720       0.69148534394819505     
   4.4219182492745324       0.71104402062401673     
   4.4268506734231936       0.73075932331079807     
   4.4317830975718548       0.75121789374780212     
   4.4367155217205152       0.77174666068335451     
   4.4416479458691764       0.79221626691013669     
   4.4465803700178377       0.81243093946198464     
   4.4515127941664980       0.83218821280944499     
   4.4564452183151593       0.85124855044487124     
   4.4613776424638205       0.86959419913560765     
   4.4663100666124809       0.88657719681891489     
   4.4712424907611421       0.90218768001980520     
   4.4761749149098033       0.91646831904766723     
   4.4811073390584637       0.92923935486147613     
   4.4860397632071249       0.94009685171547819     
   4.4909721873557862       0.94959288539876363     
   4.4959046115044465       0.95699846639021902     
   4.5008370356531078       0.96280018507508136     
   4.5057694598017690       0.96653440031089310     
   4.5107018839504294       0.96849159096557569     
   4.5156343080990906       0.96849274414558217     
   4.5205667322477519       0.96661443744108311     
   4.5254991563964122       0.96293903930407276     
   4.5304315805450734       0.95755908707095549     
   4.5353640046937347       0.95088045938591148     
   4.5402964288423950       0.94270108699721122     
   4.5452288529910563       0.93327415495501609     
   4.5501612771397175       0.92243376140252797     
   4.5550937012883779       0.91103894309067635     
   4.5600261254370391       0.89842767523288281     
   4.5649585495857004       0.88536547830506607     
   4.5698909737343607       0.87170333874143302     
   4.5748233978830219       0.85779216264016933     
   4.5797558220316832       0.84356829985015569     
   4.5846882461803435       0.82964542864702395     
   4.5896206703290048       0.81579214275728562     
   4.5945530944776660       0.80231734808661348     
   4.5994855186263264       0.78941208721785383     
   4.6044179427749876       0.77719407095661908     
   4.6093503669236480       0.76580341057831125     
   4.6142827910723092       0.75548958393183296     
   4.6192152152209704       0.74615178123667636     
   4.6241476393696308       0.73783954138100805     
   4.6290800635182920       0.73115512590287224     
   4.6340124876669533       0.72551023814382520     
   4.6389449118156136       0.72153834008823581     
   4.6438773359642749       0.71882411732277685     
   4.6488097601129361       0.71771428903956214     
   4.6537421842615965       0.71792213381623304     
   4.6586746084102577       0.71963979319139748     
   4.6636070325589190       0.72303170244435200     
   4.6685394567075793       0.72782968142215321     
   4.6734718808562405       0.73410751040242783     
   4.6784043050049018       0.74166434339665543     
   4.6833367291535621       0.75037646572796513     
   4.6882691533022234       0.76028411175624822     
   4.6932015774508846       0.77121666266375910     
   4.6981340015995450       0.78315179011502378     
   4.7030664257482062       0.79610364528537347     
   4.7079988498968675       0.80972230057769490     
   4.7129312740455278       0.82407900154021407     
   4.7178636981941890       0.83877423147776597     
   4.7227961223428503       0.85367770726256964     
   4.7277285464915106       0.86904223045707540     
   4.7326609706401719       0.88465437750805676     
   4.7375933947888331       0.89971264007310536     
   4.7425258189374935       0.91478942146249331     
   4.7474582430861547       0.92970543710299158     
   4.7523906672348160       0.94412585830118878     
   4.7573230913834763       0.95775388716216392     
   4.7622555155321376       0.97107567041633025     
   4.7671879396807988       0.98387949839823752     
   4.7721203638294591       0.99545992223803814     
   4.7770527879781204        1.0065144342222738     
   4.7819852121267816        1.0165522088059449     
   4.7869176362754420        1.0254421970126115     
   4.7918500604241032        1.0337273487847087     
   4.7967824845727645        1.0407014726307646     
   4.8017149087214248        1.0467993014423354     
   4.8066473328700861        1.0521805085192211     
   4.8115797570187473        1.0563856677182004     
   4.8165121811674076        1.0602072761844492     
   4.8214446053160689        1.0629353798960621     
   4.8263770294647301        1.0649333758384494     
   4.8313094536133905        1.0661096154875673     
   4.8362418777620517        1.0671704780452202     
   4.8411743019107130        1.0675226708236256     
   4.8461067260593733        1.0675669477628873     
   4.8510391502080346        1.0672639274145292     
   4.8559715743566958        1.0670187784918319     
   4.8609039985053561        1.0663938032108442     
   4.8658364226540174        1.0661418299934102     
   4.8707688468026786        1.0660227891436829     
   4.8757012709513390        1.0662238695544399     
   4.8806336951000002        1.0666331009754915     
   4.8855661192486615        1.0675738880075263     
   4.8904985433973218        1.0690994395824707     
   4.8954309675459831        1.0713139278384205     
   4.9003633916946443        1.0742912172462307     
   4.9052958158433047        1.0779621220717315     
   4.9102282399919659        1.0822792140487585     
   4.9151606641406262        1.0875576995519061     
   4.9200930882892875        1.0936210053580975     
   4.9250255124379487        1.1006981140361556     
   4.9299579365866091        1.1084957770467994     
