  -5.6273954527085497       -5.6273954527085497       -5.6273954527085497                1
  -4.6863594238275210       -4.6863594238275210       -5.6273954527085497                2
  -4.6863594238275210       -5.6273954527085497       -4.6863594238275210                3
  -5.6273954527085497       -4.6863594238275210       -4.6863594238275210                4
  -5.6273954527085497       -5.6273954527085497       -3.7453233949464928                5
  -4.6863594238275210       -4.6863594238275210       -3.7453233949464928                6
  -4.6863594238275210       -5.6273954527085497       -2.8042873660654641                7
  -5.6273954527085497       -4.6863594238275210       -2.8042873660654641                8
  -5.6273954527085497       -5.6273954527085497       -1.8632513371844364                9
  -4.6863594238275210       -4.6863594238275210       -1.8632513371844364               10
  -4.6863594238275210       -5.6273954527085497      -0.92221530830340814               11
  -5.6273954527085497       -4.6863594238275210      -0.92221530830340814               12
  -5.6273954527085497       -5.6273954527085497        1.8820720577620520E-002          13
  -4.6863594238275210       -4.6863594238275210        1.8820720577620520E-002          14
  -4.6863594238275210       -5.6273954527085497       0.95985674945864918               15
  -5.6273954527085497       -4.6863594238275210       0.95985674945864918               16
  -5.6273954527085497       -5.6273954527085497        1.9008927783396778               17
  -4.6863594238275210       -4.6863594238275210        1.9008927783396778               18
  -4.6863594238275210       -5.6273954527085497        2.8419288072207056               19
  -5.6273954527085497       -4.6863594238275210        2.8419288072207056               20
  -5.6273954527085497       -5.6273954527085497        3.7829648361017352               21
  -4.6863594238275210       -4.6863594238275210        3.7829648361017352               22
  -4.6863594238275210       -5.6273954527085497        4.7240008649827629               23
  -5.6273954527085497       -4.6863594238275210        4.7240008649827629               24
  -5.6273954527085497       -3.7453233949464928       -5.6273954527085497               25
  -4.6863594238275210       -2.8042873660654641       -5.6273954527085497               26
  -4.6863594238275210       -3.7453233949464928       -4.6863594238275210               27
  -5.6273954527085497       -2.8042873660654641       -4.6863594238275210               28
  -5.6273954527085497       -3.7453233949464928       -3.7453233949464928               29
  -4.6863594238275210       -2.8042873660654641       -3.7453233949464928               30
  -4.6863594238275210       -3.7453233949464928       -2.8042873660654641               31
  -5.6273954527085497       -2.8042873660654641       -2.8042873660654641               32
  -5.6273954527085497       -3.7453233949464928       -1.8632513371844364               33
  -4.6863594238275210       -2.8042873660654641       -1.8632513371844364               34
  -4.6863594238275210       -3.7453233949464928      -0.92221530830340814               35
  -5.6273954527085497       -2.8042873660654641      -0.92221530830340814               36
  -5.6273954527085497       -3.7453233949464928        1.8820720577620520E-002          37
  -4.6863594238275210       -2.8042873660654641        1.8820720577620520E-002          38
  -4.6863594238275210       -3.7453233949464928       0.95985674945864918               39
  -5.6273954527085497       -2.8042873660654641       0.95985674945864918               40
  -5.6273954527085497       -3.7453233949464928        1.9008927783396778               41
  -4.6863594238275210       -2.8042873660654641        1.9008927783396778               42
  -4.6863594238275210       -3.7453233949464928        2.8419288072207056               43
  -5.6273954527085497       -2.8042873660654641        2.8419288072207056               44
  -5.6273954527085497       -3.7453233949464928        3.7829648361017352               45
  -4.6863594238275210       -2.8042873660654641        3.7829648361017352               46
  -4.6863594238275210       -3.7453233949464928        4.7240008649827629               47
  -5.6273954527085497       -2.8042873660654641        4.7240008649827629               48
  -5.6273954527085497       -1.8632513371844364       -5.6273954527085497               49
  -4.6863594238275210      -0.92221530830340814       -5.6273954527085497               50
  -4.6863594238275210       -1.8632513371844364       -4.6863594238275210               51
  -5.6273954527085497      -0.92221530830340814       -4.6863594238275210               52
  -5.6273954527085497       -1.8632513371844364       -3.7453233949464928               53
  -4.6863594238275210      -0.92221530830340814       -3.7453233949464928               54
  -4.6863594238275210       -1.8632513371844364       -2.8042873660654641               55
  -5.6273954527085497      -0.92221530830340814       -2.8042873660654641               56
  -5.6273954527085497       -1.8632513371844364       -1.8632513371844364               57
  -4.6863594238275210      -0.92221530830340814       -1.8632513371844364               58
  -4.6863594238275210       -1.8632513371844364      -0.92221530830340814               59
  -5.6273954527085497      -0.92221530830340814      -0.92221530830340814               60
  -5.6273954527085497       -1.8632513371844364        1.8820720577620520E-002          61
  -4.6863594238275210      -0.92221530830340814        1.8820720577620520E-002          62
  -4.6863594238275210       -1.8632513371844364       0.95985674945864918               63
  -5.6273954527085497      -0.92221530830340814       0.95985674945864918               64
  -5.6273954527085497       -1.8632513371844364        1.9008927783396778               65
  -4.6863594238275210      -0.92221530830340814        1.9008927783396778               66
  -4.6863594238275210       -1.8632513371844364        2.8419288072207056               67
  -5.6273954527085497      -0.92221530830340814        2.8419288072207056               68
  -5.6273954527085497       -1.8632513371844364        3.7829648361017352               69
  -4.6863594238275210      -0.92221530830340814        3.7829648361017352               70
  -4.6863594238275210       -1.8632513371844364        4.7240008649827629               71
  -5.6273954527085497      -0.92221530830340814        4.7240008649827629               72
  -5.6273954527085497        1.8820720577620520E-002  -5.6273954527085497               73
  -4.6863594238275210       0.95985674945864918       -5.6273954527085497               74
  -4.6863594238275210        1.8820720577620520E-002  -4.6863594238275210               75
  -5.6273954527085497       0.95985674945864918       -4.6863594238275210               76
  -5.6273954527085497        1.8820720577620520E-002  -3.7453233949464928               77
  -4.6863594238275210       0.95985674945864918       -3.7453233949464928               78
  -4.6863594238275210        1.8820720577620520E-002  -2.8042873660654641               79
  -5.6273954527085497       0.95985674945864918       -2.8042873660654641               80
  -5.6273954527085497        1.8820720577620520E-002  -1.8632513371844364               81
  -4.6863594238275210       0.95985674945864918       -1.8632513371844364               82
  -4.6863594238275210        1.8820720577620520E-002 -0.92221530830340814               83
  -5.6273954527085497       0.95985674945864918      -0.92221530830340814               84
  -5.6273954527085497        1.8820720577620520E-002   1.8820720577620520E-002          85
  -4.6863594238275210       0.95985674945864918        1.8820720577620520E-002          86
  -4.6863594238275210        1.8820720577620520E-002  0.95985674945864918               87
  -5.6273954527085497       0.95985674945864918       0.95985674945864918               88
  -5.6273954527085497        1.8820720577620520E-002   1.9008927783396778               89
  -4.6863594238275210       0.95985674945864918        1.9008927783396778               90
  -4.6863594238275210        1.8820720577620520E-002   2.8419288072207056               91
  -5.6273954527085497       0.95985674945864918        2.8419288072207056               92
  -5.6273954527085497        1.8820720577620520E-002   3.7829648361017352               93
  -4.6863594238275210       0.95985674945864918        3.7829648361017352               94
  -4.6863594238275210        1.8820720577620520E-002   4.7240008649827629               95
  -5.6273954527085497       0.95985674945864918        4.7240008649827629               96
  -5.6273954527085497        1.9008927783396778       -5.6273954527085497               97
  -4.6863594238275210        2.8419288072207056       -5.6273954527085497               98
  -4.6863594238275210        1.9008927783396778       -4.6863594238275210               99
  -5.6273954527085497        2.8419288072207056       -4.6863594238275210              100
  -5.6273954527085497        1.9008927783396778       -3.7453233949464928              101
  -4.6863594238275210        2.8419288072207056       -3.7453233949464928              102
  -4.6863594238275210        1.9008927783396778       -2.8042873660654641              103
  -5.6273954527085497        2.8419288072207056       -2.8042873660654641              104
  -5.6273954527085497        1.9008927783396778       -1.8632513371844364              105
  -4.6863594238275210        2.8419288072207056       -1.8632513371844364              106
  -4.6863594238275210        1.9008927783396778      -0.92221530830340814              107
  -5.6273954527085497        2.8419288072207056      -0.92221530830340814              108
  -5.6273954527085497        1.9008927783396778        1.8820720577620520E-002         109
  -4.6863594238275210        2.8419288072207056        1.8820720577620520E-002         110
  -4.6863594238275210        1.9008927783396778       0.95985674945864918              111
  -5.6273954527085497        2.8419288072207056       0.95985674945864918              112
  -5.6273954527085497        1.9008927783396778        1.9008927783396778              113
  -4.6863594238275210        2.8419288072207056        1.9008927783396778              114
  -4.6863594238275210        1.9008927783396778        2.8419288072207056              115
  -5.6273954527085497        2.8419288072207056        2.8419288072207056              116
  -5.6273954527085497        1.9008927783396778        3.7829648361017352              117
  -4.6863594238275210        2.8419288072207056        3.7829648361017352              118
  -4.6863594238275210        1.9008927783396778        4.7240008649827629              119
  -5.6273954527085497        2.8419288072207056        4.7240008649827629              120
  -5.6273954527085497        3.7829648361017352       -5.6273954527085497              121
  -4.6863594238275210        4.7240008649827629       -5.6273954527085497              122
  -4.6863594238275210        3.7829648361017352       -4.6863594238275210              123
  -5.6273954527085497        4.7240008649827629       -4.6863594238275210              124
  -5.6273954527085497        3.7829648361017352       -3.7453233949464928              125
  -4.6863594238275210        4.7240008649827629       -3.7453233949464928              126
  -4.6863594238275210        3.7829648361017352       -2.8042873660654641              127
  -5.6273954527085497        4.7240008649827629       -2.8042873660654641              128
  -5.6273954527085497        3.7829648361017352       -1.8632513371844364              129
  -4.6863594238275210        4.7240008649827629       -1.8632513371844364              130
  -4.6863594238275210        3.7829648361017352      -0.92221530830340814              131
  -5.6273954527085497        4.7240008649827629      -0.92221530830340814              132
  -5.6273954527085497        3.7829648361017352        1.8820720577620520E-002         133
  -4.6863594238275210        4.7240008649827629        1.8820720577620520E-002         134
  -4.6863594238275210        3.7829648361017352       0.95985674945864918              135
  -5.6273954527085497        4.7240008649827629       0.95985674945864918              136
  -5.6273954527085497        3.7829648361017352        1.9008927783396778              137
  -4.6863594238275210        4.7240008649827629        1.9008927783396778              138
  -4.6863594238275210        3.7829648361017352        2.8419288072207056              139
  -5.6273954527085497        4.7240008649827629        2.8419288072207056              140
  -5.6273954527085497        3.7829648361017352        3.7829648361017352              141
  -4.6863594238275210        4.7240008649827629        3.7829648361017352              142
  -4.6863594238275210        3.7829648361017352        4.7240008649827629              143
  -5.6273954527085497        4.7240008649827629        4.7240008649827629              144
  -3.7453233949464928       -5.6273954527085497       -5.6273954527085497              145
  -2.8042873660654641       -4.6863594238275210       -5.6273954527085497              146
  -2.8042873660654641       -5.6273954527085497       -4.6863594238275210              147
  -3.7453233949464928       -4.6863594238275210       -4.6863594238275210              148
  -3.7453233949464928       -5.6273954527085497       -3.7453233949464928              149
  -2.8042873660654641       -4.6863594238275210       -3.7453233949464928              150
  -2.8042873660654641       -5.6273954527085497       -2.8042873660654641              151
  -3.7453233949464928       -4.6863594238275210       -2.8042873660654641              152
  -3.7453233949464928       -5.6273954527085497       -1.8632513371844364              153
  -2.8042873660654641       -4.6863594238275210       -1.8632513371844364              154
  -2.8042873660654641       -5.6273954527085497      -0.92221530830340814              155
  -3.7453233949464928       -4.6863594238275210      -0.92221530830340814              156
  -3.7453233949464928       -5.6273954527085497        1.8820720577620520E-002         157
  -2.8042873660654641       -4.6863594238275210        1.8820720577620520E-002         158
  -2.8042873660654641       -5.6273954527085497       0.95985674945864918              159
  -3.7453233949464928       -4.6863594238275210       0.95985674945864918              160
  -3.7453233949464928       -5.6273954527085497        1.9008927783396778              161
  -2.8042873660654641       -4.6863594238275210        1.9008927783396778              162
  -2.8042873660654641       -5.6273954527085497        2.8419288072207056              163
  -3.7453233949464928       -4.6863594238275210        2.8419288072207056              164
  -3.7453233949464928       -5.6273954527085497        3.7829648361017352              165
  -2.8042873660654641       -4.6863594238275210        3.7829648361017352              166
  -2.8042873660654641       -5.6273954527085497        4.7240008649827629              167
  -3.7453233949464928       -4.6863594238275210        4.7240008649827629              168
  -3.7453233949464928       -3.7453233949464928       -5.6273954527085497              169
  -2.8042873660654641       -2.8042873660654641       -5.6273954527085497              170
  -2.8042873660654641       -3.7453233949464928       -4.6863594238275210              171
  -3.7453233949464928       -2.8042873660654641       -4.6863594238275210              172
  -3.7453233949464928       -3.7453233949464928       -3.7453233949464928              173
  -2.8042873660654641       -2.8042873660654641       -3.7453233949464928              174
  -2.8042873660654641       -3.7453233949464928       -2.8042873660654641              175
  -3.7453233949464928       -2.8042873660654641       -2.8042873660654641              176
  -3.7453233949464928       -3.7453233949464928       -1.8632513371844364              177
  -2.8042873660654641       -2.8042873660654641       -1.8632513371844364              178
  -2.8042873660654641       -3.7453233949464928      -0.92221530830340814              179
  -3.7453233949464928       -2.8042873660654641      -0.92221530830340814              180
  -3.7453233949464928       -3.7453233949464928        1.8820720577620520E-002         181
  -2.8042873660654641       -2.8042873660654641        1.8820720577620520E-002         182
  -2.8042873660654641       -3.7453233949464928       0.95985674945864918              183
  -3.7453233949464928       -2.8042873660654641       0.95985674945864918              184
  -3.7453233949464928       -3.7453233949464928        1.9008927783396778              185
  -2.8042873660654641       -2.8042873660654641        1.9008927783396778              186
  -2.8042873660654641       -3.7453233949464928        2.8419288072207056              187
  -3.7453233949464928       -2.8042873660654641        2.8419288072207056              188
  -3.7453233949464928       -3.7453233949464928        3.7829648361017352              189
  -2.8042873660654641       -2.8042873660654641        3.7829648361017352              190
  -2.8042873660654641       -3.7453233949464928        4.7240008649827629              191
  -3.7453233949464928       -2.8042873660654641        4.7240008649827629              192
  -3.7453233949464928       -1.8632513371844364       -5.6273954527085497              193
  -2.8042873660654641      -0.92221530830340814       -5.6273954527085497              194
  -2.8042873660654641       -1.8632513371844364       -4.6863594238275210              195
  -3.7453233949464928      -0.92221530830340814       -4.6863594238275210              196
  -3.7453233949464928       -1.8632513371844364       -3.7453233949464928              197
  -2.8042873660654641      -0.92221530830340814       -3.7453233949464928              198
  -2.8042873660654641       -1.8632513371844364       -2.8042873660654641              199
  -3.7453233949464928      -0.92221530830340814       -2.8042873660654641              200
  -3.7453233949464928       -1.8632513371844364       -1.8632513371844364              201
  -2.8042873660654641      -0.92221530830340814       -1.8632513371844364              202
  -2.8042873660654641       -1.8632513371844364      -0.92221530830340814              203
  -3.7453233949464928      -0.92221530830340814      -0.92221530830340814              204
  -3.7453233949464928       -1.8632513371844364        1.8820720577620520E-002         205
  -2.8042873660654641      -0.92221530830340814        1.8820720577620520E-002         206
  -2.8042873660654641       -1.8632513371844364       0.95985674945864918              207
  -3.7453233949464928      -0.92221530830340814       0.95985674945864918              208
  -3.7453233949464928       -1.8632513371844364        1.9008927783396778              209
  -2.8042873660654641      -0.92221530830340814        1.9008927783396778              210
  -2.8042873660654641       -1.8632513371844364        2.8419288072207056              211
  -3.7453233949464928      -0.92221530830340814        2.8419288072207056              212
  -3.7453233949464928       -1.8632513371844364        3.7829648361017352              213
  -2.8042873660654641      -0.92221530830340814        3.7829648361017352              214
  -2.8042873660654641       -1.8632513371844364        4.7240008649827629              215
  -3.7453233949464928      -0.92221530830340814        4.7240008649827629              216
  -3.7453233949464928        1.8820720577620520E-002  -5.6273954527085497              217
  -2.8042873660654641       0.95985674945864918       -5.6273954527085497              218
  -2.8042873660654641        1.8820720577620520E-002  -4.6863594238275210              219
  -3.7453233949464928       0.95985674945864918       -4.6863594238275210              220
  -3.7453233949464928        1.8820720577620520E-002  -3.7453233949464928              221
  -2.8042873660654641       0.95985674945864918       -3.7453233949464928              222
  -2.8042873660654641        1.8820720577620520E-002  -2.8042873660654641              223
  -3.7453233949464928       0.95985674945864918       -2.8042873660654641              224
  -3.7453233949464928        1.8820720577620520E-002  -1.8632513371844364              225
  -2.8042873660654641       0.95985674945864918       -1.8632513371844364              226
  -2.8042873660654641        1.8820720577620520E-002 -0.92221530830340814              227
  -3.7453233949464928       0.95985674945864918      -0.92221530830340814              228
  -3.7453233949464928        1.8820720577620520E-002   1.8820720577620520E-002         229
  -2.8042873660654641       0.95985674945864918        1.8820720577620520E-002         230
  -2.8042873660654641        1.8820720577620520E-002  0.95985674945864918              231
  -3.7453233949464928       0.95985674945864918       0.95985674945864918              232
  -3.7453233949464928        1.8820720577620520E-002   1.9008927783396778              233
  -2.8042873660654641       0.95985674945864918        1.9008927783396778              234
  -2.8042873660654641        1.8820720577620520E-002   2.8419288072207056              235
  -3.7453233949464928       0.95985674945864918        2.8419288072207056              236
  -3.7453233949464928        1.8820720577620520E-002   3.7829648361017352              237
  -2.8042873660654641       0.95985674945864918        3.7829648361017352              238
  -2.8042873660654641        1.8820720577620520E-002   4.7240008649827629              239
  -3.7453233949464928       0.95985674945864918        4.7240008649827629              240
  -3.7453233949464928        1.9008927783396778       -5.6273954527085497              241
  -2.8042873660654641        2.8419288072207056       -5.6273954527085497              242
  -2.8042873660654641        1.9008927783396778       -4.6863594238275210              243
  -3.7453233949464928        2.8419288072207056       -4.6863594238275210              244
  -3.7453233949464928        1.9008927783396778       -3.7453233949464928              245
  -2.8042873660654641        2.8419288072207056       -3.7453233949464928              246
  -2.8042873660654641        1.9008927783396778       -2.8042873660654641              247
  -3.7453233949464928        2.8419288072207056       -2.8042873660654641              248
  -3.7453233949464928        1.9008927783396778       -1.8632513371844364              249
  -2.8042873660654641        2.8419288072207056       -1.8632513371844364              250
  -2.8042873660654641        1.9008927783396778      -0.92221530830340814              251
  -3.7453233949464928        2.8419288072207056      -0.92221530830340814              252
  -3.7453233949464928        1.9008927783396778        1.8820720577620520E-002         253
  -2.8042873660654641        2.8419288072207056        1.8820720577620520E-002         254
  -2.8042873660654641        1.9008927783396778       0.95985674945864918              255
  -3.7453233949464928        2.8419288072207056       0.95985674945864918              256
  -3.7453233949464928        1.9008927783396778        1.9008927783396778              257
  -2.8042873660654641        2.8419288072207056        1.9008927783396778              258
  -2.8042873660654641        1.9008927783396778        2.8419288072207056              259
  -3.7453233949464928        2.8419288072207056        2.8419288072207056              260
  -3.7453233949464928        1.9008927783396778        3.7829648361017352              261
  -2.8042873660654641        2.8419288072207056        3.7829648361017352              262
  -2.8042873660654641        1.9008927783396778        4.7240008649827629              263
  -3.7453233949464928        2.8419288072207056        4.7240008649827629              264
  -3.7453233949464928        3.7829648361017352       -5.6273954527085497              265
  -2.8042873660654641        4.7240008649827629       -5.6273954527085497              266
  -2.8042873660654641        3.7829648361017352       -4.6863594238275210              267
  -3.7453233949464928        4.7240008649827629       -4.6863594238275210              268
  -3.7453233949464928        3.7829648361017352       -3.7453233949464928              269
  -2.8042873660654641        4.7240008649827629       -3.7453233949464928              270
  -2.8042873660654641        3.7829648361017352       -2.8042873660654641              271
  -3.7453233949464928        4.7240008649827629       -2.8042873660654641              272
  -3.7453233949464928        3.7829648361017352       -1.8632513371844364              273
  -2.8042873660654641        4.7240008649827629       -1.8632513371844364              274
  -2.8042873660654641        3.7829648361017352      -0.92221530830340814              275
  -3.7453233949464928        4.7240008649827629      -0.92221530830340814              276
  -3.7453233949464928        3.7829648361017352        1.8820720577620520E-002         277
  -2.8042873660654641        4.7240008649827629        1.8820720577620520E-002         278
  -2.8042873660654641        3.7829648361017352       0.95985674945864918              279
  -3.7453233949464928        4.7240008649827629       0.95985674945864918              280
  -3.7453233949464928        3.7829648361017352        1.9008927783396778              281
  -2.8042873660654641        4.7240008649827629        1.9008927783396778              282
  -2.8042873660654641        3.7829648361017352        2.8419288072207056              283
  -3.7453233949464928        4.7240008649827629        2.8419288072207056              284
  -3.7453233949464928        3.7829648361017352        3.7829648361017352              285
  -2.8042873660654641        4.7240008649827629        3.7829648361017352              286
  -2.8042873660654641        3.7829648361017352        4.7240008649827629              287
  -3.7453233949464928        4.7240008649827629        4.7240008649827629              288
  -1.8632513371844364       -5.6273954527085497       -5.6273954527085497              289
 -0.92221530830340814       -4.6863594238275210       -5.6273954527085497              290
 -0.92221530830340814       -5.6273954527085497       -4.6863594238275210              291
  -1.8632513371844364       -4.6863594238275210       -4.6863594238275210              292
  -1.8632513371844364       -5.6273954527085497       -3.7453233949464928              293
 -0.92221530830340814       -4.6863594238275210       -3.7453233949464928              294
 -0.92221530830340814       -5.6273954527085497       -2.8042873660654641              295
  -1.8632513371844364       -4.6863594238275210       -2.8042873660654641              296
  -1.8632513371844364       -5.6273954527085497       -1.8632513371844364              297
 -0.92221530830340814       -4.6863594238275210       -1.8632513371844364              298
 -0.92221530830340814       -5.6273954527085497      -0.92221530830340814              299
  -1.8632513371844364       -4.6863594238275210      -0.92221530830340814              300
  -1.8632513371844364       -5.6273954527085497        1.8820720577620520E-002         301
 -0.92221530830340814       -4.6863594238275210        1.8820720577620520E-002         302
 -0.92221530830340814       -5.6273954527085497       0.95985674945864918              303
  -1.8632513371844364       -4.6863594238275210       0.95985674945864918              304
  -1.8632513371844364       -5.6273954527085497        1.9008927783396778              305
 -0.92221530830340814       -4.6863594238275210        1.9008927783396778              306
 -0.92221530830340814       -5.6273954527085497        2.8419288072207056              307
  -1.8632513371844364       -4.6863594238275210        2.8419288072207056              308
  -1.8632513371844364       -5.6273954527085497        3.7829648361017352              309
 -0.92221530830340814       -4.6863594238275210        3.7829648361017352              310
 -0.92221530830340814       -5.6273954527085497        4.7240008649827629              311
  -1.8632513371844364       -4.6863594238275210        4.7240008649827629              312
  -1.8632513371844364       -3.7453233949464928       -5.6273954527085497              313
 -0.92221530830340814       -2.8042873660654641       -5.6273954527085497              314
 -0.92221530830340814       -3.7453233949464928       -4.6863594238275210              315
  -1.8632513371844364       -2.8042873660654641       -4.6863594238275210              316
  -1.8632513371844364       -3.7453233949464928       -3.7453233949464928              317
 -0.92221530830340814       -2.8042873660654641       -3.7453233949464928              318
 -0.92221530830340814       -3.7453233949464928       -2.8042873660654641              319
  -1.8632513371844364       -2.8042873660654641       -2.8042873660654641              320
  -1.8632513371844364       -3.7453233949464928       -1.8632513371844364              321
 -0.92221530830340814       -2.8042873660654641       -1.8632513371844364              322
 -0.92221530830340814       -3.7453233949464928      -0.92221530830340814              323
  -1.8632513371844364       -2.8042873660654641      -0.92221530830340814              324
  -1.8632513371844364       -3.7453233949464928        1.8820720577620520E-002         325
 -0.92221530830340814       -2.8042873660654641        1.8820720577620520E-002         326
 -0.92221530830340814       -3.7453233949464928       0.95985674945864918              327
  -1.8632513371844364       -2.8042873660654641       0.95985674945864918              328
  -1.8632513371844364       -3.7453233949464928        1.9008927783396778              329
 -0.92221530830340814       -2.8042873660654641        1.9008927783396778              330
 -0.92221530830340814       -3.7453233949464928        2.8419288072207056              331
  -1.8632513371844364       -2.8042873660654641        2.8419288072207056              332
  -1.8632513371844364       -3.7453233949464928        3.7829648361017352              333
 -0.92221530830340814       -2.8042873660654641        3.7829648361017352              334
 -0.92221530830340814       -3.7453233949464928        4.7240008649827629              335
  -1.8632513371844364       -2.8042873660654641        4.7240008649827629              336
  -1.8632513371844364       -1.8632513371844364       -5.6273954527085497              337
 -0.92221530830340814      -0.92221530830340814       -5.6273954527085497              338
 -0.92221530830340814       -1.8632513371844364       -4.6863594238275210              339
  -1.8632513371844364      -0.92221530830340814       -4.6863594238275210              340
  -1.8632513371844364       -1.8632513371844364       -3.7453233949464928              341
 -0.92221530830340814      -0.92221530830340814       -3.7453233949464928              342
 -0.92221530830340814       -1.8632513371844364       -2.8042873660654641              343
  -1.8632513371844364      -0.92221530830340814       -2.8042873660654641              344
  -1.8632513371844364       -1.8632513371844364       -1.8632513371844364              345
 -0.92221530830340814      -0.92221530830340814       -1.8632513371844364              346
 -0.92221530830340814       -1.8632513371844364      -0.92221530830340814              347
  -1.8632513371844364      -0.92221530830340814      -0.92221530830340814              348
  -1.8632513371844364       -1.8632513371844364        1.8820720577620520E-002         349
 -0.92221530830340814      -0.92221530830340814        1.8820720577620520E-002         350
 -0.92221530830340814       -1.8632513371844364       0.95985674945864918              351
  -1.8632513371844364      -0.92221530830340814       0.95985674945864918              352
  -1.8632513371844364       -1.8632513371844364        1.9008927783396778              353
 -0.92221530830340814      -0.92221530830340814        1.9008927783396778              354
 -0.92221530830340814       -1.8632513371844364        2.8419288072207056              355
  -1.8632513371844364      -0.92221530830340814        2.8419288072207056              356
  -1.8632513371844364       -1.8632513371844364        3.7829648361017352              357
 -0.92221530830340814      -0.92221530830340814        3.7829648361017352              358
 -0.92221530830340814       -1.8632513371844364        4.7240008649827629              359
  -1.8632513371844364      -0.92221530830340814        4.7240008649827629              360
  -1.8632513371844364        1.8820720577620520E-002  -5.6273954527085497              361
 -0.92221530830340814       0.95985674945864918       -5.6273954527085497              362
 -0.92221530830340814        1.8820720577620520E-002  -4.6863594238275210              363
  -1.8632513371844364       0.95985674945864918       -4.6863594238275210              364
  -1.8632513371844364        1.8820720577620520E-002  -3.7453233949464928              365
 -0.92221530830340814       0.95985674945864918       -3.7453233949464928              366
 -0.92221530830340814        1.8820720577620520E-002  -2.8042873660654641              367
  -1.8632513371844364       0.95985674945864918       -2.8042873660654641              368
  -1.8632513371844364        1.8820720577620520E-002  -1.8632513371844364              369
 -0.92221530830340814       0.95985674945864918       -1.8632513371844364              370
 -0.92221530830340814        1.8820720577620520E-002 -0.92221530830340814              371
  -1.8632513371844364       0.95985674945864918      -0.92221530830340814              372
  -1.8632513371844364        1.8820720577620520E-002   1.8820720577620520E-002         373
 -0.92221530830340814       0.95985674945864918        1.8820720577620520E-002         374
 -0.92221530830340814        1.8820720577620520E-002  0.95985674945864918              375
  -1.8632513371844364       0.95985674945864918       0.95985674945864918              376
  -1.8632513371844364        1.8820720577620520E-002   1.9008927783396778              377
 -0.92221530830340814       0.95985674945864918        1.9008927783396778              378
 -0.92221530830340814        1.8820720577620520E-002   2.8419288072207056              379
  -1.8632513371844364       0.95985674945864918        2.8419288072207056              380
  -1.8632513371844364        1.8820720577620520E-002   3.7829648361017352              381
 -0.92221530830340814       0.95985674945864918        3.7829648361017352              382
 -0.92221530830340814        1.8820720577620520E-002   4.7240008649827629              383
  -1.8632513371844364       0.95985674945864918        4.7240008649827629              384
  -1.8632513371844364        1.9008927783396778       -5.6273954527085497              385
 -0.92221530830340814        2.8419288072207056       -5.6273954527085497              386
 -0.92221530830340814        1.9008927783396778       -4.6863594238275210              387
  -1.8632513371844364        2.8419288072207056       -4.6863594238275210              388
  -1.8632513371844364        1.9008927783396778       -3.7453233949464928              389
 -0.92221530830340814        2.8419288072207056       -3.7453233949464928              390
 -0.92221530830340814        1.9008927783396778       -2.8042873660654641              391
  -1.8632513371844364        2.8419288072207056       -2.8042873660654641              392
  -1.8632513371844364        1.9008927783396778       -1.8632513371844364              393
 -0.92221530830340814        2.8419288072207056       -1.8632513371844364              394
 -0.92221530830340814        1.9008927783396778      -0.92221530830340814              395
  -1.8632513371844364        2.8419288072207056      -0.92221530830340814              396
  -1.8632513371844364        1.9008927783396778        1.8820720577620520E-002         397
 -0.92221530830340814        2.8419288072207056        1.8820720577620520E-002         398
 -0.92221530830340814        1.9008927783396778       0.95985674945864918              399
  -1.8632513371844364        2.8419288072207056       0.95985674945864918              400
  -1.8632513371844364        1.9008927783396778        1.9008927783396778              401
 -0.92221530830340814        2.8419288072207056        1.9008927783396778              402
 -0.92221530830340814        1.9008927783396778        2.8419288072207056              403
  -1.8632513371844364        2.8419288072207056        2.8419288072207056              404
  -1.8632513371844364        1.9008927783396778        3.7829648361017352              405
 -0.92221530830340814        2.8419288072207056        3.7829648361017352              406
 -0.92221530830340814        1.9008927783396778        4.7240008649827629              407
  -1.8632513371844364        2.8419288072207056        4.7240008649827629              408
  -1.8632513371844364        3.7829648361017352       -5.6273954527085497              409
 -0.92221530830340814        4.7240008649827629       -5.6273954527085497              410
 -0.92221530830340814        3.7829648361017352       -4.6863594238275210              411
  -1.8632513371844364        4.7240008649827629       -4.6863594238275210              412
  -1.8632513371844364        3.7829648361017352       -3.7453233949464928              413
 -0.92221530830340814        4.7240008649827629       -3.7453233949464928              414
 -0.92221530830340814        3.7829648361017352       -2.8042873660654641              415
  -1.8632513371844364        4.7240008649827629       -2.8042873660654641              416
  -1.8632513371844364        3.7829648361017352       -1.8632513371844364              417
 -0.92221530830340814        4.7240008649827629       -1.8632513371844364              418
 -0.92221530830340814        3.7829648361017352      -0.92221530830340814              419
  -1.8632513371844364        4.7240008649827629      -0.92221530830340814              420
  -1.8632513371844364        3.7829648361017352        1.8820720577620520E-002         421
 -0.92221530830340814        4.7240008649827629        1.8820720577620520E-002         422
 -0.92221530830340814        3.7829648361017352       0.95985674945864918              423
  -1.8632513371844364        4.7240008649827629       0.95985674945864918              424
  -1.8632513371844364        3.7829648361017352        1.9008927783396778              425
 -0.92221530830340814        4.7240008649827629        1.9008927783396778              426
 -0.92221530830340814        3.7829648361017352        2.8419288072207056              427
  -1.8632513371844364        4.7240008649827629        2.8419288072207056              428
  -1.8632513371844364        3.7829648361017352        3.7829648361017352              429
 -0.92221530830340814        4.7240008649827629        3.7829648361017352              430
 -0.92221530830340814        3.7829648361017352        4.7240008649827629              431
  -1.8632513371844364        4.7240008649827629        4.7240008649827629              432
   1.8820720577620520E-002  -5.6273954527085497       -5.6273954527085497              433
  0.95985674945864918       -4.6863594238275210       -5.6273954527085497              434
  0.95985674945864918       -5.6273954527085497       -4.6863594238275210              435
   1.8820720577620520E-002  -4.6863594238275210       -4.6863594238275210              436
   1.8820720577620520E-002  -5.6273954527085497       -3.7453233949464928              437
  0.95985674945864918       -4.6863594238275210       -3.7453233949464928              438
  0.95985674945864918       -5.6273954527085497       -2.8042873660654641              439
   1.8820720577620520E-002  -4.6863594238275210       -2.8042873660654641              440
   1.8820720577620520E-002  -5.6273954527085497       -1.8632513371844364              441
  0.95985674945864918       -4.6863594238275210       -1.8632513371844364              442
  0.95985674945864918       -5.6273954527085497      -0.92221530830340814              443
   1.8820720577620520E-002  -4.6863594238275210      -0.92221530830340814              444
   1.8820720577620520E-002  -5.6273954527085497        1.8820720577620520E-002         445
  0.95985674945864918       -4.6863594238275210        1.8820720577620520E-002         446
  0.95985674945864918       -5.6273954527085497       0.95985674945864918              447
   1.8820720577620520E-002  -4.6863594238275210       0.95985674945864918              448
   1.8820720577620520E-002  -5.6273954527085497        1.9008927783396778              449
  0.95985674945864918       -4.6863594238275210        1.9008927783396778              450
  0.95985674945864918       -5.6273954527085497        2.8419288072207056              451
   1.8820720577620520E-002  -4.6863594238275210        2.8419288072207056              452
   1.8820720577620520E-002  -5.6273954527085497        3.7829648361017352              453
  0.95985674945864918       -4.6863594238275210        3.7829648361017352              454
  0.95985674945864918       -5.6273954527085497        4.7240008649827629              455
   1.8820720577620520E-002  -4.6863594238275210        4.7240008649827629              456
   1.8820720577620520E-002  -3.7453233949464928       -5.6273954527085497              457
  0.95985674945864918       -2.8042873660654641       -5.6273954527085497              458
  0.95985674945864918       -3.7453233949464928       -4.6863594238275210              459
   1.8820720577620520E-002  -2.8042873660654641       -4.6863594238275210              460
   1.8820720577620520E-002  -3.7453233949464928       -3.7453233949464928              461
  0.95985674945864918       -2.8042873660654641       -3.7453233949464928              462
  0.95985674945864918       -3.7453233949464928       -2.8042873660654641              463
   1.8820720577620520E-002  -2.8042873660654641       -2.8042873660654641              464
   1.8820720577620520E-002  -3.7453233949464928       -1.8632513371844364              465
  0.95985674945864918       -2.8042873660654641       -1.8632513371844364              466
  0.95985674945864918       -3.7453233949464928      -0.92221530830340814              467
   1.8820720577620520E-002  -2.8042873660654641      -0.92221530830340814              468
   1.8820720577620520E-002  -3.7453233949464928        1.8820720577620520E-002         469
  0.95985674945864918       -2.8042873660654641        1.8820720577620520E-002         470
  0.95985674945864918       -3.7453233949464928       0.95985674945864918              471
   1.8820720577620520E-002  -2.8042873660654641       0.95985674945864918              472
   1.8820720577620520E-002  -3.7453233949464928        1.9008927783396778              473
  0.95985674945864918       -2.8042873660654641        1.9008927783396778              474
  0.95985674945864918       -3.7453233949464928        2.8419288072207056              475
   1.8820720577620520E-002  -2.8042873660654641        2.8419288072207056              476
   1.8820720577620520E-002  -3.7453233949464928        3.7829648361017352              477
  0.95985674945864918       -2.8042873660654641        3.7829648361017352              478
  0.95985674945864918       -3.7453233949464928        4.7240008649827629              479
   1.8820720577620520E-002  -2.8042873660654641        4.7240008649827629              480
   1.8820720577620520E-002  -1.8632513371844364       -5.6273954527085497              481
  0.95985674945864918      -0.92221530830340814       -5.6273954527085497              482
  0.95985674945864918       -1.8632513371844364       -4.6863594238275210              483
   1.8820720577620520E-002 -0.92221530830340814       -4.6863594238275210              484
   1.8820720577620520E-002  -1.8632513371844364       -3.7453233949464928              485
  0.95985674945864918      -0.92221530830340814       -3.7453233949464928              486
  0.95985674945864918       -1.8632513371844364       -2.8042873660654641              487
   1.8820720577620520E-002 -0.92221530830340814       -2.8042873660654641              488
   1.8820720577620520E-002  -1.8632513371844364       -1.8632513371844364              489
  0.95985674945864918      -0.92221530830340814       -1.8632513371844364              490
  0.95985674945864918       -1.8632513371844364      -0.92221530830340814              491
   1.8820720577620520E-002 -0.92221530830340814      -0.92221530830340814              492
   1.8820720577620520E-002  -1.8632513371844364        1.8820720577620520E-002         493
  0.95985674945864918      -0.92221530830340814        1.8820720577620520E-002         494
  0.95985674945864918       -1.8632513371844364       0.95985674945864918              495
   1.8820720577620520E-002 -0.92221530830340814       0.95985674945864918              496
   1.8820720577620520E-002  -1.8632513371844364        1.9008927783396778              497
  0.95985674945864918      -0.92221530830340814        1.9008927783396778              498
  0.95985674945864918       -1.8632513371844364        2.8419288072207056              499
   1.8820720577620520E-002 -0.92221530830340814        2.8419288072207056              500
   1.8820720577620520E-002  -1.8632513371844364        3.7829648361017352              501
  0.95985674945864918      -0.92221530830340814        3.7829648361017352              502
  0.95985674945864918       -1.8632513371844364        4.7240008649827629              503
   1.8820720577620520E-002 -0.92221530830340814        4.7240008649827629              504
   1.8820720577620520E-002   1.8820720577620520E-002  -5.6273954527085497              505
  0.95985674945864918       0.95985674945864918       -5.6273954527085497              506
  0.95985674945864918        1.8820720577620520E-002  -4.6863594238275210              507
   1.8820720577620520E-002  0.95985674945864918       -4.6863594238275210              508
   1.8820720577620520E-002   1.8820720577620520E-002  -3.7453233949464928              509
  0.95985674945864918       0.95985674945864918       -3.7453233949464928              510
  0.95985674945864918        1.8820720577620520E-002  -2.8042873660654641              511
   1.8820720577620520E-002  0.95985674945864918       -2.8042873660654641              512
   1.8820720577620520E-002   1.8820720577620520E-002  -1.8632513371844364              513
  0.95985674945864918       0.95985674945864918       -1.8632513371844364              514
  0.95985674945864918        1.8820720577620520E-002 -0.92221530830340814              515
   1.8820720577620520E-002  0.95985674945864918      -0.92221530830340814              516
   1.8820720577620520E-002   1.8820720577620520E-002   1.8820720577620520E-002         517
  0.95985674945864918       0.95985674945864918        1.8820720577620520E-002         518
  0.95985674945864918        1.8820720577620520E-002  0.95985674945864918              519
   1.8820720577620520E-002  0.95985674945864918       0.95985674945864918              520
   1.8820720577620520E-002   1.8820720577620520E-002   1.9008927783396778              521
  0.95985674945864918       0.95985674945864918        1.9008927783396778              522
  0.95985674945864918        1.8820720577620520E-002   2.8419288072207056              523
   1.8820720577620520E-002  0.95985674945864918        2.8419288072207056              524
   1.8820720577620520E-002   1.8820720577620520E-002   3.7829648361017352              525
  0.95985674945864918       0.95985674945864918        3.7829648361017352              526
  0.95985674945864918        1.8820720577620520E-002   4.7240008649827629              527
   1.8820720577620520E-002  0.95985674945864918        4.7240008649827629              528
   1.8820720577620520E-002   1.9008927783396778       -5.6273954527085497              529
  0.95985674945864918        2.8419288072207056       -5.6273954527085497              530
  0.95985674945864918        1.9008927783396778       -4.6863594238275210              531
   1.8820720577620520E-002   2.8419288072207056       -4.6863594238275210              532
   1.8820720577620520E-002   1.9008927783396778       -3.7453233949464928              533
  0.95985674945864918        2.8419288072207056       -3.7453233949464928              534
  0.95985674945864918        1.9008927783396778       -2.8042873660654641              535
   1.8820720577620520E-002   2.8419288072207056       -2.8042873660654641              536
   1.8820720577620520E-002   1.9008927783396778       -1.8632513371844364              537
  0.95985674945864918        2.8419288072207056       -1.8632513371844364              538
  0.95985674945864918        1.9008927783396778      -0.92221530830340814              539
   1.8820720577620520E-002   2.8419288072207056      -0.92221530830340814              540
   1.8820720577620520E-002   1.9008927783396778        1.8820720577620520E-002         541
  0.95985674945864918        2.8419288072207056        1.8820720577620520E-002         542
  0.95985674945864918        1.9008927783396778       0.95985674945864918              543
   1.8820720577620520E-002   2.8419288072207056       0.95985674945864918              544
   1.8820720577620520E-002   1.9008927783396778        1.9008927783396778              545
  0.95985674945864918        2.8419288072207056        1.9008927783396778              546
  0.95985674945864918        1.9008927783396778        2.8419288072207056              547
   1.8820720577620520E-002   2.8419288072207056        2.8419288072207056              548
   1.8820720577620520E-002   1.9008927783396778        3.7829648361017352              549
  0.95985674945864918        2.8419288072207056        3.7829648361017352              550
  0.95985674945864918        1.9008927783396778        4.7240008649827629              551
   1.8820720577620520E-002   2.8419288072207056        4.7240008649827629              552
   1.8820720577620520E-002   3.7829648361017352       -5.6273954527085497              553
  0.95985674945864918        4.7240008649827629       -5.6273954527085497              554
  0.95985674945864918        3.7829648361017352       -4.6863594238275210              555
   1.8820720577620520E-002   4.7240008649827629       -4.6863594238275210              556
   1.8820720577620520E-002   3.7829648361017352       -3.7453233949464928              557
  0.95985674945864918        4.7240008649827629       -3.7453233949464928              558
  0.95985674945864918        3.7829648361017352       -2.8042873660654641              559
   1.8820720577620520E-002   4.7240008649827629       -2.8042873660654641              560
   1.8820720577620520E-002   3.7829648361017352       -1.8632513371844364              561
  0.95985674945864918        4.7240008649827629       -1.8632513371844364              562
  0.95985674945864918        3.7829648361017352      -0.92221530830340814              563
   1.8820720577620520E-002   4.7240008649827629      -0.92221530830340814              564
   1.8820720577620520E-002   3.7829648361017352        1.8820720577620520E-002         565
  0.95985674945864918        4.7240008649827629        1.8820720577620520E-002         566
  0.95985674945864918        3.7829648361017352       0.95985674945864918              567
   1.8820720577620520E-002   4.7240008649827629       0.95985674945864918              568
   1.8820720577620520E-002   3.7829648361017352        1.9008927783396778              569
  0.95985674945864918        4.7240008649827629        1.9008927783396778              570
  0.95985674945864918        3.7829648361017352        2.8419288072207056              571
   1.8820720577620520E-002   4.7240008649827629        2.8419288072207056              572
   1.8820720577620520E-002   3.7829648361017352        3.7829648361017352              573
  0.95985674945864918        4.7240008649827629        3.7829648361017352              574
  0.95985674945864918        3.7829648361017352        4.7240008649827629              575
   1.8820720577620520E-002   4.7240008649827629        4.7240008649827629              576
   1.9008927783396778       -5.6273954527085497       -5.6273954527085497              577
   2.8419288072207056       -4.6863594238275210       -5.6273954527085497              578
   2.8419288072207056       -5.6273954527085497       -4.6863594238275210              579
   1.9008927783396778       -4.6863594238275210       -4.6863594238275210              580
   1.9008927783396778       -5.6273954527085497       -3.7453233949464928              581
   2.8419288072207056       -4.6863594238275210       -3.7453233949464928              582
   2.8419288072207056       -5.6273954527085497       -2.8042873660654641              583
   1.9008927783396778       -4.6863594238275210       -2.8042873660654641              584
   1.9008927783396778       -5.6273954527085497       -1.8632513371844364              585
   2.8419288072207056       -4.6863594238275210       -1.8632513371844364              586
   2.8419288072207056       -5.6273954527085497      -0.92221530830340814              587
   1.9008927783396778       -4.6863594238275210      -0.92221530830340814              588
   1.9008927783396778       -5.6273954527085497        1.8820720577620520E-002         589
   2.8419288072207056       -4.6863594238275210        1.8820720577620520E-002         590
   2.8419288072207056       -5.6273954527085497       0.95985674945864918              591
   1.9008927783396778       -4.6863594238275210       0.95985674945864918              592
   1.9008927783396778       -5.6273954527085497        1.9008927783396778              593
   2.8419288072207056       -4.6863594238275210        1.9008927783396778              594
   2.8419288072207056       -5.6273954527085497        2.8419288072207056              595
   1.9008927783396778       -4.6863594238275210        2.8419288072207056              596
   1.9008927783396778       -5.6273954527085497        3.7829648361017352              597
   2.8419288072207056       -4.6863594238275210        3.7829648361017352              598
   2.8419288072207056       -5.6273954527085497        4.7240008649827629              599
   1.9008927783396778       -4.6863594238275210        4.7240008649827629              600
   1.9008927783396778       -3.7453233949464928       -5.6273954527085497              601
   2.8419288072207056       -2.8042873660654641       -5.6273954527085497              602
   2.8419288072207056       -3.7453233949464928       -4.6863594238275210              603
   1.9008927783396778       -2.8042873660654641       -4.6863594238275210              604
   1.9008927783396778       -3.7453233949464928       -3.7453233949464928              605
   2.8419288072207056       -2.8042873660654641       -3.7453233949464928              606
   2.8419288072207056       -3.7453233949464928       -2.8042873660654641              607
   1.9008927783396778       -2.8042873660654641       -2.8042873660654641              608
   1.9008927783396778       -3.7453233949464928       -1.8632513371844364              609
   2.8419288072207056       -2.8042873660654641       -1.8632513371844364              610
   2.8419288072207056       -3.7453233949464928      -0.92221530830340814              611
   1.9008927783396778       -2.8042873660654641      -0.92221530830340814              612
   1.9008927783396778       -3.7453233949464928        1.8820720577620520E-002         613
   2.8419288072207056       -2.8042873660654641        1.8820720577620520E-002         614
   2.8419288072207056       -3.7453233949464928       0.95985674945864918              615
   1.9008927783396778       -2.8042873660654641       0.95985674945864918              616
   1.9008927783396778       -3.7453233949464928        1.9008927783396778              617
   2.8419288072207056       -2.8042873660654641        1.9008927783396778              618
   2.8419288072207056       -3.7453233949464928        2.8419288072207056              619
   1.9008927783396778       -2.8042873660654641        2.8419288072207056              620
   1.9008927783396778       -3.7453233949464928        3.7829648361017352              621
   2.8419288072207056       -2.8042873660654641        3.7829648361017352              622
   2.8419288072207056       -3.7453233949464928        4.7240008649827629              623
   1.9008927783396778       -2.8042873660654641        4.7240008649827629              624
   1.9008927783396778       -1.8632513371844364       -5.6273954527085497              625
   2.8419288072207056      -0.92221530830340814       -5.6273954527085497              626
   2.8419288072207056       -1.8632513371844364       -4.6863594238275210              627
   1.9008927783396778      -0.92221530830340814       -4.6863594238275210              628
   1.9008927783396778       -1.8632513371844364       -3.7453233949464928              629
   2.8419288072207056      -0.92221530830340814       -3.7453233949464928              630
   2.8419288072207056       -1.8632513371844364       -2.8042873660654641              631
   1.9008927783396778      -0.92221530830340814       -2.8042873660654641              632
   1.9008927783396778       -1.8632513371844364       -1.8632513371844364              633
   2.8419288072207056      -0.92221530830340814       -1.8632513371844364              634
   2.8419288072207056       -1.8632513371844364      -0.92221530830340814              635
   1.9008927783396778      -0.92221530830340814      -0.92221530830340814              636
   1.9008927783396778       -1.8632513371844364        1.8820720577620520E-002         637
   2.8419288072207056      -0.92221530830340814        1.8820720577620520E-002         638
   2.8419288072207056       -1.8632513371844364       0.95985674945864918              639
   1.9008927783396778      -0.92221530830340814       0.95985674945864918              640
   1.9008927783396778       -1.8632513371844364        1.9008927783396778              641
   2.8419288072207056      -0.92221530830340814        1.9008927783396778              642
   2.8419288072207056       -1.8632513371844364        2.8419288072207056              643
   1.9008927783396778      -0.92221530830340814        2.8419288072207056              644
   1.9008927783396778       -1.8632513371844364        3.7829648361017352              645
   2.8419288072207056      -0.92221530830340814        3.7829648361017352              646
   2.8419288072207056       -1.8632513371844364        4.7240008649827629              647
   1.9008927783396778      -0.92221530830340814        4.7240008649827629              648
   1.9008927783396778        1.8820720577620520E-002  -5.6273954527085497              649
   2.8419288072207056       0.95985674945864918       -5.6273954527085497              650
   2.8419288072207056        1.8820720577620520E-002  -4.6863594238275210              651
   1.9008927783396778       0.95985674945864918       -4.6863594238275210              652
   1.9008927783396778        1.8820720577620520E-002  -3.7453233949464928              653
   2.8419288072207056       0.95985674945864918       -3.7453233949464928              654
   2.8419288072207056        1.8820720577620520E-002  -2.8042873660654641              655
   1.9008927783396778       0.95985674945864918       -2.8042873660654641              656
   1.9008927783396778        1.8820720577620520E-002  -1.8632513371844364              657
   2.8419288072207056       0.95985674945864918       -1.8632513371844364              658
   2.8419288072207056        1.8820720577620520E-002 -0.92221530830340814              659
   1.9008927783396778       0.95985674945864918      -0.92221530830340814              660
   1.9008927783396778        1.8820720577620520E-002   1.8820720577620520E-002         661
   2.8419288072207056       0.95985674945864918        1.8820720577620520E-002         662
   2.8419288072207056        1.8820720577620520E-002  0.95985674945864918              663
   1.9008927783396778       0.95985674945864918       0.95985674945864918              664
   1.9008927783396778        1.8820720577620520E-002   1.9008927783396778              665
   2.8419288072207056       0.95985674945864918        1.9008927783396778              666
   2.8419288072207056        1.8820720577620520E-002   2.8419288072207056              667
   1.9008927783396778       0.95985674945864918        2.8419288072207056              668
   1.9008927783396778        1.8820720577620520E-002   3.7829648361017352              669
   2.8419288072207056       0.95985674945864918        3.7829648361017352              670
   2.8419288072207056        1.8820720577620520E-002   4.7240008649827629              671
   1.9008927783396778       0.95985674945864918        4.7240008649827629              672
   1.9008927783396778        1.9008927783396778       -5.6273954527085497              673
   2.8419288072207056        2.8419288072207056       -5.6273954527085497              674
   2.8419288072207056        1.9008927783396778       -4.6863594238275210              675
   1.9008927783396778        2.8419288072207056       -4.6863594238275210              676
   1.9008927783396778        1.9008927783396778       -3.7453233949464928              677
   2.8419288072207056        2.8419288072207056       -3.7453233949464928              678
   2.8419288072207056        1.9008927783396778       -2.8042873660654641              679
   1.9008927783396778        2.8419288072207056       -2.8042873660654641              680
   1.9008927783396778        1.9008927783396778       -1.8632513371844364              681
   2.8419288072207056        2.8419288072207056       -1.8632513371844364              682
   2.8419288072207056        1.9008927783396778      -0.92221530830340814              683
   1.9008927783396778        2.8419288072207056      -0.92221530830340814              684
   1.9008927783396778        1.9008927783396778        1.8820720577620520E-002         685
   2.8419288072207056        2.8419288072207056        1.8820720577620520E-002         686
   2.8419288072207056        1.9008927783396778       0.95985674945864918              687
   1.9008927783396778        2.8419288072207056       0.95985674945864918              688
   1.9008927783396778        1.9008927783396778        1.9008927783396778              689
   2.8419288072207056        2.8419288072207056        1.9008927783396778              690
   2.8419288072207056        1.9008927783396778        2.8419288072207056              691
   1.9008927783396778        2.8419288072207056        2.8419288072207056              692
   1.9008927783396778        1.9008927783396778        3.7829648361017352              693
   2.8419288072207056        2.8419288072207056        3.7829648361017352              694
   2.8419288072207056        1.9008927783396778        4.7240008649827629              695
   1.9008927783396778        2.8419288072207056        4.7240008649827629              696
   1.9008927783396778        3.7829648361017352       -5.6273954527085497              697
   2.8419288072207056        4.7240008649827629       -5.6273954527085497              698
   2.8419288072207056        3.7829648361017352       -4.6863594238275210              699
   1.9008927783396778        4.7240008649827629       -4.6863594238275210              700
   1.9008927783396778        3.7829648361017352       -3.7453233949464928              701
   2.8419288072207056        4.7240008649827629       -3.7453233949464928              702
   2.8419288072207056        3.7829648361017352       -2.8042873660654641              703
   1.9008927783396778        4.7240008649827629       -2.8042873660654641              704
   1.9008927783396778        3.7829648361017352       -1.8632513371844364              705
   2.8419288072207056        4.7240008649827629       -1.8632513371844364              706
   2.8419288072207056        3.7829648361017352      -0.92221530830340814              707
   1.9008927783396778        4.7240008649827629      -0.92221530830340814              708
   1.9008927783396778        3.7829648361017352        1.8820720577620520E-002         709
   2.8419288072207056        4.7240008649827629        1.8820720577620520E-002         710
   2.8419288072207056        3.7829648361017352       0.95985674945864918              711
   1.9008927783396778        4.7240008649827629       0.95985674945864918              712
   1.9008927783396778        3.7829648361017352        1.9008927783396778              713
   2.8419288072207056        4.7240008649827629        1.9008927783396778              714
   2.8419288072207056        3.7829648361017352        2.8419288072207056              715
   1.9008927783396778        4.7240008649827629        2.8419288072207056              716
   1.9008927783396778        3.7829648361017352        3.7829648361017352              717
   2.8419288072207056        4.7240008649827629        3.7829648361017352              718
   2.8419288072207056        3.7829648361017352        4.7240008649827629              719
   1.9008927783396778        4.7240008649827629        4.7240008649827629              720
   3.7829648361017352       -5.6273954527085497       -5.6273954527085497              721
   4.7240008649827629       -4.6863594238275210       -5.6273954527085497              722
   4.7240008649827629       -5.6273954527085497       -4.6863594238275210              723
   3.7829648361017352       -4.6863594238275210       -4.6863594238275210              724
   3.7829648361017352       -5.6273954527085497       -3.7453233949464928              725
   4.7240008649827629       -4.6863594238275210       -3.7453233949464928              726
   4.7240008649827629       -5.6273954527085497       -2.8042873660654641              727
   3.7829648361017352       -4.6863594238275210       -2.8042873660654641              728
   3.7829648361017352       -5.6273954527085497       -1.8632513371844364              729
   4.7240008649827629       -4.6863594238275210       -1.8632513371844364              730
   4.7240008649827629       -5.6273954527085497      -0.92221530830340814              731
   3.7829648361017352       -4.6863594238275210      -0.92221530830340814              732
   3.7829648361017352       -5.6273954527085497        1.8820720577620520E-002         733
   4.7240008649827629       -4.6863594238275210        1.8820720577620520E-002         734
   4.7240008649827629       -5.6273954527085497       0.95985674945864918              735
   3.7829648361017352       -4.6863594238275210       0.95985674945864918              736
   3.7829648361017352       -5.6273954527085497        1.9008927783396778              737
   4.7240008649827629       -4.6863594238275210        1.9008927783396778              738
   4.7240008649827629       -5.6273954527085497        2.8419288072207056              739
   3.7829648361017352       -4.6863594238275210        2.8419288072207056              740
   3.7829648361017352       -5.6273954527085497        3.7829648361017352              741
   4.7240008649827629       -4.6863594238275210        3.7829648361017352              742
   4.7240008649827629       -5.6273954527085497        4.7240008649827629              743
   3.7829648361017352       -4.6863594238275210        4.7240008649827629              744
   3.7829648361017352       -3.7453233949464928       -5.6273954527085497              745
   4.7240008649827629       -2.8042873660654641       -5.6273954527085497              746
   4.7240008649827629       -3.7453233949464928       -4.6863594238275210              747
   3.7829648361017352       -2.8042873660654641       -4.6863594238275210              748
   3.7829648361017352       -3.7453233949464928       -3.7453233949464928              749
   4.7240008649827629       -2.8042873660654641       -3.7453233949464928              750
   4.7240008649827629       -3.7453233949464928       -2.8042873660654641              751
   3.7829648361017352       -2.8042873660654641       -2.8042873660654641              752
   3.7829648361017352       -3.7453233949464928       -1.8632513371844364              753
   4.7240008649827629       -2.8042873660654641       -1.8632513371844364              754
   4.7240008649827629       -3.7453233949464928      -0.92221530830340814              755
   3.7829648361017352       -2.8042873660654641      -0.92221530830340814              756
   3.7829648361017352       -3.7453233949464928        1.8820720577620520E-002         757
   4.7240008649827629       -2.8042873660654641        1.8820720577620520E-002         758
   4.7240008649827629       -3.7453233949464928       0.95985674945864918              759
   3.7829648361017352       -2.8042873660654641       0.95985674945864918              760
   3.7829648361017352       -3.7453233949464928        1.9008927783396778              761
   4.7240008649827629       -2.8042873660654641        1.9008927783396778              762
   4.7240008649827629       -3.7453233949464928        2.8419288072207056              763
   3.7829648361017352       -2.8042873660654641        2.8419288072207056              764
   3.7829648361017352       -3.7453233949464928        3.7829648361017352              765
   4.7240008649827629       -2.8042873660654641        3.7829648361017352              766
   4.7240008649827629       -3.7453233949464928        4.7240008649827629              767
   3.7829648361017352       -2.8042873660654641        4.7240008649827629              768
   3.7829648361017352       -1.8632513371844364       -5.6273954527085497              769
   4.7240008649827629      -0.92221530830340814       -5.6273954527085497              770
   4.7240008649827629       -1.8632513371844364       -4.6863594238275210              771
   3.7829648361017352      -0.92221530830340814       -4.6863594238275210              772
   3.7829648361017352       -1.8632513371844364       -3.7453233949464928              773
   4.7240008649827629      -0.92221530830340814       -3.7453233949464928              774
   4.7240008649827629       -1.8632513371844364       -2.8042873660654641              775
   3.7829648361017352      -0.92221530830340814       -2.8042873660654641              776
   3.7829648361017352       -1.8632513371844364       -1.8632513371844364              777
   4.7240008649827629      -0.92221530830340814       -1.8632513371844364              778
   4.7240008649827629       -1.8632513371844364      -0.92221530830340814              779
   3.7829648361017352      -0.92221530830340814      -0.92221530830340814              780
   3.7829648361017352       -1.8632513371844364        1.8820720577620520E-002         781
   4.7240008649827629      -0.92221530830340814        1.8820720577620520E-002         782
   4.7240008649827629       -1.8632513371844364       0.95985674945864918              783
   3.7829648361017352      -0.92221530830340814       0.95985674945864918              784
   3.7829648361017352       -1.8632513371844364        1.9008927783396778              785
   4.7240008649827629      -0.92221530830340814        1.9008927783396778              786
   4.7240008649827629       -1.8632513371844364        2.8419288072207056              787
   3.7829648361017352      -0.92221530830340814        2.8419288072207056              788
   3.7829648361017352       -1.8632513371844364        3.7829648361017352              789
   4.7240008649827629      -0.92221530830340814        3.7829648361017352              790
   4.7240008649827629       -1.8632513371844364        4.7240008649827629              791
   3.7829648361017352      -0.92221530830340814        4.7240008649827629              792
   3.7829648361017352        1.8820720577620520E-002  -5.6273954527085497              793
   4.7240008649827629       0.95985674945864918       -5.6273954527085497              794
   4.7240008649827629        1.8820720577620520E-002  -4.6863594238275210              795
   3.7829648361017352       0.95985674945864918       -4.6863594238275210              796
   3.7829648361017352        1.8820720577620520E-002  -3.7453233949464928              797
   4.7240008649827629       0.95985674945864918       -3.7453233949464928              798
   4.7240008649827629        1.8820720577620520E-002  -2.8042873660654641              799
   3.7829648361017352       0.95985674945864918       -2.8042873660654641              800
   3.7829648361017352        1.8820720577620520E-002  -1.8632513371844364              801
   4.7240008649827629       0.95985674945864918       -1.8632513371844364              802
   4.7240008649827629        1.8820720577620520E-002 -0.92221530830340814              803
   3.7829648361017352       0.95985674945864918      -0.92221530830340814              804
   3.7829648361017352        1.8820720577620520E-002   1.8820720577620520E-002         805
   4.7240008649827629       0.95985674945864918        1.8820720577620520E-002         806
   4.7240008649827629        1.8820720577620520E-002  0.95985674945864918              807
   3.7829648361017352       0.95985674945864918       0.95985674945864918              808
   3.7829648361017352        1.8820720577620520E-002   1.9008927783396778              809
   4.7240008649827629       0.95985674945864918        1.9008927783396778              810
