  -4.9159827348320695       -4.9159827348320695       -4.9159827348320695                1
  -4.0939120433885803       -4.0939120433885803       -4.9159827348320695                2
  -4.0939120433885803       -4.9159827348320695       -4.0939120433885803                3
  -4.9159827348320695       -4.0939120433885803       -4.0939120433885803                4
  -4.9159827348320695       -4.9159827348320695       -3.2718413519450902                5
  -4.0939120433885803       -4.0939120433885803       -3.2718413519450902                6
  -4.0939120433885803       -4.9159827348320695       -2.4497706605016001                7
  -4.9159827348320695       -4.0939120433885803       -2.4497706605016001                8
  -4.9159827348320695       -4.9159827348320695       -1.6276999690581104                9
  -4.0939120433885803       -4.0939120433885803       -1.6276999690581104               10
  -4.0939120433885803       -4.9159827348320695      -0.80562927761461989               11
  -4.9159827348320695       -4.0939120433885803      -0.80562927761461989               12
  -4.9159827348320695       -4.9159827348320695        1.6441413828869322E-002          13
  -4.0939120433885803       -4.0939120433885803        1.6441413828869322E-002          14
  -4.0939120433885803       -4.9159827348320695       0.83851210527235942               15
  -4.9159827348320695       -4.0939120433885803       0.83851210527235942               16
  -4.9159827348320695       -4.9159827348320695        1.6605827967158495               17
  -4.0939120433885803       -4.0939120433885803        1.6605827967158495               18
  -4.0939120433885803       -4.9159827348320695        2.4826534881593396               19
  -4.9159827348320695       -4.0939120433885803        2.4826534881593396               20
  -4.9159827348320695       -4.9159827348320695        3.3047241796028297               21
  -4.0939120433885803       -4.0939120433885803        3.3047241796028297               22
  -4.0939120433885803       -4.9159827348320695        4.1267948710463189               23
  -4.9159827348320695       -4.0939120433885803        4.1267948710463189               24
  -4.9159827348320695       -3.2718413519450902       -4.9159827348320695               25
  -4.0939120433885803       -2.4497706605016001       -4.9159827348320695               26
  -4.0939120433885803       -3.2718413519450902       -4.0939120433885803               27
  -4.9159827348320695       -2.4497706605016001       -4.0939120433885803               28
  -4.9159827348320695       -3.2718413519450902       -3.2718413519450902               29
  -4.0939120433885803       -2.4497706605016001       -3.2718413519450902               30
  -4.0939120433885803       -3.2718413519450902       -2.4497706605016001               31
  -4.9159827348320695       -2.4497706605016001       -2.4497706605016001               32
  -4.9159827348320695       -3.2718413519450902       -1.6276999690581104               33
  -4.0939120433885803       -2.4497706605016001       -1.6276999690581104               34
  -4.0939120433885803       -3.2718413519450902      -0.80562927761461989               35
  -4.9159827348320695       -2.4497706605016001      -0.80562927761461989               36
  -4.9159827348320695       -3.2718413519450902        1.6441413828869322E-002          37
  -4.0939120433885803       -2.4497706605016001        1.6441413828869322E-002          38
  -4.0939120433885803       -3.2718413519450902       0.83851210527235942               39
  -4.9159827348320695       -2.4497706605016001       0.83851210527235942               40
  -4.9159827348320695       -3.2718413519450902        1.6605827967158495               41
  -4.0939120433885803       -2.4497706605016001        1.6605827967158495               42
  -4.0939120433885803       -3.2718413519450902        2.4826534881593396               43
  -4.9159827348320695       -2.4497706605016001        2.4826534881593396               44
  -4.9159827348320695       -3.2718413519450902        3.3047241796028297               45
  -4.0939120433885803       -2.4497706605016001        3.3047241796028297               46
  -4.0939120433885803       -3.2718413519450902        4.1267948710463189               47
  -4.9159827348320695       -2.4497706605016001        4.1267948710463189               48
  -4.9159827348320695       -1.6276999690581104       -4.9159827348320695               49
  -4.0939120433885803      -0.80562927761461989       -4.9159827348320695               50
  -4.0939120433885803       -1.6276999690581104       -4.0939120433885803               51
  -4.9159827348320695      -0.80562927761461989       -4.0939120433885803               52
  -4.9159827348320695       -1.6276999690581104       -3.2718413519450902               53
  -4.0939120433885803      -0.80562927761461989       -3.2718413519450902               54
  -4.0939120433885803       -1.6276999690581104       -2.4497706605016001               55
  -4.9159827348320695      -0.80562927761461989       -2.4497706605016001               56
  -4.9159827348320695       -1.6276999690581104       -1.6276999690581104               57
  -4.0939120433885803      -0.80562927761461989       -1.6276999690581104               58
  -4.0939120433885803       -1.6276999690581104      -0.80562927761461989               59
  -4.9159827348320695      -0.80562927761461989      -0.80562927761461989               60
  -4.9159827348320695       -1.6276999690581104        1.6441413828869322E-002          61
  -4.0939120433885803      -0.80562927761461989        1.6441413828869322E-002          62
  -4.0939120433885803       -1.6276999690581104       0.83851210527235942               63
  -4.9159827348320695      -0.80562927761461989       0.83851210527235942               64
  -4.9159827348320695       -1.6276999690581104        1.6605827967158495               65
  -4.0939120433885803      -0.80562927761461989        1.6605827967158495               66
  -4.0939120433885803       -1.6276999690581104        2.4826534881593396               67
  -4.9159827348320695      -0.80562927761461989        2.4826534881593396               68
  -4.9159827348320695       -1.6276999690581104        3.3047241796028297               69
  -4.0939120433885803      -0.80562927761461989        3.3047241796028297               70
  -4.0939120433885803       -1.6276999690581104        4.1267948710463189               71
  -4.9159827348320695      -0.80562927761461989        4.1267948710463189               72
  -4.9159827348320695        1.6441413828869322E-002  -4.9159827348320695               73
  -4.0939120433885803       0.83851210527235942       -4.9159827348320695               74
  -4.0939120433885803        1.6441413828869322E-002  -4.0939120433885803               75
  -4.9159827348320695       0.83851210527235942       -4.0939120433885803               76
  -4.9159827348320695        1.6441413828869322E-002  -3.2718413519450902               77
  -4.0939120433885803       0.83851210527235942       -3.2718413519450902               78
  -4.0939120433885803        1.6441413828869322E-002  -2.4497706605016001               79
  -4.9159827348320695       0.83851210527235942       -2.4497706605016001               80
  -4.9159827348320695        1.6441413828869322E-002  -1.6276999690581104               81
  -4.0939120433885803       0.83851210527235942       -1.6276999690581104               82
  -4.0939120433885803        1.6441413828869322E-002 -0.80562927761461989               83
  -4.9159827348320695       0.83851210527235942      -0.80562927761461989               84
  -4.9159827348320695        1.6441413828869322E-002   1.6441413828869322E-002          85
  -4.0939120433885803       0.83851210527235942        1.6441413828869322E-002          86
  -4.0939120433885803        1.6441413828869322E-002  0.83851210527235942               87
  -4.9159827348320695       0.83851210527235942       0.83851210527235942               88
  -4.9159827348320695        1.6441413828869322E-002   1.6605827967158495               89
  -4.0939120433885803       0.83851210527235942        1.6605827967158495               90
  -4.0939120433885803        1.6441413828869322E-002   2.4826534881593396               91
  -4.9159827348320695       0.83851210527235942        2.4826534881593396               92
  -4.9159827348320695        1.6441413828869322E-002   3.3047241796028297               93
  -4.0939120433885803       0.83851210527235942        3.3047241796028297               94
  -4.0939120433885803        1.6441413828869322E-002   4.1267948710463189               95
  -4.9159827348320695       0.83851210527235942        4.1267948710463189               96
  -4.9159827348320695        1.6605827967158495       -4.9159827348320695               97
  -4.0939120433885803        2.4826534881593396       -4.9159827348320695               98
  -4.0939120433885803        1.6605827967158495       -4.0939120433885803               99
  -4.9159827348320695        2.4826534881593396       -4.0939120433885803              100
  -4.9159827348320695        1.6605827967158495       -3.2718413519450902              101
  -4.0939120433885803        2.4826534881593396       -3.2718413519450902              102
  -4.0939120433885803        1.6605827967158495       -2.4497706605016001              103
  -4.9159827348320695        2.4826534881593396       -2.4497706605016001              104
  -4.9159827348320695        1.6605827967158495       -1.6276999690581104              105
  -4.0939120433885803        2.4826534881593396       -1.6276999690581104              106
  -4.0939120433885803        1.6605827967158495      -0.80562927761461989              107
  -4.9159827348320695        2.4826534881593396      -0.80562927761461989              108
  -4.9159827348320695        1.6605827967158495        1.6441413828869322E-002         109
  -4.0939120433885803        2.4826534881593396        1.6441413828869322E-002         110
  -4.0939120433885803        1.6605827967158495       0.83851210527235942              111
  -4.9159827348320695        2.4826534881593396       0.83851210527235942              112
  -4.9159827348320695        1.6605827967158495        1.6605827967158495              113
  -4.0939120433885803        2.4826534881593396        1.6605827967158495              114
  -4.0939120433885803        1.6605827967158495        2.4826534881593396              115
  -4.9159827348320695        2.4826534881593396        2.4826534881593396              116
  -4.9159827348320695        1.6605827967158495        3.3047241796028297              117
  -4.0939120433885803        2.4826534881593396        3.3047241796028297              118
  -4.0939120433885803        1.6605827967158495        4.1267948710463189              119
  -4.9159827348320695        2.4826534881593396        4.1267948710463189              120
  -4.9159827348320695        3.3047241796028297       -4.9159827348320695              121
  -4.0939120433885803        4.1267948710463189       -4.9159827348320695              122
  -4.0939120433885803        3.3047241796028297       -4.0939120433885803              123
  -4.9159827348320695        4.1267948710463189       -4.0939120433885803              124
  -4.9159827348320695        3.3047241796028297       -3.2718413519450902              125
  -4.0939120433885803        4.1267948710463189       -3.2718413519450902              126
  -4.0939120433885803        3.3047241796028297       -2.4497706605016001              127
  -4.9159827348320695        4.1267948710463189       -2.4497706605016001              128
  -4.9159827348320695        3.3047241796028297       -1.6276999690581104              129
  -4.0939120433885803        4.1267948710463189       -1.6276999690581104              130
  -4.0939120433885803        3.3047241796028297      -0.80562927761461989              131
  -4.9159827348320695        4.1267948710463189      -0.80562927761461989              132
  -4.9159827348320695        3.3047241796028297        1.6441413828869322E-002         133
  -4.0939120433885803        4.1267948710463189        1.6441413828869322E-002         134
  -4.0939120433885803        3.3047241796028297       0.83851210527235942              135
  -4.9159827348320695        4.1267948710463189       0.83851210527235942              136
  -4.9159827348320695        3.3047241796028297        1.6605827967158495              137
  -4.0939120433885803        4.1267948710463189        1.6605827967158495              138
  -4.0939120433885803        3.3047241796028297        2.4826534881593396              139
  -4.9159827348320695        4.1267948710463189        2.4826534881593396              140
  -4.9159827348320695        3.3047241796028297        3.3047241796028297              141
  -4.0939120433885803        4.1267948710463189        3.3047241796028297              142
  -4.0939120433885803        3.3047241796028297        4.1267948710463189              143
  -4.9159827348320695        4.1267948710463189        4.1267948710463189              144
  -3.2718413519450902       -4.9159827348320695       -4.9159827348320695              145
  -2.4497706605016001       -4.0939120433885803       -4.9159827348320695              146
  -2.4497706605016001       -4.9159827348320695       -4.0939120433885803              147
  -3.2718413519450902       -4.0939120433885803       -4.0939120433885803              148
  -3.2718413519450902       -4.9159827348320695       -3.2718413519450902              149
  -2.4497706605016001       -4.0939120433885803       -3.2718413519450902              150
  -2.4497706605016001       -4.9159827348320695       -2.4497706605016001              151
  -3.2718413519450902       -4.0939120433885803       -2.4497706605016001              152
  -3.2718413519450902       -4.9159827348320695       -1.6276999690581104              153
  -2.4497706605016001       -4.0939120433885803       -1.6276999690581104              154
  -2.4497706605016001       -4.9159827348320695      -0.80562927761461989              155
  -3.2718413519450902       -4.0939120433885803      -0.80562927761461989              156
  -3.2718413519450902       -4.9159827348320695        1.6441413828869322E-002         157
  -2.4497706605016001       -4.0939120433885803        1.6441413828869322E-002         158
  -2.4497706605016001       -4.9159827348320695       0.83851210527235942              159
  -3.2718413519450902       -4.0939120433885803       0.83851210527235942              160
  -3.2718413519450902       -4.9159827348320695        1.6605827967158495              161
  -2.4497706605016001       -4.0939120433885803        1.6605827967158495              162
  -2.4497706605016001       -4.9159827348320695        2.4826534881593396              163
  -3.2718413519450902       -4.0939120433885803        2.4826534881593396              164
  -3.2718413519450902       -4.9159827348320695        3.3047241796028297              165
  -2.4497706605016001       -4.0939120433885803        3.3047241796028297              166
  -2.4497706605016001       -4.9159827348320695        4.1267948710463189              167
  -3.2718413519450902       -4.0939120433885803        4.1267948710463189              168
  -3.2718413519450902       -3.2718413519450902       -4.9159827348320695              169
  -2.4497706605016001       -2.4497706605016001       -4.9159827348320695              170
  -2.4497706605016001       -3.2718413519450902       -4.0939120433885803              171
  -3.2718413519450902       -2.4497706605016001       -4.0939120433885803              172
  -3.2718413519450902       -3.2718413519450902       -3.2718413519450902              173
  -2.4497706605016001       -2.4497706605016001       -3.2718413519450902              174
  -2.4497706605016001       -3.2718413519450902       -2.4497706605016001              175
  -3.2718413519450902       -2.4497706605016001       -2.4497706605016001              176
  -3.2718413519450902       -3.2718413519450902       -1.6276999690581104              177
  -2.4497706605016001       -2.4497706605016001       -1.6276999690581104              178
  -2.4497706605016001       -3.2718413519450902      -0.80562927761461989              179
  -3.2718413519450902       -2.4497706605016001      -0.80562927761461989              180
  -3.2718413519450902       -3.2718413519450902        1.6441413828869322E-002         181
  -2.4497706605016001       -2.4497706605016001        1.6441413828869322E-002         182
  -2.4497706605016001       -3.2718413519450902       0.83851210527235942              183
  -3.2718413519450902       -2.4497706605016001       0.83851210527235942              184
  -3.2718413519450902       -3.2718413519450902        1.6605827967158495              185
  -2.4497706605016001       -2.4497706605016001        1.6605827967158495              186
  -2.4497706605016001       -3.2718413519450902        2.4826534881593396              187
  -3.2718413519450902       -2.4497706605016001        2.4826534881593396              188
  -3.2718413519450902       -3.2718413519450902        3.3047241796028297              189
  -2.4497706605016001       -2.4497706605016001        3.3047241796028297              190
  -2.4497706605016001       -3.2718413519450902        4.1267948710463189              191
  -3.2718413519450902       -2.4497706605016001        4.1267948710463189              192
  -3.2718413519450902       -1.6276999690581104       -4.9159827348320695              193
  -2.4497706605016001      -0.80562927761461989       -4.9159827348320695              194
  -2.4497706605016001       -1.6276999690581104       -4.0939120433885803              195
  -3.2718413519450902      -0.80562927761461989       -4.0939120433885803              196
  -3.2718413519450902       -1.6276999690581104       -3.2718413519450902              197
  -2.4497706605016001      -0.80562927761461989       -3.2718413519450902              198
  -2.4497706605016001       -1.6276999690581104       -2.4497706605016001              199
  -3.2718413519450902      -0.80562927761461989       -2.4497706605016001              200
  -3.2718413519450902       -1.6276999690581104       -1.6276999690581104              201
  -2.4497706605016001      -0.80562927761461989       -1.6276999690581104              202
  -2.4497706605016001       -1.6276999690581104      -0.80562927761461989              203
  -3.2718413519450902      -0.80562927761461989      -0.80562927761461989              204
  -3.2718413519450902       -1.6276999690581104        1.6441413828869322E-002         205
  -2.4497706605016001      -0.80562927761461989        1.6441413828869322E-002         206
  -2.4497706605016001       -1.6276999690581104       0.83851210527235942              207
  -3.2718413519450902      -0.80562927761461989       0.83851210527235942              208
  -3.2718413519450902       -1.6276999690581104        1.6605827967158495              209
  -2.4497706605016001      -0.80562927761461989        1.6605827967158495              210
  -2.4497706605016001       -1.6276999690581104        2.4826534881593396              211
  -3.2718413519450902      -0.80562927761461989        2.4826534881593396              212
  -3.2718413519450902       -1.6276999690581104        3.3047241796028297              213
  -2.4497706605016001      -0.80562927761461989        3.3047241796028297              214
  -2.4497706605016001       -1.6276999690581104        4.1267948710463189              215
  -3.2718413519450902      -0.80562927761461989        4.1267948710463189              216
  -3.2718413519450902        1.6441413828869322E-002  -4.9159827348320695              217
  -2.4497706605016001       0.83851210527235942       -4.9159827348320695              218
  -2.4497706605016001        1.6441413828869322E-002  -4.0939120433885803              219
  -3.2718413519450902       0.83851210527235942       -4.0939120433885803              220
  -3.2718413519450902        1.6441413828869322E-002  -3.2718413519450902              221
  -2.4497706605016001       0.83851210527235942       -3.2718413519450902              222
  -2.4497706605016001        1.6441413828869322E-002  -2.4497706605016001              223
  -3.2718413519450902       0.83851210527235942       -2.4497706605016001              224
  -3.2718413519450902        1.6441413828869322E-002  -1.6276999690581104              225
  -2.4497706605016001       0.83851210527235942       -1.6276999690581104              226
  -2.4497706605016001        1.6441413828869322E-002 -0.80562927761461989              227
  -3.2718413519450902       0.83851210527235942      -0.80562927761461989              228
  -3.2718413519450902        1.6441413828869322E-002   1.6441413828869322E-002         229
  -2.4497706605016001       0.83851210527235942        1.6441413828869322E-002         230
  -2.4497706605016001        1.6441413828869322E-002  0.83851210527235942              231
  -3.2718413519450902       0.83851210527235942       0.83851210527235942              232
  -3.2718413519450902        1.6441413828869322E-002   1.6605827967158495              233
  -2.4497706605016001       0.83851210527235942        1.6605827967158495              234
  -2.4497706605016001        1.6441413828869322E-002   2.4826534881593396              235
  -3.2718413519450902       0.83851210527235942        2.4826534881593396              236
  -3.2718413519450902        1.6441413828869322E-002   3.3047241796028297              237
  -2.4497706605016001       0.83851210527235942        3.3047241796028297              238
  -2.4497706605016001        1.6441413828869322E-002   4.1267948710463189              239
  -3.2718413519450902       0.83851210527235942        4.1267948710463189              240
  -3.2718413519450902        1.6605827967158495       -4.9159827348320695              241
  -2.4497706605016001        2.4826534881593396       -4.9159827348320695              242
  -2.4497706605016001        1.6605827967158495       -4.0939120433885803              243
  -3.2718413519450902        2.4826534881593396       -4.0939120433885803              244
  -3.2718413519450902        1.6605827967158495       -3.2718413519450902              245
  -2.4497706605016001        2.4826534881593396       -3.2718413519450902              246
  -2.4497706605016001        1.6605827967158495       -2.4497706605016001              247
  -3.2718413519450902        2.4826534881593396       -2.4497706605016001              248
  -3.2718413519450902        1.6605827967158495       -1.6276999690581104              249
  -2.4497706605016001        2.4826534881593396       -1.6276999690581104              250
  -2.4497706605016001        1.6605827967158495      -0.80562927761461989              251
  -3.2718413519450902        2.4826534881593396      -0.80562927761461989              252
  -3.2718413519450902        1.6605827967158495        1.6441413828869322E-002         253
  -2.4497706605016001        2.4826534881593396        1.6441413828869322E-002         254
  -2.4497706605016001        1.6605827967158495       0.83851210527235942              255
  -3.2718413519450902        2.4826534881593396       0.83851210527235942              256
  -3.2718413519450902        1.6605827967158495        1.6605827967158495              257
  -2.4497706605016001        2.4826534881593396        1.6605827967158495              258
  -2.4497706605016001        1.6605827967158495        2.4826534881593396              259
  -3.2718413519450902        2.4826534881593396        2.4826534881593396              260
  -3.2718413519450902        1.6605827967158495        3.3047241796028297              261
  -2.4497706605016001        2.4826534881593396        3.3047241796028297              262
  -2.4497706605016001        1.6605827967158495        4.1267948710463189              263
  -3.2718413519450902        2.4826534881593396        4.1267948710463189              264
  -3.2718413519450902        3.3047241796028297       -4.9159827348320695              265
  -2.4497706605016001        4.1267948710463189       -4.9159827348320695              266
  -2.4497706605016001        3.3047241796028297       -4.0939120433885803              267
  -3.2718413519450902        4.1267948710463189       -4.0939120433885803              268
  -3.2718413519450902        3.3047241796028297       -3.2718413519450902              269
  -2.4497706605016001        4.1267948710463189       -3.2718413519450902              270
  -2.4497706605016001        3.3047241796028297       -2.4497706605016001              271
  -3.2718413519450902        4.1267948710463189       -2.4497706605016001              272
  -3.2718413519450902        3.3047241796028297       -1.6276999690581104              273
  -2.4497706605016001        4.1267948710463189       -1.6276999690581104              274
  -2.4497706605016001        3.3047241796028297      -0.80562927761461989              275
  -3.2718413519450902        4.1267948710463189      -0.80562927761461989              276
  -3.2718413519450902        3.3047241796028297        1.6441413828869322E-002         277
  -2.4497706605016001        4.1267948710463189        1.6441413828869322E-002         278
  -2.4497706605016001        3.3047241796028297       0.83851210527235942              279
  -3.2718413519450902        4.1267948710463189       0.83851210527235942              280
  -3.2718413519450902        3.3047241796028297        1.6605827967158495              281
  -2.4497706605016001        4.1267948710463189        1.6605827967158495              282
  -2.4497706605016001        3.3047241796028297        2.4826534881593396              283
  -3.2718413519450902        4.1267948710463189        2.4826534881593396              284
  -3.2718413519450902        3.3047241796028297        3.3047241796028297              285
  -2.4497706605016001        4.1267948710463189        3.3047241796028297              286
  -2.4497706605016001        3.3047241796028297        4.1267948710463189              287
  -3.2718413519450902        4.1267948710463189        4.1267948710463189              288
  -1.6276999690581104       -4.9159827348320695       -4.9159827348320695              289
 -0.80562927761461989       -4.0939120433885803       -4.9159827348320695              290
 -0.80562927761461989       -4.9159827348320695       -4.0939120433885803              291
  -1.6276999690581104       -4.0939120433885803       -4.0939120433885803              292
  -1.6276999690581104       -4.9159827348320695       -3.2718413519450902              293
 -0.80562927761461989       -4.0939120433885803       -3.2718413519450902              294
 -0.80562927761461989       -4.9159827348320695       -2.4497706605016001              295
  -1.6276999690581104       -4.0939120433885803       -2.4497706605016001              296
  -1.6276999690581104       -4.9159827348320695       -1.6276999690581104              297
 -0.80562927761461989       -4.0939120433885803       -1.6276999690581104              298
 -0.80562927761461989       -4.9159827348320695      -0.80562927761461989              299
  -1.6276999690581104       -4.0939120433885803      -0.80562927761461989              300
  -1.6276999690581104       -4.9159827348320695        1.6441413828869322E-002         301
 -0.80562927761461989       -4.0939120433885803        1.6441413828869322E-002         302
 -0.80562927761461989       -4.9159827348320695       0.83851210527235942              303
  -1.6276999690581104       -4.0939120433885803       0.83851210527235942              304
  -1.6276999690581104       -4.9159827348320695        1.6605827967158495              305
 -0.80562927761461989       -4.0939120433885803        1.6605827967158495              306
 -0.80562927761461989       -4.9159827348320695        2.4826534881593396              307
  -1.6276999690581104       -4.0939120433885803        2.4826534881593396              308
  -1.6276999690581104       -4.9159827348320695        3.3047241796028297              309
 -0.80562927761461989       -4.0939120433885803        3.3047241796028297              310
 -0.80562927761461989       -4.9159827348320695        4.1267948710463189              311
  -1.6276999690581104       -4.0939120433885803        4.1267948710463189              312
  -1.6276999690581104       -3.2718413519450902       -4.9159827348320695              313
 -0.80562927761461989       -2.4497706605016001       -4.9159827348320695              314
 -0.80562927761461989       -3.2718413519450902       -4.0939120433885803              315
  -1.6276999690581104       -2.4497706605016001       -4.0939120433885803              316
  -1.6276999690581104       -3.2718413519450902       -3.2718413519450902              317
 -0.80562927761461989       -2.4497706605016001       -3.2718413519450902              318
 -0.80562927761461989       -3.2718413519450902       -2.4497706605016001              319
  -1.6276999690581104       -2.4497706605016001       -2.4497706605016001              320
  -1.6276999690581104       -3.2718413519450902       -1.6276999690581104              321
 -0.80562927761461989       -2.4497706605016001       -1.6276999690581104              322
 -0.80562927761461989       -3.2718413519450902      -0.80562927761461989              323
  -1.6276999690581104       -2.4497706605016001      -0.80562927761461989              324
  -1.6276999690581104       -3.2718413519450902        1.6441413828869322E-002         325
 -0.80562927761461989       -2.4497706605016001        1.6441413828869322E-002         326
 -0.80562927761461989       -3.2718413519450902       0.83851210527235942              327
  -1.6276999690581104       -2.4497706605016001       0.83851210527235942              328
  -1.6276999690581104       -3.2718413519450902        1.6605827967158495              329
 -0.80562927761461989       -2.4497706605016001        1.6605827967158495              330
 -0.80562927761461989       -3.2718413519450902        2.4826534881593396              331
  -1.6276999690581104       -2.4497706605016001        2.4826534881593396              332
  -1.6276999690581104       -3.2718413519450902        3.3047241796028297              333
 -0.80562927761461989       -2.4497706605016001        3.3047241796028297              334
 -0.80562927761461989       -3.2718413519450902        4.1267948710463189              335
  -1.6276999690581104       -2.4497706605016001        4.1267948710463189              336
  -1.6276999690581104       -1.6276999690581104       -4.9159827348320695              337
 -0.80562927761461989      -0.80562927761461989       -4.9159827348320695              338
 -0.80562927761461989       -1.6276999690581104       -4.0939120433885803              339
  -1.6276999690581104      -0.80562927761461989       -4.0939120433885803              340
  -1.6276999690581104       -1.6276999690581104       -3.2718413519450902              341
 -0.80562927761461989      -0.80562927761461989       -3.2718413519450902              342
 -0.80562927761461989       -1.6276999690581104       -2.4497706605016001              343
  -1.6276999690581104      -0.80562927761461989       -2.4497706605016001              344
  -1.6276999690581104       -1.6276999690581104       -1.6276999690581104              345
 -0.80562927761461989      -0.80562927761461989       -1.6276999690581104              346
 -0.80562927761461989       -1.6276999690581104      -0.80562927761461989              347
  -1.6276999690581104      -0.80562927761461989      -0.80562927761461989              348
  -1.6276999690581104       -1.6276999690581104        1.6441413828869322E-002         349
 -0.80562927761461989      -0.80562927761461989        1.6441413828869322E-002         350
 -0.80562927761461989       -1.6276999690581104       0.83851210527235942              351
  -1.6276999690581104      -0.80562927761461989       0.83851210527235942              352
  -1.6276999690581104       -1.6276999690581104        1.6605827967158495              353
 -0.80562927761461989      -0.80562927761461989        1.6605827967158495              354
 -0.80562927761461989       -1.6276999690581104        2.4826534881593396              355
  -1.6276999690581104      -0.80562927761461989        2.4826534881593396              356
  -1.6276999690581104       -1.6276999690581104        3.3047241796028297              357
 -0.80562927761461989      -0.80562927761461989        3.3047241796028297              358
 -0.80562927761461989       -1.6276999690581104        4.1267948710463189              359
  -1.6276999690581104      -0.80562927761461989        4.1267948710463189              360
  -1.6276999690581104        1.6441413828869322E-002  -4.9159827348320695              361
 -0.80562927761461989       0.83851210527235942       -4.9159827348320695              362
 -0.80562927761461989        1.6441413828869322E-002  -4.0939120433885803              363
  -1.6276999690581104       0.83851210527235942       -4.0939120433885803              364
  -1.6276999690581104        1.6441413828869322E-002  -3.2718413519450902              365
 -0.80562927761461989       0.83851210527235942       -3.2718413519450902              366
 -0.80562927761461989        1.6441413828869322E-002  -2.4497706605016001              367
  -1.6276999690581104       0.83851210527235942       -2.4497706605016001              368
  -1.6276999690581104        1.6441413828869322E-002  -1.6276999690581104              369
 -0.80562927761461989       0.83851210527235942       -1.6276999690581104              370
 -0.80562927761461989        1.6441413828869322E-002 -0.80562927761461989              371
  -1.6276999690581104       0.83851210527235942      -0.80562927761461989              372
  -1.6276999690581104        1.6441413828869322E-002   1.6441413828869322E-002         373
 -0.80562927761461989       0.83851210527235942        1.6441413828869322E-002         374
 -0.80562927761461989        1.6441413828869322E-002  0.83851210527235942              375
  -1.6276999690581104       0.83851210527235942       0.83851210527235942              376
  -1.6276999690581104        1.6441413828869322E-002   1.6605827967158495              377
 -0.80562927761461989       0.83851210527235942        1.6605827967158495              378
 -0.80562927761461989        1.6441413828869322E-002   2.4826534881593396              379
  -1.6276999690581104       0.83851210527235942        2.4826534881593396              380
  -1.6276999690581104        1.6441413828869322E-002   3.3047241796028297              381
 -0.80562927761461989       0.83851210527235942        3.3047241796028297              382
 -0.80562927761461989        1.6441413828869322E-002   4.1267948710463189              383
  -1.6276999690581104       0.83851210527235942        4.1267948710463189              384
  -1.6276999690581104        1.6605827967158495       -4.9159827348320695              385
 -0.80562927761461989        2.4826534881593396       -4.9159827348320695              386
 -0.80562927761461989        1.6605827967158495       -4.0939120433885803              387
  -1.6276999690581104        2.4826534881593396       -4.0939120433885803              388
  -1.6276999690581104        1.6605827967158495       -3.2718413519450902              389
 -0.80562927761461989        2.4826534881593396       -3.2718413519450902              390
 -0.80562927761461989        1.6605827967158495       -2.4497706605016001              391
  -1.6276999690581104        2.4826534881593396       -2.4497706605016001              392
  -1.6276999690581104        1.6605827967158495       -1.6276999690581104              393
 -0.80562927761461989        2.4826534881593396       -1.6276999690581104              394
 -0.80562927761461989        1.6605827967158495      -0.80562927761461989              395
  -1.6276999690581104        2.4826534881593396      -0.80562927761461989              396
  -1.6276999690581104        1.6605827967158495        1.6441413828869322E-002         397
 -0.80562927761461989        2.4826534881593396        1.6441413828869322E-002         398
 -0.80562927761461989        1.6605827967158495       0.83851210527235942              399
  -1.6276999690581104        2.4826534881593396       0.83851210527235942              400
  -1.6276999690581104        1.6605827967158495        1.6605827967158495              401
 -0.80562927761461989        2.4826534881593396        1.6605827967158495              402
 -0.80562927761461989        1.6605827967158495        2.4826534881593396              403
  -1.6276999690581104        2.4826534881593396        2.4826534881593396              404
  -1.6276999690581104        1.6605827967158495        3.3047241796028297              405
 -0.80562927761461989        2.4826534881593396        3.3047241796028297              406
 -0.80562927761461989        1.6605827967158495        4.1267948710463189              407
  -1.6276999690581104        2.4826534881593396        4.1267948710463189              408
  -1.6276999690581104        3.3047241796028297       -4.9159827348320695              409
 -0.80562927761461989        4.1267948710463189       -4.9159827348320695              410
 -0.80562927761461989        3.3047241796028297       -4.0939120433885803              411
  -1.6276999690581104        4.1267948710463189       -4.0939120433885803              412
  -1.6276999690581104        3.3047241796028297       -3.2718413519450902              413
 -0.80562927761461989        4.1267948710463189       -3.2718413519450902              414
 -0.80562927761461989        3.3047241796028297       -2.4497706605016001              415
  -1.6276999690581104        4.1267948710463189       -2.4497706605016001              416
  -1.6276999690581104        3.3047241796028297       -1.6276999690581104              417
 -0.80562927761461989        4.1267948710463189       -1.6276999690581104              418
 -0.80562927761461989        3.3047241796028297      -0.80562927761461989              419
  -1.6276999690581104        4.1267948710463189      -0.80562927761461989              420
  -1.6276999690581104        3.3047241796028297        1.6441413828869322E-002         421
 -0.80562927761461989        4.1267948710463189        1.6441413828869322E-002         422
 -0.80562927761461989        3.3047241796028297       0.83851210527235942              423
  -1.6276999690581104        4.1267948710463189       0.83851210527235942              424
  -1.6276999690581104        3.3047241796028297        1.6605827967158495              425
 -0.80562927761461989        4.1267948710463189        1.6605827967158495              426
 -0.80562927761461989        3.3047241796028297        2.4826534881593396              427
  -1.6276999690581104        4.1267948710463189        2.4826534881593396              428
  -1.6276999690581104        3.3047241796028297        3.3047241796028297              429
 -0.80562927761461989        4.1267948710463189        3.3047241796028297              430
 -0.80562927761461989        3.3047241796028297        4.1267948710463189              431
  -1.6276999690581104        4.1267948710463189        4.1267948710463189              432
   1.6441413828869322E-002  -4.9159827348320695       -4.9159827348320695              433
  0.83851210527235942       -4.0939120433885803       -4.9159827348320695              434
  0.83851210527235942       -4.9159827348320695       -4.0939120433885803              435
   1.6441413828869322E-002  -4.0939120433885803       -4.0939120433885803              436
   1.6441413828869322E-002  -4.9159827348320695       -3.2718413519450902              437
  0.83851210527235942       -4.0939120433885803       -3.2718413519450902              438
  0.83851210527235942       -4.9159827348320695       -2.4497706605016001              439
   1.6441413828869322E-002  -4.0939120433885803       -2.4497706605016001              440
   1.6441413828869322E-002  -4.9159827348320695       -1.6276999690581104              441
  0.83851210527235942       -4.0939120433885803       -1.6276999690581104              442
  0.83851210527235942       -4.9159827348320695      -0.80562927761461989              443
   1.6441413828869322E-002  -4.0939120433885803      -0.80562927761461989              444
   1.6441413828869322E-002  -4.9159827348320695        1.6441413828869322E-002         445
  0.83851210527235942       -4.0939120433885803        1.6441413828869322E-002         446
  0.83851210527235942       -4.9159827348320695       0.83851210527235942              447
   1.6441413828869322E-002  -4.0939120433885803       0.83851210527235942              448
   1.6441413828869322E-002  -4.9159827348320695        1.6605827967158495              449
  0.83851210527235942       -4.0939120433885803        1.6605827967158495              450
  0.83851210527235942       -4.9159827348320695        2.4826534881593396              451
   1.6441413828869322E-002  -4.0939120433885803        2.4826534881593396              452
   1.6441413828869322E-002  -4.9159827348320695        3.3047241796028297              453
  0.83851210527235942       -4.0939120433885803        3.3047241796028297              454
  0.83851210527235942       -4.9159827348320695        4.1267948710463189              455
   1.6441413828869322E-002  -4.0939120433885803        4.1267948710463189              456
   1.6441413828869322E-002  -3.2718413519450902       -4.9159827348320695              457
  0.83851210527235942       -2.4497706605016001       -4.9159827348320695              458
  0.83851210527235942       -3.2718413519450902       -4.0939120433885803              459
   1.6441413828869322E-002  -2.4497706605016001       -4.0939120433885803              460
   1.6441413828869322E-002  -3.2718413519450902       -3.2718413519450902              461
  0.83851210527235942       -2.4497706605016001       -3.2718413519450902              462
  0.83851210527235942       -3.2718413519450902       -2.4497706605016001              463
   1.6441413828869322E-002  -2.4497706605016001       -2.4497706605016001              464
   1.6441413828869322E-002  -3.2718413519450902       -1.6276999690581104              465
  0.83851210527235942       -2.4497706605016001       -1.6276999690581104              466
  0.83851210527235942       -3.2718413519450902      -0.80562927761461989              467
   1.6441413828869322E-002  -2.4497706605016001      -0.80562927761461989              468
   1.6441413828869322E-002  -3.2718413519450902        1.6441413828869322E-002         469
  0.83851210527235942       -2.4497706605016001        1.6441413828869322E-002         470
  0.83851210527235942       -3.2718413519450902       0.83851210527235942              471
   1.6441413828869322E-002  -2.4497706605016001       0.83851210527235942              472
   1.6441413828869322E-002  -3.2718413519450902        1.6605827967158495              473
  0.83851210527235942       -2.4497706605016001        1.6605827967158495              474
  0.83851210527235942       -3.2718413519450902        2.4826534881593396              475
   1.6441413828869322E-002  -2.4497706605016001        2.4826534881593396              476
   1.6441413828869322E-002  -3.2718413519450902        3.3047241796028297              477
  0.83851210527235942       -2.4497706605016001        3.3047241796028297              478
  0.83851210527235942       -3.2718413519450902        4.1267948710463189              479
   1.6441413828869322E-002  -2.4497706605016001        4.1267948710463189              480
   1.6441413828869322E-002  -1.6276999690581104       -4.9159827348320695              481
  0.83851210527235942      -0.80562927761461989       -4.9159827348320695              482
  0.83851210527235942       -1.6276999690581104       -4.0939120433885803              483
   1.6441413828869322E-002 -0.80562927761461989       -4.0939120433885803              484
   1.6441413828869322E-002  -1.6276999690581104       -3.2718413519450902              485
  0.83851210527235942      -0.80562927761461989       -3.2718413519450902              486
  0.83851210527235942       -1.6276999690581104       -2.4497706605016001              487
   1.6441413828869322E-002 -0.80562927761461989       -2.4497706605016001              488
   1.6441413828869322E-002  -1.6276999690581104       -1.6276999690581104              489
  0.83851210527235942      -0.80562927761461989       -1.6276999690581104              490
  0.83851210527235942       -1.6276999690581104      -0.80562927761461989              491
   1.6441413828869322E-002 -0.80562927761461989      -0.80562927761461989              492
   1.6441413828869322E-002  -1.6276999690581104        1.6441413828869322E-002         493
  0.83851210527235942      -0.80562927761461989        1.6441413828869322E-002         494
  0.83851210527235942       -1.6276999690581104       0.83851210527235942              495
   1.6441413828869322E-002 -0.80562927761461989       0.83851210527235942              496
   1.6441413828869322E-002  -1.6276999690581104        1.6605827967158495              497
  0.83851210527235942      -0.80562927761461989        1.6605827967158495              498
  0.83851210527235942       -1.6276999690581104        2.4826534881593396              499
   1.6441413828869322E-002 -0.80562927761461989        2.4826534881593396              500
   1.6441413828869322E-002  -1.6276999690581104        3.3047241796028297              501
  0.83851210527235942      -0.80562927761461989        3.3047241796028297              502
  0.83851210527235942       -1.6276999690581104        4.1267948710463189              503
   1.6441413828869322E-002 -0.80562927761461989        4.1267948710463189              504
   1.6441413828869322E-002   1.6441413828869322E-002  -4.9159827348320695              505
  0.83851210527235942       0.83851210527235942       -4.9159827348320695              506
  0.83851210527235942        1.6441413828869322E-002  -4.0939120433885803              507
   1.6441413828869322E-002  0.83851210527235942       -4.0939120433885803              508
   1.6441413828869322E-002   1.6441413828869322E-002  -3.2718413519450902              509
  0.83851210527235942       0.83851210527235942       -3.2718413519450902              510
  0.83851210527235942        1.6441413828869322E-002  -2.4497706605016001              511
   1.6441413828869322E-002  0.83851210527235942       -2.4497706605016001              512
   1.6441413828869322E-002   1.6441413828869322E-002  -1.6276999690581104              513
  0.83851210527235942       0.83851210527235942       -1.6276999690581104              514
  0.83851210527235942        1.6441413828869322E-002 -0.80562927761461989              515
   1.6441413828869322E-002  0.83851210527235942      -0.80562927761461989              516
   1.6441413828869322E-002   1.6441413828869322E-002   1.6441413828869322E-002         517
  0.83851210527235942       0.83851210527235942        1.6441413828869322E-002         518
  0.83851210527235942        1.6441413828869322E-002  0.83851210527235942              519
   1.6441413828869322E-002  0.83851210527235942       0.83851210527235942              520
   1.6441413828869322E-002   1.6441413828869322E-002   1.6605827967158495              521
  0.83851210527235942       0.83851210527235942        1.6605827967158495              522
  0.83851210527235942        1.6441413828869322E-002   2.4826534881593396              523
   1.6441413828869322E-002  0.83851210527235942        2.4826534881593396              524
   1.6441413828869322E-002   1.6441413828869322E-002   3.3047241796028297              525
  0.83851210527235942       0.83851210527235942        3.3047241796028297              526
  0.83851210527235942        1.6441413828869322E-002   4.1267948710463189              527
   1.6441413828869322E-002  0.83851210527235942        4.1267948710463189              528
   1.6441413828869322E-002   1.6605827967158495       -4.9159827348320695              529
  0.83851210527235942        2.4826534881593396       -4.9159827348320695              530
  0.83851210527235942        1.6605827967158495       -4.0939120433885803              531
   1.6441413828869322E-002   2.4826534881593396       -4.0939120433885803              532
   1.6441413828869322E-002   1.6605827967158495       -3.2718413519450902              533
  0.83851210527235942        2.4826534881593396       -3.2718413519450902              534
  0.83851210527235942        1.6605827967158495       -2.4497706605016001              535
   1.6441413828869322E-002   2.4826534881593396       -2.4497706605016001              536
   1.6441413828869322E-002   1.6605827967158495       -1.6276999690581104              537
  0.83851210527235942        2.4826534881593396       -1.6276999690581104              538
  0.83851210527235942        1.6605827967158495      -0.80562927761461989              539
   1.6441413828869322E-002   2.4826534881593396      -0.80562927761461989              540
   1.6441413828869322E-002   1.6605827967158495        1.6441413828869322E-002         541
  0.83851210527235942        2.4826534881593396        1.6441413828869322E-002         542
  0.83851210527235942        1.6605827967158495       0.83851210527235942              543
   1.6441413828869322E-002   2.4826534881593396       0.83851210527235942              544
   1.6441413828869322E-002   1.6605827967158495        1.6605827967158495              545
  0.83851210527235942        2.4826534881593396        1.6605827967158495              546
  0.83851210527235942        1.6605827967158495        2.4826534881593396              547
   1.6441413828869322E-002   2.4826534881593396        2.4826534881593396              548
   1.6441413828869322E-002   1.6605827967158495        3.3047241796028297              549
  0.83851210527235942        2.4826534881593396        3.3047241796028297              550
  0.83851210527235942        1.6605827967158495        4.1267948710463189              551
   1.6441413828869322E-002   2.4826534881593396        4.1267948710463189              552
   1.6441413828869322E-002   3.3047241796028297       -4.9159827348320695              553
  0.83851210527235942        4.1267948710463189       -4.9159827348320695              554
  0.83851210527235942        3.3047241796028297       -4.0939120433885803              555
   1.6441413828869322E-002   4.1267948710463189       -4.0939120433885803              556
   1.6441413828869322E-002   3.3047241796028297       -3.2718413519450902              557
  0.83851210527235942        4.1267948710463189       -3.2718413519450902              558
  0.83851210527235942        3.3047241796028297       -2.4497706605016001              559
   1.6441413828869322E-002   4.1267948710463189       -2.4497706605016001              560
   1.6441413828869322E-002   3.3047241796028297       -1.6276999690581104              561
  0.83851210527235942        4.1267948710463189       -1.6276999690581104              562
  0.83851210527235942        3.3047241796028297      -0.80562927761461989              563
   1.6441413828869322E-002   4.1267948710463189      -0.80562927761461989              564
   1.6441413828869322E-002   3.3047241796028297        1.6441413828869322E-002         565
  0.83851210527235942        4.1267948710463189        1.6441413828869322E-002         566
  0.83851210527235942        3.3047241796028297       0.83851210527235942              567
   1.6441413828869322E-002   4.1267948710463189       0.83851210527235942              568
   1.6441413828869322E-002   3.3047241796028297        1.6605827967158495              569
  0.83851210527235942        4.1267948710463189        1.6605827967158495              570
  0.83851210527235942        3.3047241796028297        2.4826534881593396              571
   1.6441413828869322E-002   4.1267948710463189        2.4826534881593396              572
   1.6441413828869322E-002   3.3047241796028297        3.3047241796028297              573
  0.83851210527235942        4.1267948710463189        3.3047241796028297              574
  0.83851210527235942        3.3047241796028297        4.1267948710463189              575
   1.6441413828869322E-002   4.1267948710463189        4.1267948710463189              576
   1.6605827967158495       -4.9159827348320695       -4.9159827348320695              577
   2.4826534881593396       -4.0939120433885803       -4.9159827348320695              578
   2.4826534881593396       -4.9159827348320695       -4.0939120433885803              579
   1.6605827967158495       -4.0939120433885803       -4.0939120433885803              580
   1.6605827967158495       -4.9159827348320695       -3.2718413519450902              581
   2.4826534881593396       -4.0939120433885803       -3.2718413519450902              582
   2.4826534881593396       -4.9159827348320695       -2.4497706605016001              583
   1.6605827967158495       -4.0939120433885803       -2.4497706605016001              584
   1.6605827967158495       -4.9159827348320695       -1.6276999690581104              585
   2.4826534881593396       -4.0939120433885803       -1.6276999690581104              586
   2.4826534881593396       -4.9159827348320695      -0.80562927761461989              587
   1.6605827967158495       -4.0939120433885803      -0.80562927761461989              588
   1.6605827967158495       -4.9159827348320695        1.6441413828869322E-002         589
   2.4826534881593396       -4.0939120433885803        1.6441413828869322E-002         590
   2.4826534881593396       -4.9159827348320695       0.83851210527235942              591
   1.6605827967158495       -4.0939120433885803       0.83851210527235942              592
   1.6605827967158495       -4.9159827348320695        1.6605827967158495              593
   2.4826534881593396       -4.0939120433885803        1.6605827967158495              594
   2.4826534881593396       -4.9159827348320695        2.4826534881593396              595
   1.6605827967158495       -4.0939120433885803        2.4826534881593396              596
   1.6605827967158495       -4.9159827348320695        3.3047241796028297              597
   2.4826534881593396       -4.0939120433885803        3.3047241796028297              598
   2.4826534881593396       -4.9159827348320695        4.1267948710463189              599
   1.6605827967158495       -4.0939120433885803        4.1267948710463189              600
   1.6605827967158495       -3.2718413519450902       -4.9159827348320695              601
   2.4826534881593396       -2.4497706605016001       -4.9159827348320695              602
   2.4826534881593396       -3.2718413519450902       -4.0939120433885803              603
   1.6605827967158495       -2.4497706605016001       -4.0939120433885803              604
   1.6605827967158495       -3.2718413519450902       -3.2718413519450902              605
   2.4826534881593396       -2.4497706605016001       -3.2718413519450902              606
   2.4826534881593396       -3.2718413519450902       -2.4497706605016001              607
   1.6605827967158495       -2.4497706605016001       -2.4497706605016001              608
   1.6605827967158495       -3.2718413519450902       -1.6276999690581104              609
   2.4826534881593396       -2.4497706605016001       -1.6276999690581104              610
   2.4826534881593396       -3.2718413519450902      -0.80562927761461989              611
   1.6605827967158495       -2.4497706605016001      -0.80562927761461989              612
   1.6605827967158495       -3.2718413519450902        1.6441413828869322E-002         613
   2.4826534881593396       -2.4497706605016001        1.6441413828869322E-002         614
   2.4826534881593396       -3.2718413519450902       0.83851210527235942              615
   1.6605827967158495       -2.4497706605016001       0.83851210527235942              616
   1.6605827967158495       -3.2718413519450902        1.6605827967158495              617
   2.4826534881593396       -2.4497706605016001        1.6605827967158495              618
   2.4826534881593396       -3.2718413519450902        2.4826534881593396              619
   1.6605827967158495       -2.4497706605016001        2.4826534881593396              620
   1.6605827967158495       -3.2718413519450902        3.3047241796028297              621
   2.4826534881593396       -2.4497706605016001        3.3047241796028297              622
   2.4826534881593396       -3.2718413519450902        4.1267948710463189              623
   1.6605827967158495       -2.4497706605016001        4.1267948710463189              624
   1.6605827967158495       -1.6276999690581104       -4.9159827348320695              625
   2.4826534881593396      -0.80562927761461989       -4.9159827348320695              626
   2.4826534881593396       -1.6276999690581104       -4.0939120433885803              627
   1.6605827967158495      -0.80562927761461989       -4.0939120433885803              628
   1.6605827967158495       -1.6276999690581104       -3.2718413519450902              629
   2.4826534881593396      -0.80562927761461989       -3.2718413519450902              630
   2.4826534881593396       -1.6276999690581104       -2.4497706605016001              631
   1.6605827967158495      -0.80562927761461989       -2.4497706605016001              632
   1.6605827967158495       -1.6276999690581104       -1.6276999690581104              633
   2.4826534881593396      -0.80562927761461989       -1.6276999690581104              634
   2.4826534881593396       -1.6276999690581104      -0.80562927761461989              635
   1.6605827967158495      -0.80562927761461989      -0.80562927761461989              636
   1.6605827967158495       -1.6276999690581104        1.6441413828869322E-002         637
   2.4826534881593396      -0.80562927761461989        1.6441413828869322E-002         638
   2.4826534881593396       -1.6276999690581104       0.83851210527235942              639
   1.6605827967158495      -0.80562927761461989       0.83851210527235942              640
   1.6605827967158495       -1.6276999690581104        1.6605827967158495              641
   2.4826534881593396      -0.80562927761461989        1.6605827967158495              642
   2.4826534881593396       -1.6276999690581104        2.4826534881593396              643
   1.6605827967158495      -0.80562927761461989        2.4826534881593396              644
   1.6605827967158495       -1.6276999690581104        3.3047241796028297              645
   2.4826534881593396      -0.80562927761461989        3.3047241796028297              646
   2.4826534881593396       -1.6276999690581104        4.1267948710463189              647
   1.6605827967158495      -0.80562927761461989        4.1267948710463189              648
   1.6605827967158495        1.6441413828869322E-002  -4.9159827348320695              649
   2.4826534881593396       0.83851210527235942       -4.9159827348320695              650
   2.4826534881593396        1.6441413828869322E-002  -4.0939120433885803              651
   1.6605827967158495       0.83851210527235942       -4.0939120433885803              652
   1.6605827967158495        1.6441413828869322E-002  -3.2718413519450902              653
   2.4826534881593396       0.83851210527235942       -3.2718413519450902              654
   2.4826534881593396        1.6441413828869322E-002  -2.4497706605016001              655
   1.6605827967158495       0.83851210527235942       -2.4497706605016001              656
   1.6605827967158495        1.6441413828869322E-002  -1.6276999690581104              657
   2.4826534881593396       0.83851210527235942       -1.6276999690581104              658
   2.4826534881593396        1.6441413828869322E-002 -0.80562927761461989              659
   1.6605827967158495       0.83851210527235942      -0.80562927761461989              660
   1.6605827967158495        1.6441413828869322E-002   1.6441413828869322E-002         661
   2.4826534881593396       0.83851210527235942        1.6441413828869322E-002         662
   2.4826534881593396        1.6441413828869322E-002  0.83851210527235942              663
   1.6605827967158495       0.83851210527235942       0.83851210527235942              664
   1.6605827967158495        1.6441413828869322E-002   1.6605827967158495              665
   2.4826534881593396       0.83851210527235942        1.6605827967158495              666
   2.4826534881593396        1.6441413828869322E-002   2.4826534881593396              667
   1.6605827967158495       0.83851210527235942        2.4826534881593396              668
   1.6605827967158495        1.6441413828869322E-002   3.3047241796028297              669
   2.4826534881593396       0.83851210527235942        3.3047241796028297              670
   2.4826534881593396        1.6441413828869322E-002   4.1267948710463189              671
   1.6605827967158495       0.83851210527235942        4.1267948710463189              672
   1.6605827967158495        1.6605827967158495       -4.9159827348320695              673
   2.4826534881593396        2.4826534881593396       -4.9159827348320695              674
   2.4826534881593396        1.6605827967158495       -4.0939120433885803              675
   1.6605827967158495        2.4826534881593396       -4.0939120433885803              676
   1.6605827967158495        1.6605827967158495       -3.2718413519450902              677
   2.4826534881593396        2.4826534881593396       -3.2718413519450902              678
   2.4826534881593396        1.6605827967158495       -2.4497706605016001              679
   1.6605827967158495        2.4826534881593396       -2.4497706605016001              680
   1.6605827967158495        1.6605827967158495       -1.6276999690581104              681
   2.4826534881593396        2.4826534881593396       -1.6276999690581104              682
   2.4826534881593396        1.6605827967158495      -0.80562927761461989              683
   1.6605827967158495        2.4826534881593396      -0.80562927761461989              684
   1.6605827967158495        1.6605827967158495        1.6441413828869322E-002         685
   2.4826534881593396        2.4826534881593396        1.6441413828869322E-002         686
   2.4826534881593396        1.6605827967158495       0.83851210527235942              687
   1.6605827967158495        2.4826534881593396       0.83851210527235942              688
   1.6605827967158495        1.6605827967158495        1.6605827967158495              689
   2.4826534881593396        2.4826534881593396        1.6605827967158495              690
   2.4826534881593396        1.6605827967158495        2.4826534881593396              691
   1.6605827967158495        2.4826534881593396        2.4826534881593396              692
   1.6605827967158495        1.6605827967158495        3.3047241796028297              693
   2.4826534881593396        2.4826534881593396        3.3047241796028297              694
   2.4826534881593396        1.6605827967158495        4.1267948710463189              695
   1.6605827967158495        2.4826534881593396        4.1267948710463189              696
   1.6605827967158495        3.3047241796028297       -4.9159827348320695              697
   2.4826534881593396        4.1267948710463189       -4.9159827348320695              698
   2.4826534881593396        3.3047241796028297       -4.0939120433885803              699
   1.6605827967158495        4.1267948710463189       -4.0939120433885803              700
   1.6605827967158495        3.3047241796028297       -3.2718413519450902              701
   2.4826534881593396        4.1267948710463189       -3.2718413519450902              702
   2.4826534881593396        3.3047241796028297       -2.4497706605016001              703
   1.6605827967158495        4.1267948710463189       -2.4497706605016001              704
   1.6605827967158495        3.3047241796028297       -1.6276999690581104              705
   2.4826534881593396        4.1267948710463189       -1.6276999690581104              706
   2.4826534881593396        3.3047241796028297      -0.80562927761461989              707
   1.6605827967158495        4.1267948710463189      -0.80562927761461989              708
   1.6605827967158495        3.3047241796028297        1.6441413828869322E-002         709
   2.4826534881593396        4.1267948710463189        1.6441413828869322E-002         710
   2.4826534881593396        3.3047241796028297       0.83851210527235942              711
   1.6605827967158495        4.1267948710463189       0.83851210527235942              712
   1.6605827967158495        3.3047241796028297        1.6605827967158495              713
   2.4826534881593396        4.1267948710463189        1.6605827967158495              714
   2.4826534881593396        3.3047241796028297        2.4826534881593396              715
   1.6605827967158495        4.1267948710463189        2.4826534881593396              716
   1.6605827967158495        3.3047241796028297        3.3047241796028297              717
   2.4826534881593396        4.1267948710463189        3.3047241796028297              718
   2.4826534881593396        3.3047241796028297        4.1267948710463189              719
   1.6605827967158495        4.1267948710463189        4.1267948710463189              720
   3.3047241796028297       -4.9159827348320695       -4.9159827348320695              721
   4.1267948710463189       -4.0939120433885803       -4.9159827348320695              722
   4.1267948710463189       -4.9159827348320695       -4.0939120433885803              723
   3.3047241796028297       -4.0939120433885803       -4.0939120433885803              724
   3.3047241796028297       -4.9159827348320695       -3.2718413519450902              725
   4.1267948710463189       -4.0939120433885803       -3.2718413519450902              726
   4.1267948710463189       -4.9159827348320695       -2.4497706605016001              727
   3.3047241796028297       -4.0939120433885803       -2.4497706605016001              728
   3.3047241796028297       -4.9159827348320695       -1.6276999690581104              729
   4.1267948710463189       -4.0939120433885803       -1.6276999690581104              730
   4.1267948710463189       -4.9159827348320695      -0.80562927761461989              731
   3.3047241796028297       -4.0939120433885803      -0.80562927761461989              732
   3.3047241796028297       -4.9159827348320695        1.6441413828869322E-002         733
   4.1267948710463189       -4.0939120433885803        1.6441413828869322E-002         734
   4.1267948710463189       -4.9159827348320695       0.83851210527235942              735
   3.3047241796028297       -4.0939120433885803       0.83851210527235942              736
   3.3047241796028297       -4.9159827348320695        1.6605827967158495              737
   4.1267948710463189       -4.0939120433885803        1.6605827967158495              738
   4.1267948710463189       -4.9159827348320695        2.4826534881593396              739
   3.3047241796028297       -4.0939120433885803        2.4826534881593396              740
   3.3047241796028297       -4.9159827348320695        3.3047241796028297              741
   4.1267948710463189       -4.0939120433885803        3.3047241796028297              742
   4.1267948710463189       -4.9159827348320695        4.1267948710463189              743
   3.3047241796028297       -4.0939120433885803        4.1267948710463189              744
   3.3047241796028297       -3.2718413519450902       -4.9159827348320695              745
   4.1267948710463189       -2.4497706605016001       -4.9159827348320695              746
   4.1267948710463189       -3.2718413519450902       -4.0939120433885803              747
   3.3047241796028297       -2.4497706605016001       -4.0939120433885803              748
   3.3047241796028297       -3.2718413519450902       -3.2718413519450902              749
   4.1267948710463189       -2.4497706605016001       -3.2718413519450902              750
   4.1267948710463189       -3.2718413519450902       -2.4497706605016001              751
   3.3047241796028297       -2.4497706605016001       -2.4497706605016001              752
   3.3047241796028297       -3.2718413519450902       -1.6276999690581104              753
   4.1267948710463189       -2.4497706605016001       -1.6276999690581104              754
   4.1267948710463189       -3.2718413519450902      -0.80562927761461989              755
   3.3047241796028297       -2.4497706605016001      -0.80562927761461989              756
   3.3047241796028297       -3.2718413519450902        1.6441413828869322E-002         757
   4.1267948710463189       -2.4497706605016001        1.6441413828869322E-002         758
   4.1267948710463189       -3.2718413519450902       0.83851210527235942              759
   3.3047241796028297       -2.4497706605016001       0.83851210527235942              760
   3.3047241796028297       -3.2718413519450902        1.6605827967158495              761
   4.1267948710463189       -2.4497706605016001        1.6605827967158495              762
   4.1267948710463189       -3.2718413519450902        2.4826534881593396              763
   3.3047241796028297       -2.4497706605016001        2.4826534881593396              764
   3.3047241796028297       -3.2718413519450902        3.3047241796028297              765
   4.1267948710463189       -2.4497706605016001        3.3047241796028297              766
   4.1267948710463189       -3.2718413519450902        4.1267948710463189              767
   3.3047241796028297       -2.4497706605016001        4.1267948710463189              768
   3.3047241796028297       -1.6276999690581104       -4.9159827348320695              769
   4.1267948710463189      -0.80562927761461989       -4.9159827348320695              770
   4.1267948710463189       -1.6276999690581104       -4.0939120433885803              771
   3.3047241796028297      -0.80562927761461989       -4.0939120433885803              772
   3.3047241796028297       -1.6276999690581104       -3.2718413519450902              773
   4.1267948710463189      -0.80562927761461989       -3.2718413519450902              774
   4.1267948710463189       -1.6276999690581104       -2.4497706605016001              775
   3.3047241796028297      -0.80562927761461989       -2.4497706605016001              776
   3.3047241796028297       -1.6276999690581104       -1.6276999690581104              777
   4.1267948710463189      -0.80562927761461989       -1.6276999690581104              778
   4.1267948710463189       -1.6276999690581104      -0.80562927761461989              779
   3.3047241796028297      -0.80562927761461989      -0.80562927761461989              780
   3.3047241796028297       -1.6276999690581104        1.6441413828869322E-002         781
   4.1267948710463189      -0.80562927761461989        1.6441413828869322E-002         782
   4.1267948710463189       -1.6276999690581104       0.83851210527235942              783
   3.3047241796028297      -0.80562927761461989       0.83851210527235942              784
   3.3047241796028297       -1.6276999690581104        1.6605827967158495              785
   4.1267948710463189      -0.80562927761461989        1.6605827967158495              786
   4.1267948710463189       -1.6276999690581104        2.4826534881593396              787
   3.3047241796028297      -0.80562927761461989        2.4826534881593396              788
   3.3047241796028297       -1.6276999690581104        3.3047241796028297              789
   4.1267948710463189      -0.80562927761461989        3.3047241796028297              790
   4.1267948710463189       -1.6276999690581104        4.1267948710463189              791
   3.3047241796028297      -0.80562927761461989        4.1267948710463189              792
   3.3047241796028297        1.6441413828869322E-002  -4.9159827348320695              793
   4.1267948710463189       0.83851210527235942       -4.9159827348320695              794
   4.1267948710463189        1.6441413828869322E-002  -4.0939120433885803              795
   3.3047241796028297       0.83851210527235942       -4.0939120433885803              796
   3.3047241796028297        1.6441413828869322E-002  -3.2718413519450902              797
   4.1267948710463189       0.83851210527235942       -3.2718413519450902              798
   4.1267948710463189        1.6441413828869322E-002  -2.4497706605016001              799
   3.3047241796028297       0.83851210527235942       -2.4497706605016001              800
   3.3047241796028297        1.6441413828869322E-002  -1.6276999690581104              801
   4.1267948710463189       0.83851210527235942       -1.6276999690581104              802
   4.1267948710463189        1.6441413828869322E-002 -0.80562927761461989              803
   3.3047241796028297       0.83851210527235942      -0.80562927761461989              804
   3.3047241796028297        1.6441413828869322E-002   1.6441413828869322E-002         805
   4.1267948710463189       0.83851210527235942        1.6441413828869322E-002         806
   4.1267948710463189        1.6441413828869322E-002  0.83851210527235942              807
   3.3047241796028297       0.83851210527235942       0.83851210527235942              808
   3.3047241796028297        1.6441413828869322E-002   1.6605827967158495              809
   4.1267948710463189       0.83851210527235942        1.6605827967158495              810
