  -7.0900739869501921       -7.0900739869501921       -7.0900739869501921                1
  -5.9044428854535047       -5.9044428854535047       -7.0900739869501921                2
  -5.9044428854535047       -7.0900739869501921       -5.9044428854535047                3
  -7.0900739869501921       -5.9044428854535047       -5.9044428854535047                4
  -7.0900739869501921       -7.0900739869501921       -4.7188117839568164                5
  -5.9044428854535047       -5.9044428854535047       -4.7188117839568164                6
  -5.9044428854535047       -7.0900739869501921       -3.5331806824601295                7
  -7.0900739869501921       -5.9044428854535047       -3.5331806824601295                8
  -7.0900739869501921       -7.0900739869501921       -2.3475495809634426                9
  -5.9044428854535047       -5.9044428854535047       -2.3475495809634426               10
  -5.9044428854535047       -7.0900739869501921       -1.1619184794667552               11
  -7.0900739869501921       -5.9044428854535047       -1.1619184794667552               12
  -7.0900739869501921       -7.0900739869501921        2.3712622029933073E-002          13
  -5.9044428854535047       -5.9044428854535047        2.3712622029933073E-002          14
  -5.9044428854535047       -7.0900739869501921        1.2093437235266205               15
  -7.0900739869501921       -5.9044428854535047        1.2093437235266205               16
  -7.0900739869501921       -7.0900739869501921        2.3949748250233078               17
  -5.9044428854535047       -5.9044428854535047        2.3949748250233078               18
  -5.9044428854535047       -7.0900739869501921        3.5806059265199952               19
  -7.0900739869501921       -5.9044428854535047        3.5806059265199952               20
  -7.0900739869501921       -7.0900739869501921        4.7662370280166826               21
  -5.9044428854535047       -5.9044428854535047        4.7662370280166826               22
  -5.9044428854535047       -7.0900739869501921        5.9518681295133700               23
  -7.0900739869501921       -5.9044428854535047        5.9518681295133700               24
  -7.0900739869501921       -4.7188117839568164       -7.0900739869501921               25
  -5.9044428854535047       -3.5331806824601295       -7.0900739869501921               26
  -5.9044428854535047       -4.7188117839568164       -5.9044428854535047               27
  -7.0900739869501921       -3.5331806824601295       -5.9044428854535047               28
  -7.0900739869501921       -4.7188117839568164       -4.7188117839568164               29
  -5.9044428854535047       -3.5331806824601295       -4.7188117839568164               30
  -5.9044428854535047       -4.7188117839568164       -3.5331806824601295               31
  -7.0900739869501921       -3.5331806824601295       -3.5331806824601295               32
  -7.0900739869501921       -4.7188117839568164       -2.3475495809634426               33
  -5.9044428854535047       -3.5331806824601295       -2.3475495809634426               34
  -5.9044428854535047       -4.7188117839568164       -1.1619184794667552               35
  -7.0900739869501921       -3.5331806824601295       -1.1619184794667552               36
  -7.0900739869501921       -4.7188117839568164        2.3712622029933073E-002          37
  -5.9044428854535047       -3.5331806824601295        2.3712622029933073E-002          38
  -5.9044428854535047       -4.7188117839568164        1.2093437235266205               39
  -7.0900739869501921       -3.5331806824601295        1.2093437235266205               40
  -7.0900739869501921       -4.7188117839568164        2.3949748250233078               41
  -5.9044428854535047       -3.5331806824601295        2.3949748250233078               42
  -5.9044428854535047       -4.7188117839568164        3.5806059265199952               43
  -7.0900739869501921       -3.5331806824601295        3.5806059265199952               44
  -7.0900739869501921       -4.7188117839568164        4.7662370280166826               45
  -5.9044428854535047       -3.5331806824601295        4.7662370280166826               46
  -5.9044428854535047       -4.7188117839568164        5.9518681295133700               47
  -7.0900739869501921       -3.5331806824601295        5.9518681295133700               48
  -7.0900739869501921       -2.3475495809634426       -7.0900739869501921               49
  -5.9044428854535047       -1.1619184794667552       -7.0900739869501921               50
  -5.9044428854535047       -2.3475495809634426       -5.9044428854535047               51
  -7.0900739869501921       -1.1619184794667552       -5.9044428854535047               52
  -7.0900739869501921       -2.3475495809634426       -4.7188117839568164               53
  -5.9044428854535047       -1.1619184794667552       -4.7188117839568164               54
  -5.9044428854535047       -2.3475495809634426       -3.5331806824601295               55
  -7.0900739869501921       -1.1619184794667552       -3.5331806824601295               56
  -7.0900739869501921       -2.3475495809634426       -2.3475495809634426               57
  -5.9044428854535047       -1.1619184794667552       -2.3475495809634426               58
  -5.9044428854535047       -2.3475495809634426       -1.1619184794667552               59
  -7.0900739869501921       -1.1619184794667552       -1.1619184794667552               60
  -7.0900739869501921       -2.3475495809634426        2.3712622029933073E-002          61
  -5.9044428854535047       -1.1619184794667552        2.3712622029933073E-002          62
  -5.9044428854535047       -2.3475495809634426        1.2093437235266205               63
  -7.0900739869501921       -1.1619184794667552        1.2093437235266205               64
  -7.0900739869501921       -2.3475495809634426        2.3949748250233078               65
  -5.9044428854535047       -1.1619184794667552        2.3949748250233078               66
  -5.9044428854535047       -2.3475495809634426        3.5806059265199952               67
  -7.0900739869501921       -1.1619184794667552        3.5806059265199952               68
  -7.0900739869501921       -2.3475495809634426        4.7662370280166826               69
  -5.9044428854535047       -1.1619184794667552        4.7662370280166826               70
  -5.9044428854535047       -2.3475495809634426        5.9518681295133700               71
  -7.0900739869501921       -1.1619184794667552        5.9518681295133700               72
  -7.0900739869501921        2.3712622029933073E-002  -7.0900739869501921               73
  -5.9044428854535047        1.2093437235266205       -7.0900739869501921               74
  -5.9044428854535047        2.3712622029933073E-002  -5.9044428854535047               75
  -7.0900739869501921        1.2093437235266205       -5.9044428854535047               76
  -7.0900739869501921        2.3712622029933073E-002  -4.7188117839568164               77
  -5.9044428854535047        1.2093437235266205       -4.7188117839568164               78
  -5.9044428854535047        2.3712622029933073E-002  -3.5331806824601295               79
  -7.0900739869501921        1.2093437235266205       -3.5331806824601295               80
  -7.0900739869501921        2.3712622029933073E-002  -2.3475495809634426               81
  -5.9044428854535047        1.2093437235266205       -2.3475495809634426               82
  -5.9044428854535047        2.3712622029933073E-002  -1.1619184794667552               83
  -7.0900739869501921        1.2093437235266205       -1.1619184794667552               84
  -7.0900739869501921        2.3712622029933073E-002   2.3712622029933073E-002          85
  -5.9044428854535047        1.2093437235266205        2.3712622029933073E-002          86
  -5.9044428854535047        2.3712622029933073E-002   1.2093437235266205               87
  -7.0900739869501921        1.2093437235266205        1.2093437235266205               88
  -7.0900739869501921        2.3712622029933073E-002   2.3949748250233078               89
  -5.9044428854535047        1.2093437235266205        2.3949748250233078               90
  -5.9044428854535047        2.3712622029933073E-002   3.5806059265199952               91
  -7.0900739869501921        1.2093437235266205        3.5806059265199952               92
  -7.0900739869501921        2.3712622029933073E-002   4.7662370280166826               93
  -5.9044428854535047        1.2093437235266205        4.7662370280166826               94
  -5.9044428854535047        2.3712622029933073E-002   5.9518681295133700               95
  -7.0900739869501921        1.2093437235266205        5.9518681295133700               96
  -7.0900739869501921        2.3949748250233078       -7.0900739869501921               97
  -5.9044428854535047        3.5806059265199952       -7.0900739869501921               98
  -5.9044428854535047        2.3949748250233078       -5.9044428854535047               99
  -7.0900739869501921        3.5806059265199952       -5.9044428854535047              100
  -7.0900739869501921        2.3949748250233078       -4.7188117839568164              101
  -5.9044428854535047        3.5806059265199952       -4.7188117839568164              102
  -5.9044428854535047        2.3949748250233078       -3.5331806824601295              103
  -7.0900739869501921        3.5806059265199952       -3.5331806824601295              104
  -7.0900739869501921        2.3949748250233078       -2.3475495809634426              105
  -5.9044428854535047        3.5806059265199952       -2.3475495809634426              106
  -5.9044428854535047        2.3949748250233078       -1.1619184794667552              107
  -7.0900739869501921        3.5806059265199952       -1.1619184794667552              108
  -7.0900739869501921        2.3949748250233078        2.3712622029933073E-002         109
  -5.9044428854535047        3.5806059265199952        2.3712622029933073E-002         110
  -5.9044428854535047        2.3949748250233078        1.2093437235266205              111
  -7.0900739869501921        3.5806059265199952        1.2093437235266205              112
  -7.0900739869501921        2.3949748250233078        2.3949748250233078              113
  -5.9044428854535047        3.5806059265199952        2.3949748250233078              114
  -5.9044428854535047        2.3949748250233078        3.5806059265199952              115
  -7.0900739869501921        3.5806059265199952        3.5806059265199952              116
  -7.0900739869501921        2.3949748250233078        4.7662370280166826              117
  -5.9044428854535047        3.5806059265199952        4.7662370280166826              118
  -5.9044428854535047        2.3949748250233078        5.9518681295133700              119
  -7.0900739869501921        3.5806059265199952        5.9518681295133700              120
  -7.0900739869501921        4.7662370280166826       -7.0900739869501921              121
  -5.9044428854535047        5.9518681295133700       -7.0900739869501921              122
  -5.9044428854535047        4.7662370280166826       -5.9044428854535047              123
  -7.0900739869501921        5.9518681295133700       -5.9044428854535047              124
  -7.0900739869501921        4.7662370280166826       -4.7188117839568164              125
  -5.9044428854535047        5.9518681295133700       -4.7188117839568164              126
  -5.9044428854535047        4.7662370280166826       -3.5331806824601295              127
  -7.0900739869501921        5.9518681295133700       -3.5331806824601295              128
  -7.0900739869501921        4.7662370280166826       -2.3475495809634426              129
  -5.9044428854535047        5.9518681295133700       -2.3475495809634426              130
  -5.9044428854535047        4.7662370280166826       -1.1619184794667552              131
  -7.0900739869501921        5.9518681295133700       -1.1619184794667552              132
  -7.0900739869501921        4.7662370280166826        2.3712622029933073E-002         133
  -5.9044428854535047        5.9518681295133700        2.3712622029933073E-002         134
  -5.9044428854535047        4.7662370280166826        1.2093437235266205              135
  -7.0900739869501921        5.9518681295133700        1.2093437235266205              136
  -7.0900739869501921        4.7662370280166826        2.3949748250233078              137
  -5.9044428854535047        5.9518681295133700        2.3949748250233078              138
  -5.9044428854535047        4.7662370280166826        3.5806059265199952              139
  -7.0900739869501921        5.9518681295133700        3.5806059265199952              140
  -7.0900739869501921        4.7662370280166826        4.7662370280166826              141
  -5.9044428854535047        5.9518681295133700        4.7662370280166826              142
  -5.9044428854535047        4.7662370280166826        5.9518681295133700              143
  -7.0900739869501921        5.9518681295133700        5.9518681295133700              144
  -4.7188117839568164       -7.0900739869501921       -7.0900739869501921              145
  -3.5331806824601295       -5.9044428854535047       -7.0900739869501921              146
  -3.5331806824601295       -7.0900739869501921       -5.9044428854535047              147
  -4.7188117839568164       -5.9044428854535047       -5.9044428854535047              148
  -4.7188117839568164       -7.0900739869501921       -4.7188117839568164              149
  -3.5331806824601295       -5.9044428854535047       -4.7188117839568164              150
  -3.5331806824601295       -7.0900739869501921       -3.5331806824601295              151
  -4.7188117839568164       -5.9044428854535047       -3.5331806824601295              152
  -4.7188117839568164       -7.0900739869501921       -2.3475495809634426              153
  -3.5331806824601295       -5.9044428854535047       -2.3475495809634426              154
  -3.5331806824601295       -7.0900739869501921       -1.1619184794667552              155
  -4.7188117839568164       -5.9044428854535047       -1.1619184794667552              156
  -4.7188117839568164       -7.0900739869501921        2.3712622029933073E-002         157
  -3.5331806824601295       -5.9044428854535047        2.3712622029933073E-002         158
  -3.5331806824601295       -7.0900739869501921        1.2093437235266205              159
  -4.7188117839568164       -5.9044428854535047        1.2093437235266205              160
  -4.7188117839568164       -7.0900739869501921        2.3949748250233078              161
  -3.5331806824601295       -5.9044428854535047        2.3949748250233078              162
  -3.5331806824601295       -7.0900739869501921        3.5806059265199952              163
  -4.7188117839568164       -5.9044428854535047        3.5806059265199952              164
  -4.7188117839568164       -7.0900739869501921        4.7662370280166826              165
  -3.5331806824601295       -5.9044428854535047        4.7662370280166826              166
  -3.5331806824601295       -7.0900739869501921        5.9518681295133700              167
  -4.7188117839568164       -5.9044428854535047        5.9518681295133700              168
  -4.7188117839568164       -4.7188117839568164       -7.0900739869501921              169
  -3.5331806824601295       -3.5331806824601295       -7.0900739869501921              170
  -3.5331806824601295       -4.7188117839568164       -5.9044428854535047              171
  -4.7188117839568164       -3.5331806824601295       -5.9044428854535047              172
  -4.7188117839568164       -4.7188117839568164       -4.7188117839568164              173
  -3.5331806824601295       -3.5331806824601295       -4.7188117839568164              174
  -3.5331806824601295       -4.7188117839568164       -3.5331806824601295              175
  -4.7188117839568164       -3.5331806824601295       -3.5331806824601295              176
  -4.7188117839568164       -4.7188117839568164       -2.3475495809634426              177
  -3.5331806824601295       -3.5331806824601295       -2.3475495809634426              178
  -3.5331806824601295       -4.7188117839568164       -1.1619184794667552              179
  -4.7188117839568164       -3.5331806824601295       -1.1619184794667552              180
  -4.7188117839568164       -4.7188117839568164        2.3712622029933073E-002         181
  -3.5331806824601295       -3.5331806824601295        2.3712622029933073E-002         182
  -3.5331806824601295       -4.7188117839568164        1.2093437235266205              183
  -4.7188117839568164       -3.5331806824601295        1.2093437235266205              184
  -4.7188117839568164       -4.7188117839568164        2.3949748250233078              185
  -3.5331806824601295       -3.5331806824601295        2.3949748250233078              186
  -3.5331806824601295       -4.7188117839568164        3.5806059265199952              187
  -4.7188117839568164       -3.5331806824601295        3.5806059265199952              188
  -4.7188117839568164       -4.7188117839568164        4.7662370280166826              189
  -3.5331806824601295       -3.5331806824601295        4.7662370280166826              190
  -3.5331806824601295       -4.7188117839568164        5.9518681295133700              191
  -4.7188117839568164       -3.5331806824601295        5.9518681295133700              192
  -4.7188117839568164       -2.3475495809634426       -7.0900739869501921              193
  -3.5331806824601295       -1.1619184794667552       -7.0900739869501921              194
  -3.5331806824601295       -2.3475495809634426       -5.9044428854535047              195
  -4.7188117839568164       -1.1619184794667552       -5.9044428854535047              196
  -4.7188117839568164       -2.3475495809634426       -4.7188117839568164              197
  -3.5331806824601295       -1.1619184794667552       -4.7188117839568164              198
  -3.5331806824601295       -2.3475495809634426       -3.5331806824601295              199
  -4.7188117839568164       -1.1619184794667552       -3.5331806824601295              200
  -4.7188117839568164       -2.3475495809634426       -2.3475495809634426              201
  -3.5331806824601295       -1.1619184794667552       -2.3475495809634426              202
  -3.5331806824601295       -2.3475495809634426       -1.1619184794667552              203
  -4.7188117839568164       -1.1619184794667552       -1.1619184794667552              204
  -4.7188117839568164       -2.3475495809634426        2.3712622029933073E-002         205
  -3.5331806824601295       -1.1619184794667552        2.3712622029933073E-002         206
  -3.5331806824601295       -2.3475495809634426        1.2093437235266205              207
  -4.7188117839568164       -1.1619184794667552        1.2093437235266205              208
  -4.7188117839568164       -2.3475495809634426        2.3949748250233078              209
  -3.5331806824601295       -1.1619184794667552        2.3949748250233078              210
  -3.5331806824601295       -2.3475495809634426        3.5806059265199952              211
  -4.7188117839568164       -1.1619184794667552        3.5806059265199952              212
  -4.7188117839568164       -2.3475495809634426        4.7662370280166826              213
  -3.5331806824601295       -1.1619184794667552        4.7662370280166826              214
  -3.5331806824601295       -2.3475495809634426        5.9518681295133700              215
  -4.7188117839568164       -1.1619184794667552        5.9518681295133700              216
  -4.7188117839568164        2.3712622029933073E-002  -7.0900739869501921              217
  -3.5331806824601295        1.2093437235266205       -7.0900739869501921              218
  -3.5331806824601295        2.3712622029933073E-002  -5.9044428854535047              219
  -4.7188117839568164        1.2093437235266205       -5.9044428854535047              220
  -4.7188117839568164        2.3712622029933073E-002  -4.7188117839568164              221
  -3.5331806824601295        1.2093437235266205       -4.7188117839568164              222
  -3.5331806824601295        2.3712622029933073E-002  -3.5331806824601295              223
  -4.7188117839568164        1.2093437235266205       -3.5331806824601295              224
  -4.7188117839568164        2.3712622029933073E-002  -2.3475495809634426              225
  -3.5331806824601295        1.2093437235266205       -2.3475495809634426              226
  -3.5331806824601295        2.3712622029933073E-002  -1.1619184794667552              227
  -4.7188117839568164        1.2093437235266205       -1.1619184794667552              228
  -4.7188117839568164        2.3712622029933073E-002   2.3712622029933073E-002         229
  -3.5331806824601295        1.2093437235266205        2.3712622029933073E-002         230
  -3.5331806824601295        2.3712622029933073E-002   1.2093437235266205              231
  -4.7188117839568164        1.2093437235266205        1.2093437235266205              232
  -4.7188117839568164        2.3712622029933073E-002   2.3949748250233078              233
  -3.5331806824601295        1.2093437235266205        2.3949748250233078              234
  -3.5331806824601295        2.3712622029933073E-002   3.5806059265199952              235
  -4.7188117839568164        1.2093437235266205        3.5806059265199952              236
  -4.7188117839568164        2.3712622029933073E-002   4.7662370280166826              237
  -3.5331806824601295        1.2093437235266205        4.7662370280166826              238
  -3.5331806824601295        2.3712622029933073E-002   5.9518681295133700              239
  -4.7188117839568164        1.2093437235266205        5.9518681295133700              240
  -4.7188117839568164        2.3949748250233078       -7.0900739869501921              241
  -3.5331806824601295        3.5806059265199952       -7.0900739869501921              242
  -3.5331806824601295        2.3949748250233078       -5.9044428854535047              243
  -4.7188117839568164        3.5806059265199952       -5.9044428854535047              244
  -4.7188117839568164        2.3949748250233078       -4.7188117839568164              245
  -3.5331806824601295        3.5806059265199952       -4.7188117839568164              246
  -3.5331806824601295        2.3949748250233078       -3.5331806824601295              247
  -4.7188117839568164        3.5806059265199952       -3.5331806824601295              248
  -4.7188117839568164        2.3949748250233078       -2.3475495809634426              249
  -3.5331806824601295        3.5806059265199952       -2.3475495809634426              250
  -3.5331806824601295        2.3949748250233078       -1.1619184794667552              251
  -4.7188117839568164        3.5806059265199952       -1.1619184794667552              252
  -4.7188117839568164        2.3949748250233078        2.3712622029933073E-002         253
  -3.5331806824601295        3.5806059265199952        2.3712622029933073E-002         254
  -3.5331806824601295        2.3949748250233078        1.2093437235266205              255
  -4.7188117839568164        3.5806059265199952        1.2093437235266205              256
  -4.7188117839568164        2.3949748250233078        2.3949748250233078              257
  -3.5331806824601295        3.5806059265199952        2.3949748250233078              258
  -3.5331806824601295        2.3949748250233078        3.5806059265199952              259
  -4.7188117839568164        3.5806059265199952        3.5806059265199952              260
  -4.7188117839568164        2.3949748250233078        4.7662370280166826              261
  -3.5331806824601295        3.5806059265199952        4.7662370280166826              262
  -3.5331806824601295        2.3949748250233078        5.9518681295133700              263
  -4.7188117839568164        3.5806059265199952        5.9518681295133700              264
  -4.7188117839568164        4.7662370280166826       -7.0900739869501921              265
  -3.5331806824601295        5.9518681295133700       -7.0900739869501921              266
  -3.5331806824601295        4.7662370280166826       -5.9044428854535047              267
  -4.7188117839568164        5.9518681295133700       -5.9044428854535047              268
  -4.7188117839568164        4.7662370280166826       -4.7188117839568164              269
  -3.5331806824601295        5.9518681295133700       -4.7188117839568164              270
  -3.5331806824601295        4.7662370280166826       -3.5331806824601295              271
  -4.7188117839568164        5.9518681295133700       -3.5331806824601295              272
  -4.7188117839568164        4.7662370280166826       -2.3475495809634426              273
  -3.5331806824601295        5.9518681295133700       -2.3475495809634426              274
  -3.5331806824601295        4.7662370280166826       -1.1619184794667552              275
  -4.7188117839568164        5.9518681295133700       -1.1619184794667552              276
  -4.7188117839568164        4.7662370280166826        2.3712622029933073E-002         277
  -3.5331806824601295        5.9518681295133700        2.3712622029933073E-002         278
  -3.5331806824601295        4.7662370280166826        1.2093437235266205              279
  -4.7188117839568164        5.9518681295133700        1.2093437235266205              280
  -4.7188117839568164        4.7662370280166826        2.3949748250233078              281
  -3.5331806824601295        5.9518681295133700        2.3949748250233078              282
  -3.5331806824601295        4.7662370280166826        3.5806059265199952              283
  -4.7188117839568164        5.9518681295133700        3.5806059265199952              284
  -4.7188117839568164        4.7662370280166826        4.7662370280166826              285
  -3.5331806824601295        5.9518681295133700        4.7662370280166826              286
  -3.5331806824601295        4.7662370280166826        5.9518681295133700              287
  -4.7188117839568164        5.9518681295133700        5.9518681295133700              288
  -2.3475495809634426       -7.0900739869501921       -7.0900739869501921              289
  -1.1619184794667552       -5.9044428854535047       -7.0900739869501921              290
  -1.1619184794667552       -7.0900739869501921       -5.9044428854535047              291
  -2.3475495809634426       -5.9044428854535047       -5.9044428854535047              292
  -2.3475495809634426       -7.0900739869501921       -4.7188117839568164              293
  -1.1619184794667552       -5.9044428854535047       -4.7188117839568164              294
  -1.1619184794667552       -7.0900739869501921       -3.5331806824601295              295
  -2.3475495809634426       -5.9044428854535047       -3.5331806824601295              296
  -2.3475495809634426       -7.0900739869501921       -2.3475495809634426              297
  -1.1619184794667552       -5.9044428854535047       -2.3475495809634426              298
  -1.1619184794667552       -7.0900739869501921       -1.1619184794667552              299
  -2.3475495809634426       -5.9044428854535047       -1.1619184794667552              300
  -2.3475495809634426       -7.0900739869501921        2.3712622029933073E-002         301
  -1.1619184794667552       -5.9044428854535047        2.3712622029933073E-002         302
  -1.1619184794667552       -7.0900739869501921        1.2093437235266205              303
  -2.3475495809634426       -5.9044428854535047        1.2093437235266205              304
  -2.3475495809634426       -7.0900739869501921        2.3949748250233078              305
  -1.1619184794667552       -5.9044428854535047        2.3949748250233078              306
  -1.1619184794667552       -7.0900739869501921        3.5806059265199952              307
  -2.3475495809634426       -5.9044428854535047        3.5806059265199952              308
  -2.3475495809634426       -7.0900739869501921        4.7662370280166826              309
  -1.1619184794667552       -5.9044428854535047        4.7662370280166826              310
  -1.1619184794667552       -7.0900739869501921        5.9518681295133700              311
  -2.3475495809634426       -5.9044428854535047        5.9518681295133700              312
  -2.3475495809634426       -4.7188117839568164       -7.0900739869501921              313
  -1.1619184794667552       -3.5331806824601295       -7.0900739869501921              314
  -1.1619184794667552       -4.7188117839568164       -5.9044428854535047              315
  -2.3475495809634426       -3.5331806824601295       -5.9044428854535047              316
  -2.3475495809634426       -4.7188117839568164       -4.7188117839568164              317
  -1.1619184794667552       -3.5331806824601295       -4.7188117839568164              318
  -1.1619184794667552       -4.7188117839568164       -3.5331806824601295              319
  -2.3475495809634426       -3.5331806824601295       -3.5331806824601295              320
  -2.3475495809634426       -4.7188117839568164       -2.3475495809634426              321
  -1.1619184794667552       -3.5331806824601295       -2.3475495809634426              322
  -1.1619184794667552       -4.7188117839568164       -1.1619184794667552              323
  -2.3475495809634426       -3.5331806824601295       -1.1619184794667552              324
  -2.3475495809634426       -4.7188117839568164        2.3712622029933073E-002         325
  -1.1619184794667552       -3.5331806824601295        2.3712622029933073E-002         326
  -1.1619184794667552       -4.7188117839568164        1.2093437235266205              327
  -2.3475495809634426       -3.5331806824601295        1.2093437235266205              328
  -2.3475495809634426       -4.7188117839568164        2.3949748250233078              329
  -1.1619184794667552       -3.5331806824601295        2.3949748250233078              330
  -1.1619184794667552       -4.7188117839568164        3.5806059265199952              331
  -2.3475495809634426       -3.5331806824601295        3.5806059265199952              332
  -2.3475495809634426       -4.7188117839568164        4.7662370280166826              333
  -1.1619184794667552       -3.5331806824601295        4.7662370280166826              334
  -1.1619184794667552       -4.7188117839568164        5.9518681295133700              335
  -2.3475495809634426       -3.5331806824601295        5.9518681295133700              336
  -2.3475495809634426       -2.3475495809634426       -7.0900739869501921              337
  -1.1619184794667552       -1.1619184794667552       -7.0900739869501921              338
  -1.1619184794667552       -2.3475495809634426       -5.9044428854535047              339
  -2.3475495809634426       -1.1619184794667552       -5.9044428854535047              340
  -2.3475495809634426       -2.3475495809634426       -4.7188117839568164              341
  -1.1619184794667552       -1.1619184794667552       -4.7188117839568164              342
  -1.1619184794667552       -2.3475495809634426       -3.5331806824601295              343
  -2.3475495809634426       -1.1619184794667552       -3.5331806824601295              344
  -2.3475495809634426       -2.3475495809634426       -2.3475495809634426              345
  -1.1619184794667552       -1.1619184794667552       -2.3475495809634426              346
  -1.1619184794667552       -2.3475495809634426       -1.1619184794667552              347
  -2.3475495809634426       -1.1619184794667552       -1.1619184794667552              348
  -2.3475495809634426       -2.3475495809634426        2.3712622029933073E-002         349
  -1.1619184794667552       -1.1619184794667552        2.3712622029933073E-002         350
  -1.1619184794667552       -2.3475495809634426        1.2093437235266205              351
  -2.3475495809634426       -1.1619184794667552        1.2093437235266205              352
  -2.3475495809634426       -2.3475495809634426        2.3949748250233078              353
  -1.1619184794667552       -1.1619184794667552        2.3949748250233078              354
  -1.1619184794667552       -2.3475495809634426        3.5806059265199952              355
  -2.3475495809634426       -1.1619184794667552        3.5806059265199952              356
  -2.3475495809634426       -2.3475495809634426        4.7662370280166826              357
  -1.1619184794667552       -1.1619184794667552        4.7662370280166826              358
  -1.1619184794667552       -2.3475495809634426        5.9518681295133700              359
  -2.3475495809634426       -1.1619184794667552        5.9518681295133700              360
  -2.3475495809634426        2.3712622029933073E-002  -7.0900739869501921              361
  -1.1619184794667552        1.2093437235266205       -7.0900739869501921              362
  -1.1619184794667552        2.3712622029933073E-002  -5.9044428854535047              363
  -2.3475495809634426        1.2093437235266205       -5.9044428854535047              364
  -2.3475495809634426        2.3712622029933073E-002  -4.7188117839568164              365
  -1.1619184794667552        1.2093437235266205       -4.7188117839568164              366
  -1.1619184794667552        2.3712622029933073E-002  -3.5331806824601295              367
  -2.3475495809634426        1.2093437235266205       -3.5331806824601295              368
  -2.3475495809634426        2.3712622029933073E-002  -2.3475495809634426              369
  -1.1619184794667552        1.2093437235266205       -2.3475495809634426              370
  -1.1619184794667552        2.3712622029933073E-002  -1.1619184794667552              371
  -2.3475495809634426        1.2093437235266205       -1.1619184794667552              372
  -2.3475495809634426        2.3712622029933073E-002   2.3712622029933073E-002         373
  -1.1619184794667552        1.2093437235266205        2.3712622029933073E-002         374
  -1.1619184794667552        2.3712622029933073E-002   1.2093437235266205              375
  -2.3475495809634426        1.2093437235266205        1.2093437235266205              376
  -2.3475495809634426        2.3712622029933073E-002   2.3949748250233078              377
  -1.1619184794667552        1.2093437235266205        2.3949748250233078              378
  -1.1619184794667552        2.3712622029933073E-002   3.5806059265199952              379
  -2.3475495809634426        1.2093437235266205        3.5806059265199952              380
  -2.3475495809634426        2.3712622029933073E-002   4.7662370280166826              381
  -1.1619184794667552        1.2093437235266205        4.7662370280166826              382
  -1.1619184794667552        2.3712622029933073E-002   5.9518681295133700              383
  -2.3475495809634426        1.2093437235266205        5.9518681295133700              384
  -2.3475495809634426        2.3949748250233078       -7.0900739869501921              385
  -1.1619184794667552        3.5806059265199952       -7.0900739869501921              386
  -1.1619184794667552        2.3949748250233078       -5.9044428854535047              387
  -2.3475495809634426        3.5806059265199952       -5.9044428854535047              388
  -2.3475495809634426        2.3949748250233078       -4.7188117839568164              389
  -1.1619184794667552        3.5806059265199952       -4.7188117839568164              390
  -1.1619184794667552        2.3949748250233078       -3.5331806824601295              391
  -2.3475495809634426        3.5806059265199952       -3.5331806824601295              392
  -2.3475495809634426        2.3949748250233078       -2.3475495809634426              393
  -1.1619184794667552        3.5806059265199952       -2.3475495809634426              394
  -1.1619184794667552        2.3949748250233078       -1.1619184794667552              395
  -2.3475495809634426        3.5806059265199952       -1.1619184794667552              396
  -2.3475495809634426        2.3949748250233078        2.3712622029933073E-002         397
  -1.1619184794667552        3.5806059265199952        2.3712622029933073E-002         398
  -1.1619184794667552        2.3949748250233078        1.2093437235266205              399
  -2.3475495809634426        3.5806059265199952        1.2093437235266205              400
  -2.3475495809634426        2.3949748250233078        2.3949748250233078              401
  -1.1619184794667552        3.5806059265199952        2.3949748250233078              402
  -1.1619184794667552        2.3949748250233078        3.5806059265199952              403
  -2.3475495809634426        3.5806059265199952        3.5806059265199952              404
  -2.3475495809634426        2.3949748250233078        4.7662370280166826              405
  -1.1619184794667552        3.5806059265199952        4.7662370280166826              406
  -1.1619184794667552        2.3949748250233078        5.9518681295133700              407
  -2.3475495809634426        3.5806059265199952        5.9518681295133700              408
  -2.3475495809634426        4.7662370280166826       -7.0900739869501921              409
  -1.1619184794667552        5.9518681295133700       -7.0900739869501921              410
  -1.1619184794667552        4.7662370280166826       -5.9044428854535047              411
  -2.3475495809634426        5.9518681295133700       -5.9044428854535047              412
  -2.3475495809634426        4.7662370280166826       -4.7188117839568164              413
  -1.1619184794667552        5.9518681295133700       -4.7188117839568164              414
  -1.1619184794667552        4.7662370280166826       -3.5331806824601295              415
  -2.3475495809634426        5.9518681295133700       -3.5331806824601295              416
  -2.3475495809634426        4.7662370280166826       -2.3475495809634426              417
  -1.1619184794667552        5.9518681295133700       -2.3475495809634426              418
  -1.1619184794667552        4.7662370280166826       -1.1619184794667552              419
  -2.3475495809634426        5.9518681295133700       -1.1619184794667552              420
  -2.3475495809634426        4.7662370280166826        2.3712622029933073E-002         421
  -1.1619184794667552        5.9518681295133700        2.3712622029933073E-002         422
  -1.1619184794667552        4.7662370280166826        1.2093437235266205              423
  -2.3475495809634426        5.9518681295133700        1.2093437235266205              424
  -2.3475495809634426        4.7662370280166826        2.3949748250233078              425
  -1.1619184794667552        5.9518681295133700        2.3949748250233078              426
  -1.1619184794667552        4.7662370280166826        3.5806059265199952              427
  -2.3475495809634426        5.9518681295133700        3.5806059265199952              428
  -2.3475495809634426        4.7662370280166826        4.7662370280166826              429
  -1.1619184794667552        5.9518681295133700        4.7662370280166826              430
  -1.1619184794667552        4.7662370280166826        5.9518681295133700              431
  -2.3475495809634426        5.9518681295133700        5.9518681295133700              432
   2.3712622029933073E-002  -7.0900739869501921       -7.0900739869501921              433
   1.2093437235266205       -5.9044428854535047       -7.0900739869501921              434
   1.2093437235266205       -7.0900739869501921       -5.9044428854535047              435
   2.3712622029933073E-002  -5.9044428854535047       -5.9044428854535047              436
   2.3712622029933073E-002  -7.0900739869501921       -4.7188117839568164              437
   1.2093437235266205       -5.9044428854535047       -4.7188117839568164              438
   1.2093437235266205       -7.0900739869501921       -3.5331806824601295              439
   2.3712622029933073E-002  -5.9044428854535047       -3.5331806824601295              440
   2.3712622029933073E-002  -7.0900739869501921       -2.3475495809634426              441
   1.2093437235266205       -5.9044428854535047       -2.3475495809634426              442
   1.2093437235266205       -7.0900739869501921       -1.1619184794667552              443
   2.3712622029933073E-002  -5.9044428854535047       -1.1619184794667552              444
   2.3712622029933073E-002  -7.0900739869501921        2.3712622029933073E-002         445
   1.2093437235266205       -5.9044428854535047        2.3712622029933073E-002         446
   1.2093437235266205       -7.0900739869501921        1.2093437235266205              447
   2.3712622029933073E-002  -5.9044428854535047        1.2093437235266205              448
   2.3712622029933073E-002  -7.0900739869501921        2.3949748250233078              449
   1.2093437235266205       -5.9044428854535047        2.3949748250233078              450
   1.2093437235266205       -7.0900739869501921        3.5806059265199952              451
   2.3712622029933073E-002  -5.9044428854535047        3.5806059265199952              452
   2.3712622029933073E-002  -7.0900739869501921        4.7662370280166826              453
   1.2093437235266205       -5.9044428854535047        4.7662370280166826              454
   1.2093437235266205       -7.0900739869501921        5.9518681295133700              455
   2.3712622029933073E-002  -5.9044428854535047        5.9518681295133700              456
   2.3712622029933073E-002  -4.7188117839568164       -7.0900739869501921              457
   1.2093437235266205       -3.5331806824601295       -7.0900739869501921              458
   1.2093437235266205       -4.7188117839568164       -5.9044428854535047              459
   2.3712622029933073E-002  -3.5331806824601295       -5.9044428854535047              460
   2.3712622029933073E-002  -4.7188117839568164       -4.7188117839568164              461
   1.2093437235266205       -3.5331806824601295       -4.7188117839568164              462
   1.2093437235266205       -4.7188117839568164       -3.5331806824601295              463
   2.3712622029933073E-002  -3.5331806824601295       -3.5331806824601295              464
   2.3712622029933073E-002  -4.7188117839568164       -2.3475495809634426              465
   1.2093437235266205       -3.5331806824601295       -2.3475495809634426              466
   1.2093437235266205       -4.7188117839568164       -1.1619184794667552              467
   2.3712622029933073E-002  -3.5331806824601295       -1.1619184794667552              468
   2.3712622029933073E-002  -4.7188117839568164        2.3712622029933073E-002         469
   1.2093437235266205       -3.5331806824601295        2.3712622029933073E-002         470
   1.2093437235266205       -4.7188117839568164        1.2093437235266205              471
   2.3712622029933073E-002  -3.5331806824601295        1.2093437235266205              472
   2.3712622029933073E-002  -4.7188117839568164        2.3949748250233078              473
   1.2093437235266205       -3.5331806824601295        2.3949748250233078              474
   1.2093437235266205       -4.7188117839568164        3.5806059265199952              475
   2.3712622029933073E-002  -3.5331806824601295        3.5806059265199952              476
   2.3712622029933073E-002  -4.7188117839568164        4.7662370280166826              477
   1.2093437235266205       -3.5331806824601295        4.7662370280166826              478
   1.2093437235266205       -4.7188117839568164        5.9518681295133700              479
   2.3712622029933073E-002  -3.5331806824601295        5.9518681295133700              480
   2.3712622029933073E-002  -2.3475495809634426       -7.0900739869501921              481
   1.2093437235266205       -1.1619184794667552       -7.0900739869501921              482
   1.2093437235266205       -2.3475495809634426       -5.9044428854535047              483
   2.3712622029933073E-002  -1.1619184794667552       -5.9044428854535047              484
   2.3712622029933073E-002  -2.3475495809634426       -4.7188117839568164              485
   1.2093437235266205       -1.1619184794667552       -4.7188117839568164              486
   1.2093437235266205       -2.3475495809634426       -3.5331806824601295              487
   2.3712622029933073E-002  -1.1619184794667552       -3.5331806824601295              488
   2.3712622029933073E-002  -2.3475495809634426       -2.3475495809634426              489
   1.2093437235266205       -1.1619184794667552       -2.3475495809634426              490
   1.2093437235266205       -2.3475495809634426       -1.1619184794667552              491
   2.3712622029933073E-002  -1.1619184794667552       -1.1619184794667552              492
   2.3712622029933073E-002  -2.3475495809634426        2.3712622029933073E-002         493
   1.2093437235266205       -1.1619184794667552        2.3712622029933073E-002         494
   1.2093437235266205       -2.3475495809634426        1.2093437235266205              495
   2.3712622029933073E-002  -1.1619184794667552        1.2093437235266205              496
   2.3712622029933073E-002  -2.3475495809634426        2.3949748250233078              497
   1.2093437235266205       -1.1619184794667552        2.3949748250233078              498
   1.2093437235266205       -2.3475495809634426        3.5806059265199952              499
   2.3712622029933073E-002  -1.1619184794667552        3.5806059265199952              500
   2.3712622029933073E-002  -2.3475495809634426        4.7662370280166826              501
   1.2093437235266205       -1.1619184794667552        4.7662370280166826              502
   1.2093437235266205       -2.3475495809634426        5.9518681295133700              503
   2.3712622029933073E-002  -1.1619184794667552        5.9518681295133700              504
   2.3712622029933073E-002   2.3712622029933073E-002  -7.0900739869501921              505
   1.2093437235266205        1.2093437235266205       -7.0900739869501921              506
   1.2093437235266205        2.3712622029933073E-002  -5.9044428854535047              507
   2.3712622029933073E-002   1.2093437235266205       -5.9044428854535047              508
   2.3712622029933073E-002   2.3712622029933073E-002  -4.7188117839568164              509
   1.2093437235266205        1.2093437235266205       -4.7188117839568164              510
   1.2093437235266205        2.3712622029933073E-002  -3.5331806824601295              511
   2.3712622029933073E-002   1.2093437235266205       -3.5331806824601295              512
   2.3712622029933073E-002   2.3712622029933073E-002  -2.3475495809634426              513
   1.2093437235266205        1.2093437235266205       -2.3475495809634426              514
   1.2093437235266205        2.3712622029933073E-002  -1.1619184794667552              515
   2.3712622029933073E-002   1.2093437235266205       -1.1619184794667552              516
   2.3712622029933073E-002   2.3712622029933073E-002   2.3712622029933073E-002         517
   1.2093437235266205        1.2093437235266205        2.3712622029933073E-002         518
   1.2093437235266205        2.3712622029933073E-002   1.2093437235266205              519
   2.3712622029933073E-002   1.2093437235266205        1.2093437235266205              520
   2.3712622029933073E-002   2.3712622029933073E-002   2.3949748250233078              521
   1.2093437235266205        1.2093437235266205        2.3949748250233078              522
   1.2093437235266205        2.3712622029933073E-002   3.5806059265199952              523
   2.3712622029933073E-002   1.2093437235266205        3.5806059265199952              524
   2.3712622029933073E-002   2.3712622029933073E-002   4.7662370280166826              525
   1.2093437235266205        1.2093437235266205        4.7662370280166826              526
   1.2093437235266205        2.3712622029933073E-002   5.9518681295133700              527
   2.3712622029933073E-002   1.2093437235266205        5.9518681295133700              528
   2.3712622029933073E-002   2.3949748250233078       -7.0900739869501921              529
   1.2093437235266205        3.5806059265199952       -7.0900739869501921              530
   1.2093437235266205        2.3949748250233078       -5.9044428854535047              531
   2.3712622029933073E-002   3.5806059265199952       -5.9044428854535047              532
   2.3712622029933073E-002   2.3949748250233078       -4.7188117839568164              533
   1.2093437235266205        3.5806059265199952       -4.7188117839568164              534
   1.2093437235266205        2.3949748250233078       -3.5331806824601295              535
   2.3712622029933073E-002   3.5806059265199952       -3.5331806824601295              536
   2.3712622029933073E-002   2.3949748250233078       -2.3475495809634426              537
   1.2093437235266205        3.5806059265199952       -2.3475495809634426              538
   1.2093437235266205        2.3949748250233078       -1.1619184794667552              539
   2.3712622029933073E-002   3.5806059265199952       -1.1619184794667552              540
   2.3712622029933073E-002   2.3949748250233078        2.3712622029933073E-002         541
   1.2093437235266205        3.5806059265199952        2.3712622029933073E-002         542
   1.2093437235266205        2.3949748250233078        1.2093437235266205              543
   2.3712622029933073E-002   3.5806059265199952        1.2093437235266205              544
   2.3712622029933073E-002   2.3949748250233078        2.3949748250233078              545
   1.2093437235266205        3.5806059265199952        2.3949748250233078              546
   1.2093437235266205        2.3949748250233078        3.5806059265199952              547
   2.3712622029933073E-002   3.5806059265199952        3.5806059265199952              548
   2.3712622029933073E-002   2.3949748250233078        4.7662370280166826              549
   1.2093437235266205        3.5806059265199952        4.7662370280166826              550
   1.2093437235266205        2.3949748250233078        5.9518681295133700              551
   2.3712622029933073E-002   3.5806059265199952        5.9518681295133700              552
   2.3712622029933073E-002   4.7662370280166826       -7.0900739869501921              553
   1.2093437235266205        5.9518681295133700       -7.0900739869501921              554
   1.2093437235266205        4.7662370280166826       -5.9044428854535047              555
   2.3712622029933073E-002   5.9518681295133700       -5.9044428854535047              556
   2.3712622029933073E-002   4.7662370280166826       -4.7188117839568164              557
   1.2093437235266205        5.9518681295133700       -4.7188117839568164              558
   1.2093437235266205        4.7662370280166826       -3.5331806824601295              559
   2.3712622029933073E-002   5.9518681295133700       -3.5331806824601295              560
   2.3712622029933073E-002   4.7662370280166826       -2.3475495809634426              561
   1.2093437235266205        5.9518681295133700       -2.3475495809634426              562
   1.2093437235266205        4.7662370280166826       -1.1619184794667552              563
   2.3712622029933073E-002   5.9518681295133700       -1.1619184794667552              564
   2.3712622029933073E-002   4.7662370280166826        2.3712622029933073E-002         565
   1.2093437235266205        5.9518681295133700        2.3712622029933073E-002         566
   1.2093437235266205        4.7662370280166826        1.2093437235266205              567
   2.3712622029933073E-002   5.9518681295133700        1.2093437235266205              568
   2.3712622029933073E-002   4.7662370280166826        2.3949748250233078              569
   1.2093437235266205        5.9518681295133700        2.3949748250233078              570
   1.2093437235266205        4.7662370280166826        3.5806059265199952              571
   2.3712622029933073E-002   5.9518681295133700        3.5806059265199952              572
   2.3712622029933073E-002   4.7662370280166826        4.7662370280166826              573
   1.2093437235266205        5.9518681295133700        4.7662370280166826              574
   1.2093437235266205        4.7662370280166826        5.9518681295133700              575
   2.3712622029933073E-002   5.9518681295133700        5.9518681295133700              576
   2.3949748250233078       -7.0900739869501921       -7.0900739869501921              577
   3.5806059265199952       -5.9044428854535047       -7.0900739869501921              578
   3.5806059265199952       -7.0900739869501921       -5.9044428854535047              579
   2.3949748250233078       -5.9044428854535047       -5.9044428854535047              580
   2.3949748250233078       -7.0900739869501921       -4.7188117839568164              581
   3.5806059265199952       -5.9044428854535047       -4.7188117839568164              582
   3.5806059265199952       -7.0900739869501921       -3.5331806824601295              583
   2.3949748250233078       -5.9044428854535047       -3.5331806824601295              584
   2.3949748250233078       -7.0900739869501921       -2.3475495809634426              585
   3.5806059265199952       -5.9044428854535047       -2.3475495809634426              586
   3.5806059265199952       -7.0900739869501921       -1.1619184794667552              587
   2.3949748250233078       -5.9044428854535047       -1.1619184794667552              588
   2.3949748250233078       -7.0900739869501921        2.3712622029933073E-002         589
   3.5806059265199952       -5.9044428854535047        2.3712622029933073E-002         590
   3.5806059265199952       -7.0900739869501921        1.2093437235266205              591
   2.3949748250233078       -5.9044428854535047        1.2093437235266205              592
   2.3949748250233078       -7.0900739869501921        2.3949748250233078              593
   3.5806059265199952       -5.9044428854535047        2.3949748250233078              594
   3.5806059265199952       -7.0900739869501921        3.5806059265199952              595
   2.3949748250233078       -5.9044428854535047        3.5806059265199952              596
   2.3949748250233078       -7.0900739869501921        4.7662370280166826              597
   3.5806059265199952       -5.9044428854535047        4.7662370280166826              598
   3.5806059265199952       -7.0900739869501921        5.9518681295133700              599
   2.3949748250233078       -5.9044428854535047        5.9518681295133700              600
   2.3949748250233078       -4.7188117839568164       -7.0900739869501921              601
   3.5806059265199952       -3.5331806824601295       -7.0900739869501921              602
   3.5806059265199952       -4.7188117839568164       -5.9044428854535047              603
   2.3949748250233078       -3.5331806824601295       -5.9044428854535047              604
   2.3949748250233078       -4.7188117839568164       -4.7188117839568164              605
   3.5806059265199952       -3.5331806824601295       -4.7188117839568164              606
   3.5806059265199952       -4.7188117839568164       -3.5331806824601295              607
   2.3949748250233078       -3.5331806824601295       -3.5331806824601295              608
   2.3949748250233078       -4.7188117839568164       -2.3475495809634426              609
   3.5806059265199952       -3.5331806824601295       -2.3475495809634426              610
   3.5806059265199952       -4.7188117839568164       -1.1619184794667552              611
   2.3949748250233078       -3.5331806824601295       -1.1619184794667552              612
   2.3949748250233078       -4.7188117839568164        2.3712622029933073E-002         613
   3.5806059265199952       -3.5331806824601295        2.3712622029933073E-002         614
   3.5806059265199952       -4.7188117839568164        1.2093437235266205              615
   2.3949748250233078       -3.5331806824601295        1.2093437235266205              616
   2.3949748250233078       -4.7188117839568164        2.3949748250233078              617
   3.5806059265199952       -3.5331806824601295        2.3949748250233078              618
   3.5806059265199952       -4.7188117839568164        3.5806059265199952              619
   2.3949748250233078       -3.5331806824601295        3.5806059265199952              620
   2.3949748250233078       -4.7188117839568164        4.7662370280166826              621
   3.5806059265199952       -3.5331806824601295        4.7662370280166826              622
   3.5806059265199952       -4.7188117839568164        5.9518681295133700              623
   2.3949748250233078       -3.5331806824601295        5.9518681295133700              624
   2.3949748250233078       -2.3475495809634426       -7.0900739869501921              625
   3.5806059265199952       -1.1619184794667552       -7.0900739869501921              626
   3.5806059265199952       -2.3475495809634426       -5.9044428854535047              627
   2.3949748250233078       -1.1619184794667552       -5.9044428854535047              628
   2.3949748250233078       -2.3475495809634426       -4.7188117839568164              629
   3.5806059265199952       -1.1619184794667552       -4.7188117839568164              630
   3.5806059265199952       -2.3475495809634426       -3.5331806824601295              631
   2.3949748250233078       -1.1619184794667552       -3.5331806824601295              632
   2.3949748250233078       -2.3475495809634426       -2.3475495809634426              633
   3.5806059265199952       -1.1619184794667552       -2.3475495809634426              634
   3.5806059265199952       -2.3475495809634426       -1.1619184794667552              635
   2.3949748250233078       -1.1619184794667552       -1.1619184794667552              636
   2.3949748250233078       -2.3475495809634426        2.3712622029933073E-002         637
   3.5806059265199952       -1.1619184794667552        2.3712622029933073E-002         638
   3.5806059265199952       -2.3475495809634426        1.2093437235266205              639
   2.3949748250233078       -1.1619184794667552        1.2093437235266205              640
   2.3949748250233078       -2.3475495809634426        2.3949748250233078              641
   3.5806059265199952       -1.1619184794667552        2.3949748250233078              642
   3.5806059265199952       -2.3475495809634426        3.5806059265199952              643
   2.3949748250233078       -1.1619184794667552        3.5806059265199952              644
   2.3949748250233078       -2.3475495809634426        4.7662370280166826              645
   3.5806059265199952       -1.1619184794667552        4.7662370280166826              646
   3.5806059265199952       -2.3475495809634426        5.9518681295133700              647
   2.3949748250233078       -1.1619184794667552        5.9518681295133700              648
   2.3949748250233078        2.3712622029933073E-002  -7.0900739869501921              649
   3.5806059265199952        1.2093437235266205       -7.0900739869501921              650
   3.5806059265199952        2.3712622029933073E-002  -5.9044428854535047              651
   2.3949748250233078        1.2093437235266205       -5.9044428854535047              652
   2.3949748250233078        2.3712622029933073E-002  -4.7188117839568164              653
   3.5806059265199952        1.2093437235266205       -4.7188117839568164              654
   3.5806059265199952        2.3712622029933073E-002  -3.5331806824601295              655
   2.3949748250233078        1.2093437235266205       -3.5331806824601295              656
   2.3949748250233078        2.3712622029933073E-002  -2.3475495809634426              657
   3.5806059265199952        1.2093437235266205       -2.3475495809634426              658
   3.5806059265199952        2.3712622029933073E-002  -1.1619184794667552              659
   2.3949748250233078        1.2093437235266205       -1.1619184794667552              660
   2.3949748250233078        2.3712622029933073E-002   2.3712622029933073E-002         661
   3.5806059265199952        1.2093437235266205        2.3712622029933073E-002         662
   3.5806059265199952        2.3712622029933073E-002   1.2093437235266205              663
   2.3949748250233078        1.2093437235266205        1.2093437235266205              664
   2.3949748250233078        2.3712622029933073E-002   2.3949748250233078              665
   3.5806059265199952        1.2093437235266205        2.3949748250233078              666
   3.5806059265199952        2.3712622029933073E-002   3.5806059265199952              667
   2.3949748250233078        1.2093437235266205        3.5806059265199952              668
   2.3949748250233078        2.3712622029933073E-002   4.7662370280166826              669
   3.5806059265199952        1.2093437235266205        4.7662370280166826              670
   3.5806059265199952        2.3712622029933073E-002   5.9518681295133700              671
   2.3949748250233078        1.2093437235266205        5.9518681295133700              672
   2.3949748250233078        2.3949748250233078       -7.0900739869501921              673
   3.5806059265199952        3.5806059265199952       -7.0900739869501921              674
   3.5806059265199952        2.3949748250233078       -5.9044428854535047              675
   2.3949748250233078        3.5806059265199952       -5.9044428854535047              676
   2.3949748250233078        2.3949748250233078       -4.7188117839568164              677
   3.5806059265199952        3.5806059265199952       -4.7188117839568164              678
   3.5806059265199952        2.3949748250233078       -3.5331806824601295              679
   2.3949748250233078        3.5806059265199952       -3.5331806824601295              680
   2.3949748250233078        2.3949748250233078       -2.3475495809634426              681
   3.5806059265199952        3.5806059265199952       -2.3475495809634426              682
   3.5806059265199952        2.3949748250233078       -1.1619184794667552              683
   2.3949748250233078        3.5806059265199952       -1.1619184794667552              684
   2.3949748250233078        2.3949748250233078        2.3712622029933073E-002         685
   3.5806059265199952        3.5806059265199952        2.3712622029933073E-002         686
   3.5806059265199952        2.3949748250233078        1.2093437235266205              687
   2.3949748250233078        3.5806059265199952        1.2093437235266205              688
   2.3949748250233078        2.3949748250233078        2.3949748250233078              689
   3.5806059265199952        3.5806059265199952        2.3949748250233078              690
   3.5806059265199952        2.3949748250233078        3.5806059265199952              691
   2.3949748250233078        3.5806059265199952        3.5806059265199952              692
   2.3949748250233078        2.3949748250233078        4.7662370280166826              693
   3.5806059265199952        3.5806059265199952        4.7662370280166826              694
   3.5806059265199952        2.3949748250233078        5.9518681295133700              695
   2.3949748250233078        3.5806059265199952        5.9518681295133700              696
   2.3949748250233078        4.7662370280166826       -7.0900739869501921              697
   3.5806059265199952        5.9518681295133700       -7.0900739869501921              698
   3.5806059265199952        4.7662370280166826       -5.9044428854535047              699
   2.3949748250233078        5.9518681295133700       -5.9044428854535047              700
   2.3949748250233078        4.7662370280166826       -4.7188117839568164              701
   3.5806059265199952        5.9518681295133700       -4.7188117839568164              702
   3.5806059265199952        4.7662370280166826       -3.5331806824601295              703
   2.3949748250233078        5.9518681295133700       -3.5331806824601295              704
   2.3949748250233078        4.7662370280166826       -2.3475495809634426              705
   3.5806059265199952        5.9518681295133700       -2.3475495809634426              706
   3.5806059265199952        4.7662370280166826       -1.1619184794667552              707
   2.3949748250233078        5.9518681295133700       -1.1619184794667552              708
   2.3949748250233078        4.7662370280166826        2.3712622029933073E-002         709
   3.5806059265199952        5.9518681295133700        2.3712622029933073E-002         710
   3.5806059265199952        4.7662370280166826        1.2093437235266205              711
   2.3949748250233078        5.9518681295133700        1.2093437235266205              712
   2.3949748250233078        4.7662370280166826        2.3949748250233078              713
   3.5806059265199952        5.9518681295133700        2.3949748250233078              714
   3.5806059265199952        4.7662370280166826        3.5806059265199952              715
   2.3949748250233078        5.9518681295133700        3.5806059265199952              716
   2.3949748250233078        4.7662370280166826        4.7662370280166826              717
   3.5806059265199952        5.9518681295133700        4.7662370280166826              718
   3.5806059265199952        4.7662370280166826        5.9518681295133700              719
   2.3949748250233078        5.9518681295133700        5.9518681295133700              720
   4.7662370280166826       -7.0900739869501921       -7.0900739869501921              721
   5.9518681295133700       -5.9044428854535047       -7.0900739869501921              722
   5.9518681295133700       -7.0900739869501921       -5.9044428854535047              723
   4.7662370280166826       -5.9044428854535047       -5.9044428854535047              724
   4.7662370280166826       -7.0900739869501921       -4.7188117839568164              725
   5.9518681295133700       -5.9044428854535047       -4.7188117839568164              726
   5.9518681295133700       -7.0900739869501921       -3.5331806824601295              727
   4.7662370280166826       -5.9044428854535047       -3.5331806824601295              728
   4.7662370280166826       -7.0900739869501921       -2.3475495809634426              729
   5.9518681295133700       -5.9044428854535047       -2.3475495809634426              730
   5.9518681295133700       -7.0900739869501921       -1.1619184794667552              731
   4.7662370280166826       -5.9044428854535047       -1.1619184794667552              732
   4.7662370280166826       -7.0900739869501921        2.3712622029933073E-002         733
   5.9518681295133700       -5.9044428854535047        2.3712622029933073E-002         734
   5.9518681295133700       -7.0900739869501921        1.2093437235266205              735
   4.7662370280166826       -5.9044428854535047        1.2093437235266205              736
   4.7662370280166826       -7.0900739869501921        2.3949748250233078              737
   5.9518681295133700       -5.9044428854535047        2.3949748250233078              738
   5.9518681295133700       -7.0900739869501921        3.5806059265199952              739
   4.7662370280166826       -5.9044428854535047        3.5806059265199952              740
   4.7662370280166826       -7.0900739869501921        4.7662370280166826              741
   5.9518681295133700       -5.9044428854535047        4.7662370280166826              742
   5.9518681295133700       -7.0900739869501921        5.9518681295133700              743
   4.7662370280166826       -5.9044428854535047        5.9518681295133700              744
   4.7662370280166826       -4.7188117839568164       -7.0900739869501921              745
   5.9518681295133700       -3.5331806824601295       -7.0900739869501921              746
   5.9518681295133700       -4.7188117839568164       -5.9044428854535047              747
   4.7662370280166826       -3.5331806824601295       -5.9044428854535047              748
   4.7662370280166826       -4.7188117839568164       -4.7188117839568164              749
   5.9518681295133700       -3.5331806824601295       -4.7188117839568164              750
   5.9518681295133700       -4.7188117839568164       -3.5331806824601295              751
   4.7662370280166826       -3.5331806824601295       -3.5331806824601295              752
   4.7662370280166826       -4.7188117839568164       -2.3475495809634426              753
   5.9518681295133700       -3.5331806824601295       -2.3475495809634426              754
   5.9518681295133700       -4.7188117839568164       -1.1619184794667552              755
   4.7662370280166826       -3.5331806824601295       -1.1619184794667552              756
   4.7662370280166826       -4.7188117839568164        2.3712622029933073E-002         757
   5.9518681295133700       -3.5331806824601295        2.3712622029933073E-002         758
   5.9518681295133700       -4.7188117839568164        1.2093437235266205              759
   4.7662370280166826       -3.5331806824601295        1.2093437235266205              760
   4.7662370280166826       -4.7188117839568164        2.3949748250233078              761
   5.9518681295133700       -3.5331806824601295        2.3949748250233078              762
   5.9518681295133700       -4.7188117839568164        3.5806059265199952              763
   4.7662370280166826       -3.5331806824601295        3.5806059265199952              764
   4.7662370280166826       -4.7188117839568164        4.7662370280166826              765
   5.9518681295133700       -3.5331806824601295        4.7662370280166826              766
   5.9518681295133700       -4.7188117839568164        5.9518681295133700              767
   4.7662370280166826       -3.5331806824601295        5.9518681295133700              768
   4.7662370280166826       -2.3475495809634426       -7.0900739869501921              769
   5.9518681295133700       -1.1619184794667552       -7.0900739869501921              770
   5.9518681295133700       -2.3475495809634426       -5.9044428854535047              771
   4.7662370280166826       -1.1619184794667552       -5.9044428854535047              772
   4.7662370280166826       -2.3475495809634426       -4.7188117839568164              773
   5.9518681295133700       -1.1619184794667552       -4.7188117839568164              774
   5.9518681295133700       -2.3475495809634426       -3.5331806824601295              775
   4.7662370280166826       -1.1619184794667552       -3.5331806824601295              776
   4.7662370280166826       -2.3475495809634426       -2.3475495809634426              777
   5.9518681295133700       -1.1619184794667552       -2.3475495809634426              778
   5.9518681295133700       -2.3475495809634426       -1.1619184794667552              779
   4.7662370280166826       -1.1619184794667552       -1.1619184794667552              780
   4.7662370280166826       -2.3475495809634426        2.3712622029933073E-002         781
   5.9518681295133700       -1.1619184794667552        2.3712622029933073E-002         782
   5.9518681295133700       -2.3475495809634426        1.2093437235266205              783
   4.7662370280166826       -1.1619184794667552        1.2093437235266205              784
   4.7662370280166826       -2.3475495809634426        2.3949748250233078              785
   5.9518681295133700       -1.1619184794667552        2.3949748250233078              786
   5.9518681295133700       -2.3475495809634426        3.5806059265199952              787
   4.7662370280166826       -1.1619184794667552        3.5806059265199952              788
   4.7662370280166826       -2.3475495809634426        4.7662370280166826              789
   5.9518681295133700       -1.1619184794667552        4.7662370280166826              790
   5.9518681295133700       -2.3475495809634426        5.9518681295133700              791
   4.7662370280166826       -1.1619184794667552        5.9518681295133700              792
   4.7662370280166826        2.3712622029933073E-002  -7.0900739869501921              793
   5.9518681295133700        1.2093437235266205       -7.0900739869501921              794
   5.9518681295133700        2.3712622029933073E-002  -5.9044428854535047              795
   4.7662370280166826        1.2093437235266205       -5.9044428854535047              796
   4.7662370280166826        2.3712622029933073E-002  -4.7188117839568164              797
   5.9518681295133700        1.2093437235266205       -4.7188117839568164              798
   5.9518681295133700        2.3712622029933073E-002  -3.5331806824601295              799
   4.7662370280166826        1.2093437235266205       -3.5331806824601295              800
   4.7662370280166826        2.3712622029933073E-002  -2.3475495809634426              801
   5.9518681295133700        1.2093437235266205       -2.3475495809634426              802
   5.9518681295133700        2.3712622029933073E-002  -1.1619184794667552              803
   4.7662370280166826        1.2093437235266205       -1.1619184794667552              804
   4.7662370280166826        2.3712622029933073E-002   2.3712622029933073E-002         805
   5.9518681295133700        1.2093437235266205        2.3712622029933073E-002         806
   5.9518681295133700        2.3712622029933073E-002   1.2093437235266205              807
   4.7662370280166826        1.2093437235266205        1.2093437235266205              808
   4.7662370280166826        2.3712622029933073E-002   2.3949748250233078              809
   5.9518681295133700        1.2093437235266205        2.3949748250233078              810
