  -10.225656161126647       -10.225656161126647       -10.225656161126647                1
  -8.5156802144499490       -8.5156802144499490       -10.225656161126647                2
  -8.5156802144499490       -10.225656161126647       -8.5156802144499490                3
  -10.225656161126647       -8.5156802144499490       -8.5156802144499490                4
  -10.225656161126647       -10.225656161126647       -6.8057042677732529                5
  -8.5156802144499490       -8.5156802144499490       -6.8057042677732529                6
  -8.5156802144499490       -10.225656161126647       -5.0957283210965558                7
  -10.225656161126647       -8.5156802144499490       -5.0957283210965558                8
  -10.225656161126647       -10.225656161126647       -3.3857523744198597                9
  -8.5156802144499490       -8.5156802144499490       -3.3857523744198597               10
  -8.5156802144499490       -10.225656161126647       -1.6757764277431626               11
  -10.225656161126647       -8.5156802144499490       -1.6757764277431626               12
  -10.225656161126647       -10.225656161126647        3.4199518933533568E-002          13
  -8.5156802144499490       -8.5156802144499490        3.4199518933533568E-002          14
  -8.5156802144499490       -10.225656161126647        1.7441754656102297               15
  -10.225656161126647       -8.5156802144499490        1.7441754656102297               16
  -10.225656161126647       -10.225656161126647        3.4541514122869277               17
  -8.5156802144499490       -8.5156802144499490        3.4541514122869277               18
  -8.5156802144499490       -10.225656161126647        5.1641273589636238               19
  -10.225656161126647       -8.5156802144499490        5.1641273589636238               20
  -10.225656161126647       -10.225656161126647        6.8741033056403218               21
  -8.5156802144499490       -8.5156802144499490        6.8741033056403218               22
  -8.5156802144499490       -10.225656161126647        8.5840792523170180               23
  -10.225656161126647       -8.5156802144499490        8.5840792523170180               24
  -10.225656161126647       -6.8057042677732529       -10.225656161126647               25
  -8.5156802144499490       -5.0957283210965558       -10.225656161126647               26
  -8.5156802144499490       -6.8057042677732529       -8.5156802144499490               27
  -10.225656161126647       -5.0957283210965558       -8.5156802144499490               28
  -10.225656161126647       -6.8057042677732529       -6.8057042677732529               29
  -8.5156802144499490       -5.0957283210965558       -6.8057042677732529               30
  -8.5156802144499490       -6.8057042677732529       -5.0957283210965558               31
  -10.225656161126647       -5.0957283210965558       -5.0957283210965558               32
  -10.225656161126647       -6.8057042677732529       -3.3857523744198597               33
  -8.5156802144499490       -5.0957283210965558       -3.3857523744198597               34
  -8.5156802144499490       -6.8057042677732529       -1.6757764277431626               35
  -10.225656161126647       -5.0957283210965558       -1.6757764277431626               36
  -10.225656161126647       -6.8057042677732529        3.4199518933533568E-002          37
  -8.5156802144499490       -5.0957283210965558        3.4199518933533568E-002          38
  -8.5156802144499490       -6.8057042677732529        1.7441754656102297               39
  -10.225656161126647       -5.0957283210965558        1.7441754656102297               40
  -10.225656161126647       -6.8057042677732529        3.4541514122869277               41
  -8.5156802144499490       -5.0957283210965558        3.4541514122869277               42
  -8.5156802144499490       -6.8057042677732529        5.1641273589636238               43
  -10.225656161126647       -5.0957283210965558        5.1641273589636238               44
  -10.225656161126647       -6.8057042677732529        6.8741033056403218               45
  -8.5156802144499490       -5.0957283210965558        6.8741033056403218               46
  -8.5156802144499490       -6.8057042677732529        8.5840792523170180               47
  -10.225656161126647       -5.0957283210965558        8.5840792523170180               48
  -10.225656161126647       -3.3857523744198597       -10.225656161126647               49
  -8.5156802144499490       -1.6757764277431626       -10.225656161126647               50
  -8.5156802144499490       -3.3857523744198597       -8.5156802144499490               51
  -10.225656161126647       -1.6757764277431626       -8.5156802144499490               52
  -10.225656161126647       -3.3857523744198597       -6.8057042677732529               53
  -8.5156802144499490       -1.6757764277431626       -6.8057042677732529               54
  -8.5156802144499490       -3.3857523744198597       -5.0957283210965558               55
  -10.225656161126647       -1.6757764277431626       -5.0957283210965558               56
  -10.225656161126647       -3.3857523744198597       -3.3857523744198597               57
  -8.5156802144499490       -1.6757764277431626       -3.3857523744198597               58
  -8.5156802144499490       -3.3857523744198597       -1.6757764277431626               59
  -10.225656161126647       -1.6757764277431626       -1.6757764277431626               60
  -10.225656161126647       -3.3857523744198597        3.4199518933533568E-002          61
  -8.5156802144499490       -1.6757764277431626        3.4199518933533568E-002          62
  -8.5156802144499490       -3.3857523744198597        1.7441754656102297               63
  -10.225656161126647       -1.6757764277431626        1.7441754656102297               64
  -10.225656161126647       -3.3857523744198597        3.4541514122869277               65
  -8.5156802144499490       -1.6757764277431626        3.4541514122869277               66
  -8.5156802144499490       -3.3857523744198597        5.1641273589636238               67
  -10.225656161126647       -1.6757764277431626        5.1641273589636238               68
  -10.225656161126647       -3.3857523744198597        6.8741033056403218               69
  -8.5156802144499490       -1.6757764277431626        6.8741033056403218               70
  -8.5156802144499490       -3.3857523744198597        8.5840792523170180               71
  -10.225656161126647       -1.6757764277431626        8.5840792523170180               72
  -10.225656161126647        3.4199518933533568E-002  -10.225656161126647               73
  -8.5156802144499490        1.7441754656102297       -10.225656161126647               74
  -8.5156802144499490        3.4199518933533568E-002  -8.5156802144499490               75
  -10.225656161126647        1.7441754656102297       -8.5156802144499490               76
  -10.225656161126647        3.4199518933533568E-002  -6.8057042677732529               77
  -8.5156802144499490        1.7441754656102297       -6.8057042677732529               78
  -8.5156802144499490        3.4199518933533568E-002  -5.0957283210965558               79
  -10.225656161126647        1.7441754656102297       -5.0957283210965558               80
  -10.225656161126647        3.4199518933533568E-002  -3.3857523744198597               81
  -8.5156802144499490        1.7441754656102297       -3.3857523744198597               82
  -8.5156802144499490        3.4199518933533568E-002  -1.6757764277431626               83
  -10.225656161126647        1.7441754656102297       -1.6757764277431626               84
  -10.225656161126647        3.4199518933533568E-002   3.4199518933533568E-002          85
  -8.5156802144499490        1.7441754656102297        3.4199518933533568E-002          86
  -8.5156802144499490        3.4199518933533568E-002   1.7441754656102297               87
  -10.225656161126647        1.7441754656102297        1.7441754656102297               88
  -10.225656161126647        3.4199518933533568E-002   3.4541514122869277               89
  -8.5156802144499490        1.7441754656102297        3.4541514122869277               90
  -8.5156802144499490        3.4199518933533568E-002   5.1641273589636238               91
  -10.225656161126647        1.7441754656102297        5.1641273589636238               92
  -10.225656161126647        3.4199518933533568E-002   6.8741033056403218               93
  -8.5156802144499490        1.7441754656102297        6.8741033056403218               94
  -8.5156802144499490        3.4199518933533568E-002   8.5840792523170180               95
  -10.225656161126647        1.7441754656102297        8.5840792523170180               96
  -10.225656161126647        3.4541514122869277       -10.225656161126647               97
  -8.5156802144499490        5.1641273589636238       -10.225656161126647               98
  -8.5156802144499490        3.4541514122869277       -8.5156802144499490               99
  -10.225656161126647        5.1641273589636238       -8.5156802144499490              100
  -10.225656161126647        3.4541514122869277       -6.8057042677732529              101
  -8.5156802144499490        5.1641273589636238       -6.8057042677732529              102
  -8.5156802144499490        3.4541514122869277       -5.0957283210965558              103
  -10.225656161126647        5.1641273589636238       -5.0957283210965558              104
  -10.225656161126647        3.4541514122869277       -3.3857523744198597              105
  -8.5156802144499490        5.1641273589636238       -3.3857523744198597              106
  -8.5156802144499490        3.4541514122869277       -1.6757764277431626              107
  -10.225656161126647        5.1641273589636238       -1.6757764277431626              108
  -10.225656161126647        3.4541514122869277        3.4199518933533568E-002         109
  -8.5156802144499490        5.1641273589636238        3.4199518933533568E-002         110
  -8.5156802144499490        3.4541514122869277        1.7441754656102297              111
  -10.225656161126647        5.1641273589636238        1.7441754656102297              112
  -10.225656161126647        3.4541514122869277        3.4541514122869277              113
  -8.5156802144499490        5.1641273589636238        3.4541514122869277              114
  -8.5156802144499490        3.4541514122869277        5.1641273589636238              115
  -10.225656161126647        5.1641273589636238        5.1641273589636238              116
  -10.225656161126647        3.4541514122869277        6.8741033056403218              117
  -8.5156802144499490        5.1641273589636238        6.8741033056403218              118
  -8.5156802144499490        3.4541514122869277        8.5840792523170180              119
  -10.225656161126647        5.1641273589636238        8.5840792523170180              120
  -10.225656161126647        6.8741033056403218       -10.225656161126647              121
  -8.5156802144499490        8.5840792523170180       -10.225656161126647              122
  -8.5156802144499490        6.8741033056403218       -8.5156802144499490              123
  -10.225656161126647        8.5840792523170180       -8.5156802144499490              124
  -10.225656161126647        6.8741033056403218       -6.8057042677732529              125
  -8.5156802144499490        8.5840792523170180       -6.8057042677732529              126
  -8.5156802144499490        6.8741033056403218       -5.0957283210965558              127
  -10.225656161126647        8.5840792523170180       -5.0957283210965558              128
  -10.225656161126647        6.8741033056403218       -3.3857523744198597              129
  -8.5156802144499490        8.5840792523170180       -3.3857523744198597              130
  -8.5156802144499490        6.8741033056403218       -1.6757764277431626              131
  -10.225656161126647        8.5840792523170180       -1.6757764277431626              132
  -10.225656161126647        6.8741033056403218        3.4199518933533568E-002         133
  -8.5156802144499490        8.5840792523170180        3.4199518933533568E-002         134
  -8.5156802144499490        6.8741033056403218        1.7441754656102297              135
  -10.225656161126647        8.5840792523170180        1.7441754656102297              136
  -10.225656161126647        6.8741033056403218        3.4541514122869277              137
  -8.5156802144499490        8.5840792523170180        3.4541514122869277              138
  -8.5156802144499490        6.8741033056403218        5.1641273589636238              139
  -10.225656161126647        8.5840792523170180        5.1641273589636238              140
  -10.225656161126647        6.8741033056403218        6.8741033056403218              141
  -8.5156802144499490        8.5840792523170180        6.8741033056403218              142
  -8.5156802144499490        6.8741033056403218        8.5840792523170180              143
  -10.225656161126647        8.5840792523170180        8.5840792523170180              144
  -6.8057042677732529       -10.225656161126647       -10.225656161126647              145
  -5.0957283210965558       -8.5156802144499490       -10.225656161126647              146
  -5.0957283210965558       -10.225656161126647       -8.5156802144499490              147
  -6.8057042677732529       -8.5156802144499490       -8.5156802144499490              148
  -6.8057042677732529       -10.225656161126647       -6.8057042677732529              149
  -5.0957283210965558       -8.5156802144499490       -6.8057042677732529              150
  -5.0957283210965558       -10.225656161126647       -5.0957283210965558              151
  -6.8057042677732529       -8.5156802144499490       -5.0957283210965558              152
  -6.8057042677732529       -10.225656161126647       -3.3857523744198597              153
  -5.0957283210965558       -8.5156802144499490       -3.3857523744198597              154
  -5.0957283210965558       -10.225656161126647       -1.6757764277431626              155
  -6.8057042677732529       -8.5156802144499490       -1.6757764277431626              156
  -6.8057042677732529       -10.225656161126647        3.4199518933533568E-002         157
  -5.0957283210965558       -8.5156802144499490        3.4199518933533568E-002         158
  -5.0957283210965558       -10.225656161126647        1.7441754656102297              159
  -6.8057042677732529       -8.5156802144499490        1.7441754656102297              160
  -6.8057042677732529       -10.225656161126647        3.4541514122869277              161
  -5.0957283210965558       -8.5156802144499490        3.4541514122869277              162
  -5.0957283210965558       -10.225656161126647        5.1641273589636238              163
  -6.8057042677732529       -8.5156802144499490        5.1641273589636238              164
  -6.8057042677732529       -10.225656161126647        6.8741033056403218              165
  -5.0957283210965558       -8.5156802144499490        6.8741033056403218              166
  -5.0957283210965558       -10.225656161126647        8.5840792523170180              167
  -6.8057042677732529       -8.5156802144499490        8.5840792523170180              168
  -6.8057042677732529       -6.8057042677732529       -10.225656161126647              169
  -5.0957283210965558       -5.0957283210965558       -10.225656161126647              170
  -5.0957283210965558       -6.8057042677732529       -8.5156802144499490              171
  -6.8057042677732529       -5.0957283210965558       -8.5156802144499490              172
  -6.8057042677732529       -6.8057042677732529       -6.8057042677732529              173
  -5.0957283210965558       -5.0957283210965558       -6.8057042677732529              174
  -5.0957283210965558       -6.8057042677732529       -5.0957283210965558              175
  -6.8057042677732529       -5.0957283210965558       -5.0957283210965558              176
  -6.8057042677732529       -6.8057042677732529       -3.3857523744198597              177
  -5.0957283210965558       -5.0957283210965558       -3.3857523744198597              178
  -5.0957283210965558       -6.8057042677732529       -1.6757764277431626              179
  -6.8057042677732529       -5.0957283210965558       -1.6757764277431626              180
  -6.8057042677732529       -6.8057042677732529        3.4199518933533568E-002         181
  -5.0957283210965558       -5.0957283210965558        3.4199518933533568E-002         182
  -5.0957283210965558       -6.8057042677732529        1.7441754656102297              183
  -6.8057042677732529       -5.0957283210965558        1.7441754656102297              184
  -6.8057042677732529       -6.8057042677732529        3.4541514122869277              185
  -5.0957283210965558       -5.0957283210965558        3.4541514122869277              186
  -5.0957283210965558       -6.8057042677732529        5.1641273589636238              187
  -6.8057042677732529       -5.0957283210965558        5.1641273589636238              188
  -6.8057042677732529       -6.8057042677732529        6.8741033056403218              189
  -5.0957283210965558       -5.0957283210965558        6.8741033056403218              190
  -5.0957283210965558       -6.8057042677732529        8.5840792523170180              191
  -6.8057042677732529       -5.0957283210965558        8.5840792523170180              192
  -6.8057042677732529       -3.3857523744198597       -10.225656161126647              193
  -5.0957283210965558       -1.6757764277431626       -10.225656161126647              194
  -5.0957283210965558       -3.3857523744198597       -8.5156802144499490              195
  -6.8057042677732529       -1.6757764277431626       -8.5156802144499490              196
  -6.8057042677732529       -3.3857523744198597       -6.8057042677732529              197
  -5.0957283210965558       -1.6757764277431626       -6.8057042677732529              198
  -5.0957283210965558       -3.3857523744198597       -5.0957283210965558              199
  -6.8057042677732529       -1.6757764277431626       -5.0957283210965558              200
  -6.8057042677732529       -3.3857523744198597       -3.3857523744198597              201
  -5.0957283210965558       -1.6757764277431626       -3.3857523744198597              202
  -5.0957283210965558       -3.3857523744198597       -1.6757764277431626              203
  -6.8057042677732529       -1.6757764277431626       -1.6757764277431626              204
  -6.8057042677732529       -3.3857523744198597        3.4199518933533568E-002         205
  -5.0957283210965558       -1.6757764277431626        3.4199518933533568E-002         206
  -5.0957283210965558       -3.3857523744198597        1.7441754656102297              207
  -6.8057042677732529       -1.6757764277431626        1.7441754656102297              208
  -6.8057042677732529       -3.3857523744198597        3.4541514122869277              209
  -5.0957283210965558       -1.6757764277431626        3.4541514122869277              210
  -5.0957283210965558       -3.3857523744198597        5.1641273589636238              211
  -6.8057042677732529       -1.6757764277431626        5.1641273589636238              212
  -6.8057042677732529       -3.3857523744198597        6.8741033056403218              213
  -5.0957283210965558       -1.6757764277431626        6.8741033056403218              214
  -5.0957283210965558       -3.3857523744198597        8.5840792523170180              215
  -6.8057042677732529       -1.6757764277431626        8.5840792523170180              216
  -6.8057042677732529        3.4199518933533568E-002  -10.225656161126647              217
  -5.0957283210965558        1.7441754656102297       -10.225656161126647              218
  -5.0957283210965558        3.4199518933533568E-002  -8.5156802144499490              219
  -6.8057042677732529        1.7441754656102297       -8.5156802144499490              220
  -6.8057042677732529        3.4199518933533568E-002  -6.8057042677732529              221
  -5.0957283210965558        1.7441754656102297       -6.8057042677732529              222
  -5.0957283210965558        3.4199518933533568E-002  -5.0957283210965558              223
  -6.8057042677732529        1.7441754656102297       -5.0957283210965558              224
  -6.8057042677732529        3.4199518933533568E-002  -3.3857523744198597              225
  -5.0957283210965558        1.7441754656102297       -3.3857523744198597              226
  -5.0957283210965558        3.4199518933533568E-002  -1.6757764277431626              227
  -6.8057042677732529        1.7441754656102297       -1.6757764277431626              228
  -6.8057042677732529        3.4199518933533568E-002   3.4199518933533568E-002         229
  -5.0957283210965558        1.7441754656102297        3.4199518933533568E-002         230
  -5.0957283210965558        3.4199518933533568E-002   1.7441754656102297              231
  -6.8057042677732529        1.7441754656102297        1.7441754656102297              232
  -6.8057042677732529        3.4199518933533568E-002   3.4541514122869277              233
  -5.0957283210965558        1.7441754656102297        3.4541514122869277              234
  -5.0957283210965558        3.4199518933533568E-002   5.1641273589636238              235
  -6.8057042677732529        1.7441754656102297        5.1641273589636238              236
  -6.8057042677732529        3.4199518933533568E-002   6.8741033056403218              237
  -5.0957283210965558        1.7441754656102297        6.8741033056403218              238
  -5.0957283210965558        3.4199518933533568E-002   8.5840792523170180              239
  -6.8057042677732529        1.7441754656102297        8.5840792523170180              240
  -6.8057042677732529        3.4541514122869277       -10.225656161126647              241
  -5.0957283210965558        5.1641273589636238       -10.225656161126647              242
  -5.0957283210965558        3.4541514122869277       -8.5156802144499490              243
  -6.8057042677732529        5.1641273589636238       -8.5156802144499490              244
  -6.8057042677732529        3.4541514122869277       -6.8057042677732529              245
  -5.0957283210965558        5.1641273589636238       -6.8057042677732529              246
  -5.0957283210965558        3.4541514122869277       -5.0957283210965558              247
  -6.8057042677732529        5.1641273589636238       -5.0957283210965558              248
  -6.8057042677732529        3.4541514122869277       -3.3857523744198597              249
  -5.0957283210965558        5.1641273589636238       -3.3857523744198597              250
  -5.0957283210965558        3.4541514122869277       -1.6757764277431626              251
  -6.8057042677732529        5.1641273589636238       -1.6757764277431626              252
  -6.8057042677732529        3.4541514122869277        3.4199518933533568E-002         253
  -5.0957283210965558        5.1641273589636238        3.4199518933533568E-002         254
  -5.0957283210965558        3.4541514122869277        1.7441754656102297              255
  -6.8057042677732529        5.1641273589636238        1.7441754656102297              256
  -6.8057042677732529        3.4541514122869277        3.4541514122869277              257
  -5.0957283210965558        5.1641273589636238        3.4541514122869277              258
  -5.0957283210965558        3.4541514122869277        5.1641273589636238              259
  -6.8057042677732529        5.1641273589636238        5.1641273589636238              260
  -6.8057042677732529        3.4541514122869277        6.8741033056403218              261
  -5.0957283210965558        5.1641273589636238        6.8741033056403218              262
  -5.0957283210965558        3.4541514122869277        8.5840792523170180              263
  -6.8057042677732529        5.1641273589636238        8.5840792523170180              264
  -6.8057042677732529        6.8741033056403218       -10.225656161126647              265
  -5.0957283210965558        8.5840792523170180       -10.225656161126647              266
  -5.0957283210965558        6.8741033056403218       -8.5156802144499490              267
  -6.8057042677732529        8.5840792523170180       -8.5156802144499490              268
  -6.8057042677732529        6.8741033056403218       -6.8057042677732529              269
  -5.0957283210965558        8.5840792523170180       -6.8057042677732529              270
  -5.0957283210965558        6.8741033056403218       -5.0957283210965558              271
  -6.8057042677732529        8.5840792523170180       -5.0957283210965558              272
  -6.8057042677732529        6.8741033056403218       -3.3857523744198597              273
  -5.0957283210965558        8.5840792523170180       -3.3857523744198597              274
  -5.0957283210965558        6.8741033056403218       -1.6757764277431626              275
  -6.8057042677732529        8.5840792523170180       -1.6757764277431626              276
  -6.8057042677732529        6.8741033056403218        3.4199518933533568E-002         277
  -5.0957283210965558        8.5840792523170180        3.4199518933533568E-002         278
  -5.0957283210965558        6.8741033056403218        1.7441754656102297              279
  -6.8057042677732529        8.5840792523170180        1.7441754656102297              280
  -6.8057042677732529        6.8741033056403218        3.4541514122869277              281
  -5.0957283210965558        8.5840792523170180        3.4541514122869277              282
  -5.0957283210965558        6.8741033056403218        5.1641273589636238              283
  -6.8057042677732529        8.5840792523170180        5.1641273589636238              284
  -6.8057042677732529        6.8741033056403218        6.8741033056403218              285
  -5.0957283210965558        8.5840792523170180        6.8741033056403218              286
  -5.0957283210965558        6.8741033056403218        8.5840792523170180              287
  -6.8057042677732529        8.5840792523170180        8.5840792523170180              288
  -3.3857523744198597       -10.225656161126647       -10.225656161126647              289
  -1.6757764277431626       -8.5156802144499490       -10.225656161126647              290
  -1.6757764277431626       -10.225656161126647       -8.5156802144499490              291
  -3.3857523744198597       -8.5156802144499490       -8.5156802144499490              292
  -3.3857523744198597       -10.225656161126647       -6.8057042677732529              293
  -1.6757764277431626       -8.5156802144499490       -6.8057042677732529              294
  -1.6757764277431626       -10.225656161126647       -5.0957283210965558              295
  -3.3857523744198597       -8.5156802144499490       -5.0957283210965558              296
  -3.3857523744198597       -10.225656161126647       -3.3857523744198597              297
  -1.6757764277431626       -8.5156802144499490       -3.3857523744198597              298
  -1.6757764277431626       -10.225656161126647       -1.6757764277431626              299
  -3.3857523744198597       -8.5156802144499490       -1.6757764277431626              300
  -3.3857523744198597       -10.225656161126647        3.4199518933533568E-002         301
  -1.6757764277431626       -8.5156802144499490        3.4199518933533568E-002         302
  -1.6757764277431626       -10.225656161126647        1.7441754656102297              303
  -3.3857523744198597       -8.5156802144499490        1.7441754656102297              304
  -3.3857523744198597       -10.225656161126647        3.4541514122869277              305
  -1.6757764277431626       -8.5156802144499490        3.4541514122869277              306
  -1.6757764277431626       -10.225656161126647        5.1641273589636238              307
  -3.3857523744198597       -8.5156802144499490        5.1641273589636238              308
  -3.3857523744198597       -10.225656161126647        6.8741033056403218              309
  -1.6757764277431626       -8.5156802144499490        6.8741033056403218              310
  -1.6757764277431626       -10.225656161126647        8.5840792523170180              311
  -3.3857523744198597       -8.5156802144499490        8.5840792523170180              312
  -3.3857523744198597       -6.8057042677732529       -10.225656161126647              313
  -1.6757764277431626       -5.0957283210965558       -10.225656161126647              314
  -1.6757764277431626       -6.8057042677732529       -8.5156802144499490              315
  -3.3857523744198597       -5.0957283210965558       -8.5156802144499490              316
  -3.3857523744198597       -6.8057042677732529       -6.8057042677732529              317
  -1.6757764277431626       -5.0957283210965558       -6.8057042677732529              318
  -1.6757764277431626       -6.8057042677732529       -5.0957283210965558              319
  -3.3857523744198597       -5.0957283210965558       -5.0957283210965558              320
  -3.3857523744198597       -6.8057042677732529       -3.3857523744198597              321
  -1.6757764277431626       -5.0957283210965558       -3.3857523744198597              322
  -1.6757764277431626       -6.8057042677732529       -1.6757764277431626              323
  -3.3857523744198597       -5.0957283210965558       -1.6757764277431626              324
  -3.3857523744198597       -6.8057042677732529        3.4199518933533568E-002         325
  -1.6757764277431626       -5.0957283210965558        3.4199518933533568E-002         326
  -1.6757764277431626       -6.8057042677732529        1.7441754656102297              327
  -3.3857523744198597       -5.0957283210965558        1.7441754656102297              328
  -3.3857523744198597       -6.8057042677732529        3.4541514122869277              329
  -1.6757764277431626       -5.0957283210965558        3.4541514122869277              330
  -1.6757764277431626       -6.8057042677732529        5.1641273589636238              331
  -3.3857523744198597       -5.0957283210965558        5.1641273589636238              332
  -3.3857523744198597       -6.8057042677732529        6.8741033056403218              333
  -1.6757764277431626       -5.0957283210965558        6.8741033056403218              334
  -1.6757764277431626       -6.8057042677732529        8.5840792523170180              335
  -3.3857523744198597       -5.0957283210965558        8.5840792523170180              336
  -3.3857523744198597       -3.3857523744198597       -10.225656161126647              337
  -1.6757764277431626       -1.6757764277431626       -10.225656161126647              338
  -1.6757764277431626       -3.3857523744198597       -8.5156802144499490              339
  -3.3857523744198597       -1.6757764277431626       -8.5156802144499490              340
  -3.3857523744198597       -3.3857523744198597       -6.8057042677732529              341
  -1.6757764277431626       -1.6757764277431626       -6.8057042677732529              342
  -1.6757764277431626       -3.3857523744198597       -5.0957283210965558              343
  -3.3857523744198597       -1.6757764277431626       -5.0957283210965558              344
  -3.3857523744198597       -3.3857523744198597       -3.3857523744198597              345
  -1.6757764277431626       -1.6757764277431626       -3.3857523744198597              346
  -1.6757764277431626       -3.3857523744198597       -1.6757764277431626              347
  -3.3857523744198597       -1.6757764277431626       -1.6757764277431626              348
  -3.3857523744198597       -3.3857523744198597        3.4199518933533568E-002         349
  -1.6757764277431626       -1.6757764277431626        3.4199518933533568E-002         350
  -1.6757764277431626       -3.3857523744198597        1.7441754656102297              351
  -3.3857523744198597       -1.6757764277431626        1.7441754656102297              352
  -3.3857523744198597       -3.3857523744198597        3.4541514122869277              353
  -1.6757764277431626       -1.6757764277431626        3.4541514122869277              354
  -1.6757764277431626       -3.3857523744198597        5.1641273589636238              355
  -3.3857523744198597       -1.6757764277431626        5.1641273589636238              356
  -3.3857523744198597       -3.3857523744198597        6.8741033056403218              357
  -1.6757764277431626       -1.6757764277431626        6.8741033056403218              358
  -1.6757764277431626       -3.3857523744198597        8.5840792523170180              359
  -3.3857523744198597       -1.6757764277431626        8.5840792523170180              360
  -3.3857523744198597        3.4199518933533568E-002  -10.225656161126647              361
  -1.6757764277431626        1.7441754656102297       -10.225656161126647              362
  -1.6757764277431626        3.4199518933533568E-002  -8.5156802144499490              363
  -3.3857523744198597        1.7441754656102297       -8.5156802144499490              364
  -3.3857523744198597        3.4199518933533568E-002  -6.8057042677732529              365
  -1.6757764277431626        1.7441754656102297       -6.8057042677732529              366
  -1.6757764277431626        3.4199518933533568E-002  -5.0957283210965558              367
  -3.3857523744198597        1.7441754656102297       -5.0957283210965558              368
  -3.3857523744198597        3.4199518933533568E-002  -3.3857523744198597              369
  -1.6757764277431626        1.7441754656102297       -3.3857523744198597              370
  -1.6757764277431626        3.4199518933533568E-002  -1.6757764277431626              371
  -3.3857523744198597        1.7441754656102297       -1.6757764277431626              372
  -3.3857523744198597        3.4199518933533568E-002   3.4199518933533568E-002         373
  -1.6757764277431626        1.7441754656102297        3.4199518933533568E-002         374
  -1.6757764277431626        3.4199518933533568E-002   1.7441754656102297              375
  -3.3857523744198597        1.7441754656102297        1.7441754656102297              376
  -3.3857523744198597        3.4199518933533568E-002   3.4541514122869277              377
  -1.6757764277431626        1.7441754656102297        3.4541514122869277              378
  -1.6757764277431626        3.4199518933533568E-002   5.1641273589636238              379
  -3.3857523744198597        1.7441754656102297        5.1641273589636238              380
  -3.3857523744198597        3.4199518933533568E-002   6.8741033056403218              381
  -1.6757764277431626        1.7441754656102297        6.8741033056403218              382
  -1.6757764277431626        3.4199518933533568E-002   8.5840792523170180              383
  -3.3857523744198597        1.7441754656102297        8.5840792523170180              384
  -3.3857523744198597        3.4541514122869277       -10.225656161126647              385
  -1.6757764277431626        5.1641273589636238       -10.225656161126647              386
  -1.6757764277431626        3.4541514122869277       -8.5156802144499490              387
  -3.3857523744198597        5.1641273589636238       -8.5156802144499490              388
  -3.3857523744198597        3.4541514122869277       -6.8057042677732529              389
  -1.6757764277431626        5.1641273589636238       -6.8057042677732529              390
  -1.6757764277431626        3.4541514122869277       -5.0957283210965558              391
  -3.3857523744198597        5.1641273589636238       -5.0957283210965558              392
  -3.3857523744198597        3.4541514122869277       -3.3857523744198597              393
  -1.6757764277431626        5.1641273589636238       -3.3857523744198597              394
  -1.6757764277431626        3.4541514122869277       -1.6757764277431626              395
  -3.3857523744198597        5.1641273589636238       -1.6757764277431626              396
  -3.3857523744198597        3.4541514122869277        3.4199518933533568E-002         397
  -1.6757764277431626        5.1641273589636238        3.4199518933533568E-002         398
  -1.6757764277431626        3.4541514122869277        1.7441754656102297              399
  -3.3857523744198597        5.1641273589636238        1.7441754656102297              400
  -3.3857523744198597        3.4541514122869277        3.4541514122869277              401
  -1.6757764277431626        5.1641273589636238        3.4541514122869277              402
  -1.6757764277431626        3.4541514122869277        5.1641273589636238              403
  -3.3857523744198597        5.1641273589636238        5.1641273589636238              404
  -3.3857523744198597        3.4541514122869277        6.8741033056403218              405
  -1.6757764277431626        5.1641273589636238        6.8741033056403218              406
  -1.6757764277431626        3.4541514122869277        8.5840792523170180              407
  -3.3857523744198597        5.1641273589636238        8.5840792523170180              408
  -3.3857523744198597        6.8741033056403218       -10.225656161126647              409
  -1.6757764277431626        8.5840792523170180       -10.225656161126647              410
  -1.6757764277431626        6.8741033056403218       -8.5156802144499490              411
  -3.3857523744198597        8.5840792523170180       -8.5156802144499490              412
  -3.3857523744198597        6.8741033056403218       -6.8057042677732529              413
  -1.6757764277431626        8.5840792523170180       -6.8057042677732529              414
  -1.6757764277431626        6.8741033056403218       -5.0957283210965558              415
  -3.3857523744198597        8.5840792523170180       -5.0957283210965558              416
  -3.3857523744198597        6.8741033056403218       -3.3857523744198597              417
  -1.6757764277431626        8.5840792523170180       -3.3857523744198597              418
  -1.6757764277431626        6.8741033056403218       -1.6757764277431626              419
  -3.3857523744198597        8.5840792523170180       -1.6757764277431626              420
  -3.3857523744198597        6.8741033056403218        3.4199518933533568E-002         421
  -1.6757764277431626        8.5840792523170180        3.4199518933533568E-002         422
  -1.6757764277431626        6.8741033056403218        1.7441754656102297              423
  -3.3857523744198597        8.5840792523170180        1.7441754656102297              424
  -3.3857523744198597        6.8741033056403218        3.4541514122869277              425
  -1.6757764277431626        8.5840792523170180        3.4541514122869277              426
  -1.6757764277431626        6.8741033056403218        5.1641273589636238              427
  -3.3857523744198597        8.5840792523170180        5.1641273589636238              428
  -3.3857523744198597        6.8741033056403218        6.8741033056403218              429
  -1.6757764277431626        8.5840792523170180        6.8741033056403218              430
  -1.6757764277431626        6.8741033056403218        8.5840792523170180              431
  -3.3857523744198597        8.5840792523170180        8.5840792523170180              432
   3.4199518933533568E-002  -10.225656161126647       -10.225656161126647              433
   1.7441754656102297       -8.5156802144499490       -10.225656161126647              434
   1.7441754656102297       -10.225656161126647       -8.5156802144499490              435
   3.4199518933533568E-002  -8.5156802144499490       -8.5156802144499490              436
   3.4199518933533568E-002  -10.225656161126647       -6.8057042677732529              437
   1.7441754656102297       -8.5156802144499490       -6.8057042677732529              438
   1.7441754656102297       -10.225656161126647       -5.0957283210965558              439
   3.4199518933533568E-002  -8.5156802144499490       -5.0957283210965558              440
   3.4199518933533568E-002  -10.225656161126647       -3.3857523744198597              441
   1.7441754656102297       -8.5156802144499490       -3.3857523744198597              442
   1.7441754656102297       -10.225656161126647       -1.6757764277431626              443
   3.4199518933533568E-002  -8.5156802144499490       -1.6757764277431626              444
   3.4199518933533568E-002  -10.225656161126647        3.4199518933533568E-002         445
   1.7441754656102297       -8.5156802144499490        3.4199518933533568E-002         446
   1.7441754656102297       -10.225656161126647        1.7441754656102297              447
   3.4199518933533568E-002  -8.5156802144499490        1.7441754656102297              448
   3.4199518933533568E-002  -10.225656161126647        3.4541514122869277              449
   1.7441754656102297       -8.5156802144499490        3.4541514122869277              450
   1.7441754656102297       -10.225656161126647        5.1641273589636238              451
   3.4199518933533568E-002  -8.5156802144499490        5.1641273589636238              452
   3.4199518933533568E-002  -10.225656161126647        6.8741033056403218              453
   1.7441754656102297       -8.5156802144499490        6.8741033056403218              454
   1.7441754656102297       -10.225656161126647        8.5840792523170180              455
   3.4199518933533568E-002  -8.5156802144499490        8.5840792523170180              456
   3.4199518933533568E-002  -6.8057042677732529       -10.225656161126647              457
   1.7441754656102297       -5.0957283210965558       -10.225656161126647              458
   1.7441754656102297       -6.8057042677732529       -8.5156802144499490              459
   3.4199518933533568E-002  -5.0957283210965558       -8.5156802144499490              460
   3.4199518933533568E-002  -6.8057042677732529       -6.8057042677732529              461
   1.7441754656102297       -5.0957283210965558       -6.8057042677732529              462
   1.7441754656102297       -6.8057042677732529       -5.0957283210965558              463
   3.4199518933533568E-002  -5.0957283210965558       -5.0957283210965558              464
   3.4199518933533568E-002  -6.8057042677732529       -3.3857523744198597              465
   1.7441754656102297       -5.0957283210965558       -3.3857523744198597              466
   1.7441754656102297       -6.8057042677732529       -1.6757764277431626              467
   3.4199518933533568E-002  -5.0957283210965558       -1.6757764277431626              468
   3.4199518933533568E-002  -6.8057042677732529        3.4199518933533568E-002         469
   1.7441754656102297       -5.0957283210965558        3.4199518933533568E-002         470
   1.7441754656102297       -6.8057042677732529        1.7441754656102297              471
   3.4199518933533568E-002  -5.0957283210965558        1.7441754656102297              472
   3.4199518933533568E-002  -6.8057042677732529        3.4541514122869277              473
   1.7441754656102297       -5.0957283210965558        3.4541514122869277              474
   1.7441754656102297       -6.8057042677732529        5.1641273589636238              475
   3.4199518933533568E-002  -5.0957283210965558        5.1641273589636238              476
   3.4199518933533568E-002  -6.8057042677732529        6.8741033056403218              477
   1.7441754656102297       -5.0957283210965558        6.8741033056403218              478
   1.7441754656102297       -6.8057042677732529        8.5840792523170180              479
   3.4199518933533568E-002  -5.0957283210965558        8.5840792523170180              480
   3.4199518933533568E-002  -3.3857523744198597       -10.225656161126647              481
   1.7441754656102297       -1.6757764277431626       -10.225656161126647              482
   1.7441754656102297       -3.3857523744198597       -8.5156802144499490              483
   3.4199518933533568E-002  -1.6757764277431626       -8.5156802144499490              484
   3.4199518933533568E-002  -3.3857523744198597       -6.8057042677732529              485
   1.7441754656102297       -1.6757764277431626       -6.8057042677732529              486
   1.7441754656102297       -3.3857523744198597       -5.0957283210965558              487
   3.4199518933533568E-002  -1.6757764277431626       -5.0957283210965558              488
   3.4199518933533568E-002  -3.3857523744198597       -3.3857523744198597              489
   1.7441754656102297       -1.6757764277431626       -3.3857523744198597              490
   1.7441754656102297       -3.3857523744198597       -1.6757764277431626              491
   3.4199518933533568E-002  -1.6757764277431626       -1.6757764277431626              492
   3.4199518933533568E-002  -3.3857523744198597        3.4199518933533568E-002         493
   1.7441754656102297       -1.6757764277431626        3.4199518933533568E-002         494
   1.7441754656102297       -3.3857523744198597        1.7441754656102297              495
   3.4199518933533568E-002  -1.6757764277431626        1.7441754656102297              496
   3.4199518933533568E-002  -3.3857523744198597        3.4541514122869277              497
   1.7441754656102297       -1.6757764277431626        3.4541514122869277              498
   1.7441754656102297       -3.3857523744198597        5.1641273589636238              499
   3.4199518933533568E-002  -1.6757764277431626        5.1641273589636238              500
   3.4199518933533568E-002  -3.3857523744198597        6.8741033056403218              501
   1.7441754656102297       -1.6757764277431626        6.8741033056403218              502
   1.7441754656102297       -3.3857523744198597        8.5840792523170180              503
   3.4199518933533568E-002  -1.6757764277431626        8.5840792523170180              504
   3.4199518933533568E-002   3.4199518933533568E-002  -10.225656161126647              505
   1.7441754656102297        1.7441754656102297       -10.225656161126647              506
   1.7441754656102297        3.4199518933533568E-002  -8.5156802144499490              507
   3.4199518933533568E-002   1.7441754656102297       -8.5156802144499490              508
   3.4199518933533568E-002   3.4199518933533568E-002  -6.8057042677732529              509
   1.7441754656102297        1.7441754656102297       -6.8057042677732529              510
   1.7441754656102297        3.4199518933533568E-002  -5.0957283210965558              511
   3.4199518933533568E-002   1.7441754656102297       -5.0957283210965558              512
   3.4199518933533568E-002   3.4199518933533568E-002  -3.3857523744198597              513
   1.7441754656102297        1.7441754656102297       -3.3857523744198597              514
   1.7441754656102297        3.4199518933533568E-002  -1.6757764277431626              515
   3.4199518933533568E-002   1.7441754656102297       -1.6757764277431626              516
   3.4199518933533568E-002   3.4199518933533568E-002   3.4199518933533568E-002         517
   1.7441754656102297        1.7441754656102297        3.4199518933533568E-002         518
   1.7441754656102297        3.4199518933533568E-002   1.7441754656102297              519
   3.4199518933533568E-002   1.7441754656102297        1.7441754656102297              520
   3.4199518933533568E-002   3.4199518933533568E-002   3.4541514122869277              521
   1.7441754656102297        1.7441754656102297        3.4541514122869277              522
   1.7441754656102297        3.4199518933533568E-002   5.1641273589636238              523
   3.4199518933533568E-002   1.7441754656102297        5.1641273589636238              524
   3.4199518933533568E-002   3.4199518933533568E-002   6.8741033056403218              525
   1.7441754656102297        1.7441754656102297        6.8741033056403218              526
   1.7441754656102297        3.4199518933533568E-002   8.5840792523170180              527
   3.4199518933533568E-002   1.7441754656102297        8.5840792523170180              528
   3.4199518933533568E-002   3.4541514122869277       -10.225656161126647              529
   1.7441754656102297        5.1641273589636238       -10.225656161126647              530
   1.7441754656102297        3.4541514122869277       -8.5156802144499490              531
   3.4199518933533568E-002   5.1641273589636238       -8.5156802144499490              532
   3.4199518933533568E-002   3.4541514122869277       -6.8057042677732529              533
   1.7441754656102297        5.1641273589636238       -6.8057042677732529              534
   1.7441754656102297        3.4541514122869277       -5.0957283210965558              535
   3.4199518933533568E-002   5.1641273589636238       -5.0957283210965558              536
   3.4199518933533568E-002   3.4541514122869277       -3.3857523744198597              537
   1.7441754656102297        5.1641273589636238       -3.3857523744198597              538
   1.7441754656102297        3.4541514122869277       -1.6757764277431626              539
   3.4199518933533568E-002   5.1641273589636238       -1.6757764277431626              540
   3.4199518933533568E-002   3.4541514122869277        3.4199518933533568E-002         541
   1.7441754656102297        5.1641273589636238        3.4199518933533568E-002         542
   1.7441754656102297        3.4541514122869277        1.7441754656102297              543
   3.4199518933533568E-002   5.1641273589636238        1.7441754656102297              544
   3.4199518933533568E-002   3.4541514122869277        3.4541514122869277              545
   1.7441754656102297        5.1641273589636238        3.4541514122869277              546
   1.7441754656102297        3.4541514122869277        5.1641273589636238              547
   3.4199518933533568E-002   5.1641273589636238        5.1641273589636238              548
   3.4199518933533568E-002   3.4541514122869277        6.8741033056403218              549
   1.7441754656102297        5.1641273589636238        6.8741033056403218              550
   1.7441754656102297        3.4541514122869277        8.5840792523170180              551
   3.4199518933533568E-002   5.1641273589636238        8.5840792523170180              552
   3.4199518933533568E-002   6.8741033056403218       -10.225656161126647              553
   1.7441754656102297        8.5840792523170180       -10.225656161126647              554
   1.7441754656102297        6.8741033056403218       -8.5156802144499490              555
   3.4199518933533568E-002   8.5840792523170180       -8.5156802144499490              556
   3.4199518933533568E-002   6.8741033056403218       -6.8057042677732529              557
   1.7441754656102297        8.5840792523170180       -6.8057042677732529              558
   1.7441754656102297        6.8741033056403218       -5.0957283210965558              559
   3.4199518933533568E-002   8.5840792523170180       -5.0957283210965558              560
   3.4199518933533568E-002   6.8741033056403218       -3.3857523744198597              561
   1.7441754656102297        8.5840792523170180       -3.3857523744198597              562
   1.7441754656102297        6.8741033056403218       -1.6757764277431626              563
   3.4199518933533568E-002   8.5840792523170180       -1.6757764277431626              564
   3.4199518933533568E-002   6.8741033056403218        3.4199518933533568E-002         565
   1.7441754656102297        8.5840792523170180        3.4199518933533568E-002         566
   1.7441754656102297        6.8741033056403218        1.7441754656102297              567
   3.4199518933533568E-002   8.5840792523170180        1.7441754656102297              568
   3.4199518933533568E-002   6.8741033056403218        3.4541514122869277              569
   1.7441754656102297        8.5840792523170180        3.4541514122869277              570
   1.7441754656102297        6.8741033056403218        5.1641273589636238              571
   3.4199518933533568E-002   8.5840792523170180        5.1641273589636238              572
   3.4199518933533568E-002   6.8741033056403218        6.8741033056403218              573
   1.7441754656102297        8.5840792523170180        6.8741033056403218              574
   1.7441754656102297        6.8741033056403218        8.5840792523170180              575
   3.4199518933533568E-002   8.5840792523170180        8.5840792523170180              576
   3.4541514122869277       -10.225656161126647       -10.225656161126647              577
   5.1641273589636238       -8.5156802144499490       -10.225656161126647              578
   5.1641273589636238       -10.225656161126647       -8.5156802144499490              579
   3.4541514122869277       -8.5156802144499490       -8.5156802144499490              580
   3.4541514122869277       -10.225656161126647       -6.8057042677732529              581
   5.1641273589636238       -8.5156802144499490       -6.8057042677732529              582
   5.1641273589636238       -10.225656161126647       -5.0957283210965558              583
   3.4541514122869277       -8.5156802144499490       -5.0957283210965558              584
   3.4541514122869277       -10.225656161126647       -3.3857523744198597              585
   5.1641273589636238       -8.5156802144499490       -3.3857523744198597              586
   5.1641273589636238       -10.225656161126647       -1.6757764277431626              587
   3.4541514122869277       -8.5156802144499490       -1.6757764277431626              588
   3.4541514122869277       -10.225656161126647        3.4199518933533568E-002         589
   5.1641273589636238       -8.5156802144499490        3.4199518933533568E-002         590
   5.1641273589636238       -10.225656161126647        1.7441754656102297              591
   3.4541514122869277       -8.5156802144499490        1.7441754656102297              592
   3.4541514122869277       -10.225656161126647        3.4541514122869277              593
   5.1641273589636238       -8.5156802144499490        3.4541514122869277              594
   5.1641273589636238       -10.225656161126647        5.1641273589636238              595
   3.4541514122869277       -8.5156802144499490        5.1641273589636238              596
   3.4541514122869277       -10.225656161126647        6.8741033056403218              597
   5.1641273589636238       -8.5156802144499490        6.8741033056403218              598
   5.1641273589636238       -10.225656161126647        8.5840792523170180              599
   3.4541514122869277       -8.5156802144499490        8.5840792523170180              600
   3.4541514122869277       -6.8057042677732529       -10.225656161126647              601
   5.1641273589636238       -5.0957283210965558       -10.225656161126647              602
   5.1641273589636238       -6.8057042677732529       -8.5156802144499490              603
   3.4541514122869277       -5.0957283210965558       -8.5156802144499490              604
   3.4541514122869277       -6.8057042677732529       -6.8057042677732529              605
   5.1641273589636238       -5.0957283210965558       -6.8057042677732529              606
   5.1641273589636238       -6.8057042677732529       -5.0957283210965558              607
   3.4541514122869277       -5.0957283210965558       -5.0957283210965558              608
   3.4541514122869277       -6.8057042677732529       -3.3857523744198597              609
   5.1641273589636238       -5.0957283210965558       -3.3857523744198597              610
   5.1641273589636238       -6.8057042677732529       -1.6757764277431626              611
   3.4541514122869277       -5.0957283210965558       -1.6757764277431626              612
   3.4541514122869277       -6.8057042677732529        3.4199518933533568E-002         613
   5.1641273589636238       -5.0957283210965558        3.4199518933533568E-002         614
   5.1641273589636238       -6.8057042677732529        1.7441754656102297              615
   3.4541514122869277       -5.0957283210965558        1.7441754656102297              616
   3.4541514122869277       -6.8057042677732529        3.4541514122869277              617
   5.1641273589636238       -5.0957283210965558        3.4541514122869277              618
   5.1641273589636238       -6.8057042677732529        5.1641273589636238              619
   3.4541514122869277       -5.0957283210965558        5.1641273589636238              620
   3.4541514122869277       -6.8057042677732529        6.8741033056403218              621
   5.1641273589636238       -5.0957283210965558        6.8741033056403218              622
   5.1641273589636238       -6.8057042677732529        8.5840792523170180              623
   3.4541514122869277       -5.0957283210965558        8.5840792523170180              624
   3.4541514122869277       -3.3857523744198597       -10.225656161126647              625
   5.1641273589636238       -1.6757764277431626       -10.225656161126647              626
   5.1641273589636238       -3.3857523744198597       -8.5156802144499490              627
   3.4541514122869277       -1.6757764277431626       -8.5156802144499490              628
   3.4541514122869277       -3.3857523744198597       -6.8057042677732529              629
   5.1641273589636238       -1.6757764277431626       -6.8057042677732529              630
   5.1641273589636238       -3.3857523744198597       -5.0957283210965558              631
   3.4541514122869277       -1.6757764277431626       -5.0957283210965558              632
   3.4541514122869277       -3.3857523744198597       -3.3857523744198597              633
   5.1641273589636238       -1.6757764277431626       -3.3857523744198597              634
   5.1641273589636238       -3.3857523744198597       -1.6757764277431626              635
   3.4541514122869277       -1.6757764277431626       -1.6757764277431626              636
   3.4541514122869277       -3.3857523744198597        3.4199518933533568E-002         637
   5.1641273589636238       -1.6757764277431626        3.4199518933533568E-002         638
   5.1641273589636238       -3.3857523744198597        1.7441754656102297              639
   3.4541514122869277       -1.6757764277431626        1.7441754656102297              640
   3.4541514122869277       -3.3857523744198597        3.4541514122869277              641
   5.1641273589636238       -1.6757764277431626        3.4541514122869277              642
   5.1641273589636238       -3.3857523744198597        5.1641273589636238              643
   3.4541514122869277       -1.6757764277431626        5.1641273589636238              644
   3.4541514122869277       -3.3857523744198597        6.8741033056403218              645
   5.1641273589636238       -1.6757764277431626        6.8741033056403218              646
   5.1641273589636238       -3.3857523744198597        8.5840792523170180              647
   3.4541514122869277       -1.6757764277431626        8.5840792523170180              648
   3.4541514122869277        3.4199518933533568E-002  -10.225656161126647              649
   5.1641273589636238        1.7441754656102297       -10.225656161126647              650
   5.1641273589636238        3.4199518933533568E-002  -8.5156802144499490              651
   3.4541514122869277        1.7441754656102297       -8.5156802144499490              652
   3.4541514122869277        3.4199518933533568E-002  -6.8057042677732529              653
   5.1641273589636238        1.7441754656102297       -6.8057042677732529              654
   5.1641273589636238        3.4199518933533568E-002  -5.0957283210965558              655
   3.4541514122869277        1.7441754656102297       -5.0957283210965558              656
   3.4541514122869277        3.4199518933533568E-002  -3.3857523744198597              657
   5.1641273589636238        1.7441754656102297       -3.3857523744198597              658
   5.1641273589636238        3.4199518933533568E-002  -1.6757764277431626              659
   3.4541514122869277        1.7441754656102297       -1.6757764277431626              660
   3.4541514122869277        3.4199518933533568E-002   3.4199518933533568E-002         661
   5.1641273589636238        1.7441754656102297        3.4199518933533568E-002         662
   5.1641273589636238        3.4199518933533568E-002   1.7441754656102297              663
   3.4541514122869277        1.7441754656102297        1.7441754656102297              664
   3.4541514122869277        3.4199518933533568E-002   3.4541514122869277              665
   5.1641273589636238        1.7441754656102297        3.4541514122869277              666
   5.1641273589636238        3.4199518933533568E-002   5.1641273589636238              667
   3.4541514122869277        1.7441754656102297        5.1641273589636238              668
   3.4541514122869277        3.4199518933533568E-002   6.8741033056403218              669
   5.1641273589636238        1.7441754656102297        6.8741033056403218              670
   5.1641273589636238        3.4199518933533568E-002   8.5840792523170180              671
   3.4541514122869277        1.7441754656102297        8.5840792523170180              672
   3.4541514122869277        3.4541514122869277       -10.225656161126647              673
   5.1641273589636238        5.1641273589636238       -10.225656161126647              674
   5.1641273589636238        3.4541514122869277       -8.5156802144499490              675
   3.4541514122869277        5.1641273589636238       -8.5156802144499490              676
   3.4541514122869277        3.4541514122869277       -6.8057042677732529              677
   5.1641273589636238        5.1641273589636238       -6.8057042677732529              678
   5.1641273589636238        3.4541514122869277       -5.0957283210965558              679
   3.4541514122869277        5.1641273589636238       -5.0957283210965558              680
   3.4541514122869277        3.4541514122869277       -3.3857523744198597              681
   5.1641273589636238        5.1641273589636238       -3.3857523744198597              682
   5.1641273589636238        3.4541514122869277       -1.6757764277431626              683
   3.4541514122869277        5.1641273589636238       -1.6757764277431626              684
   3.4541514122869277        3.4541514122869277        3.4199518933533568E-002         685
   5.1641273589636238        5.1641273589636238        3.4199518933533568E-002         686
   5.1641273589636238        3.4541514122869277        1.7441754656102297              687
   3.4541514122869277        5.1641273589636238        1.7441754656102297              688
   3.4541514122869277        3.4541514122869277        3.4541514122869277              689
   5.1641273589636238        5.1641273589636238        3.4541514122869277              690
   5.1641273589636238        3.4541514122869277        5.1641273589636238              691
   3.4541514122869277        5.1641273589636238        5.1641273589636238              692
   3.4541514122869277        3.4541514122869277        6.8741033056403218              693
   5.1641273589636238        5.1641273589636238        6.8741033056403218              694
   5.1641273589636238        3.4541514122869277        8.5840792523170180              695
   3.4541514122869277        5.1641273589636238        8.5840792523170180              696
   3.4541514122869277        6.8741033056403218       -10.225656161126647              697
   5.1641273589636238        8.5840792523170180       -10.225656161126647              698
   5.1641273589636238        6.8741033056403218       -8.5156802144499490              699
   3.4541514122869277        8.5840792523170180       -8.5156802144499490              700
   3.4541514122869277        6.8741033056403218       -6.8057042677732529              701
   5.1641273589636238        8.5840792523170180       -6.8057042677732529              702
   5.1641273589636238        6.8741033056403218       -5.0957283210965558              703
   3.4541514122869277        8.5840792523170180       -5.0957283210965558              704
   3.4541514122869277        6.8741033056403218       -3.3857523744198597              705
   5.1641273589636238        8.5840792523170180       -3.3857523744198597              706
   5.1641273589636238        6.8741033056403218       -1.6757764277431626              707
   3.4541514122869277        8.5840792523170180       -1.6757764277431626              708
   3.4541514122869277        6.8741033056403218        3.4199518933533568E-002         709
   5.1641273589636238        8.5840792523170180        3.4199518933533568E-002         710
   5.1641273589636238        6.8741033056403218        1.7441754656102297              711
   3.4541514122869277        8.5840792523170180        1.7441754656102297              712
   3.4541514122869277        6.8741033056403218        3.4541514122869277              713
   5.1641273589636238        8.5840792523170180        3.4541514122869277              714
   5.1641273589636238        6.8741033056403218        5.1641273589636238              715
   3.4541514122869277        8.5840792523170180        5.1641273589636238              716
   3.4541514122869277        6.8741033056403218        6.8741033056403218              717
   5.1641273589636238        8.5840792523170180        6.8741033056403218              718
   5.1641273589636238        6.8741033056403218        8.5840792523170180              719
   3.4541514122869277        8.5840792523170180        8.5840792523170180              720
   6.8741033056403218       -10.225656161126647       -10.225656161126647              721
   8.5840792523170180       -8.5156802144499490       -10.225656161126647              722
   8.5840792523170180       -10.225656161126647       -8.5156802144499490              723
   6.8741033056403218       -8.5156802144499490       -8.5156802144499490              724
   6.8741033056403218       -10.225656161126647       -6.8057042677732529              725
   8.5840792523170180       -8.5156802144499490       -6.8057042677732529              726
   8.5840792523170180       -10.225656161126647       -5.0957283210965558              727
   6.8741033056403218       -8.5156802144499490       -5.0957283210965558              728
   6.8741033056403218       -10.225656161126647       -3.3857523744198597              729
   8.5840792523170180       -8.5156802144499490       -3.3857523744198597              730
   8.5840792523170180       -10.225656161126647       -1.6757764277431626              731
   6.8741033056403218       -8.5156802144499490       -1.6757764277431626              732
   6.8741033056403218       -10.225656161126647        3.4199518933533568E-002         733
   8.5840792523170180       -8.5156802144499490        3.4199518933533568E-002         734
   8.5840792523170180       -10.225656161126647        1.7441754656102297              735
   6.8741033056403218       -8.5156802144499490        1.7441754656102297              736
   6.8741033056403218       -10.225656161126647        3.4541514122869277              737
   8.5840792523170180       -8.5156802144499490        3.4541514122869277              738
   8.5840792523170180       -10.225656161126647        5.1641273589636238              739
   6.8741033056403218       -8.5156802144499490        5.1641273589636238              740
   6.8741033056403218       -10.225656161126647        6.8741033056403218              741
   8.5840792523170180       -8.5156802144499490        6.8741033056403218              742
   8.5840792523170180       -10.225656161126647        8.5840792523170180              743
   6.8741033056403218       -8.5156802144499490        8.5840792523170180              744
   6.8741033056403218       -6.8057042677732529       -10.225656161126647              745
   8.5840792523170180       -5.0957283210965558       -10.225656161126647              746
   8.5840792523170180       -6.8057042677732529       -8.5156802144499490              747
   6.8741033056403218       -5.0957283210965558       -8.5156802144499490              748
   6.8741033056403218       -6.8057042677732529       -6.8057042677732529              749
   8.5840792523170180       -5.0957283210965558       -6.8057042677732529              750
   8.5840792523170180       -6.8057042677732529       -5.0957283210965558              751
   6.8741033056403218       -5.0957283210965558       -5.0957283210965558              752
   6.8741033056403218       -6.8057042677732529       -3.3857523744198597              753
   8.5840792523170180       -5.0957283210965558       -3.3857523744198597              754
   8.5840792523170180       -6.8057042677732529       -1.6757764277431626              755
   6.8741033056403218       -5.0957283210965558       -1.6757764277431626              756
   6.8741033056403218       -6.8057042677732529        3.4199518933533568E-002         757
   8.5840792523170180       -5.0957283210965558        3.4199518933533568E-002         758
   8.5840792523170180       -6.8057042677732529        1.7441754656102297              759
   6.8741033056403218       -5.0957283210965558        1.7441754656102297              760
   6.8741033056403218       -6.8057042677732529        3.4541514122869277              761
   8.5840792523170180       -5.0957283210965558        3.4541514122869277              762
   8.5840792523170180       -6.8057042677732529        5.1641273589636238              763
   6.8741033056403218       -5.0957283210965558        5.1641273589636238              764
   6.8741033056403218       -6.8057042677732529        6.8741033056403218              765
   8.5840792523170180       -5.0957283210965558        6.8741033056403218              766
   8.5840792523170180       -6.8057042677732529        8.5840792523170180              767
   6.8741033056403218       -5.0957283210965558        8.5840792523170180              768
   6.8741033056403218       -3.3857523744198597       -10.225656161126647              769
   8.5840792523170180       -1.6757764277431626       -10.225656161126647              770
   8.5840792523170180       -3.3857523744198597       -8.5156802144499490              771
   6.8741033056403218       -1.6757764277431626       -8.5156802144499490              772
   6.8741033056403218       -3.3857523744198597       -6.8057042677732529              773
   8.5840792523170180       -1.6757764277431626       -6.8057042677732529              774
   8.5840792523170180       -3.3857523744198597       -5.0957283210965558              775
   6.8741033056403218       -1.6757764277431626       -5.0957283210965558              776
   6.8741033056403218       -3.3857523744198597       -3.3857523744198597              777
   8.5840792523170180       -1.6757764277431626       -3.3857523744198597              778
   8.5840792523170180       -3.3857523744198597       -1.6757764277431626              779
   6.8741033056403218       -1.6757764277431626       -1.6757764277431626              780
   6.8741033056403218       -3.3857523744198597        3.4199518933533568E-002         781
   8.5840792523170180       -1.6757764277431626        3.4199518933533568E-002         782
   8.5840792523170180       -3.3857523744198597        1.7441754656102297              783
   6.8741033056403218       -1.6757764277431626        1.7441754656102297              784
   6.8741033056403218       -3.3857523744198597        3.4541514122869277              785
   8.5840792523170180       -1.6757764277431626        3.4541514122869277              786
   8.5840792523170180       -3.3857523744198597        5.1641273589636238              787
   6.8741033056403218       -1.6757764277431626        5.1641273589636238              788
   6.8741033056403218       -3.3857523744198597        6.8741033056403218              789
   8.5840792523170180       -1.6757764277431626        6.8741033056403218              790
   8.5840792523170180       -3.3857523744198597        8.5840792523170180              791
   6.8741033056403218       -1.6757764277431626        8.5840792523170180              792
   6.8741033056403218        3.4199518933533568E-002  -10.225656161126647              793
   8.5840792523170180        1.7441754656102297       -10.225656161126647              794
   8.5840792523170180        3.4199518933533568E-002  -8.5156802144499490              795
   6.8741033056403218        1.7441754656102297       -8.5156802144499490              796
   6.8741033056403218        3.4199518933533568E-002  -6.8057042677732529              797
   8.5840792523170180        1.7441754656102297       -6.8057042677732529              798
   8.5840792523170180        3.4199518933533568E-002  -5.0957283210965558              799
   6.8741033056403218        1.7441754656102297       -5.0957283210965558              800
   6.8741033056403218        3.4199518933533568E-002  -3.3857523744198597              801
   8.5840792523170180        1.7441754656102297       -3.3857523744198597              802
   8.5840792523170180        3.4199518933533568E-002  -1.6757764277431626              803
   6.8741033056403218        1.7441754656102297       -1.6757764277431626              804
   6.8741033056403218        3.4199518933533568E-002   3.4199518933533568E-002         805
   8.5840792523170180        1.7441754656102297        3.4199518933533568E-002         806
   8.5840792523170180        3.4199518933533568E-002   1.7441754656102297              807
   6.8741033056403218        1.7441754656102297        1.7441754656102297              808
   6.8741033056403218        3.4199518933533568E-002   3.4541514122869277              809
   8.5840792523170180        1.7441754656102297        3.4541514122869277              810
   8.5840792523170180        3.4199518933533568E-002   5.1641273589636238              811
   6.8741033056403218        1.7441754656102297        5.1641273589636238              812
   6.8741033056403218        3.4199518933533568E-002   6.8741033056403218              813
   8.5840792523170180        1.7441754656102297        6.8741033056403218              814
   8.5840792523170180        3.4199518933533568E-002   8.5840792523170180              815
   6.8741033056403218        1.7441754656102297        8.5840792523170180              816
   6.8741033056403218        3.4541514122869277       -10.225656161126647              817
   8.5840792523170180        5.1641273589636238       -10.225656161126647              818
   8.5840792523170180        3.4541514122869277       -8.5156802144499490              819
   6.8741033056403218        5.1641273589636238       -8.5156802144499490              820
   6.8741033056403218        3.4541514122869277       -6.8057042677732529              821
   8.5840792523170180        5.1641273589636238       -6.8057042677732529              822
   8.5840792523170180        3.4541514122869277       -5.0957283210965558              823
   6.8741033056403218        5.1641273589636238       -5.0957283210965558              824
   6.8741033056403218        3.4541514122869277       -3.3857523744198597              825
   8.5840792523170180        5.1641273589636238       -3.3857523744198597              826
   8.5840792523170180        3.4541514122869277       -1.6757764277431626              827
   6.8741033056403218        5.1641273589636238       -1.6757764277431626              828
   6.8741033056403218        3.4541514122869277        3.4199518933533568E-002         829
   8.5840792523170180        5.1641273589636238        3.4199518933533568E-002         830
   8.5840792523170180        3.4541514122869277        1.7441754656102297              831
   6.8741033056403218        5.1641273589636238        1.7441754656102297              832
   6.8741033056403218        3.4541514122869277        3.4541514122869277              833
   8.5840792523170180        5.1641273589636238        3.4541514122869277              834
   8.5840792523170180        3.4541514122869277        5.1641273589636238              835
   6.8741033056403218        5.1641273589636238        5.1641273589636238              836
   6.8741033056403218        3.4541514122869277        6.8741033056403218              837
   8.5840792523170180        5.1641273589636238        6.8741033056403218              838
   8.5840792523170180        3.4541514122869277        8.5840792523170180              839
   6.8741033056403218        5.1641273589636238        8.5840792523170180              840
   6.8741033056403218        6.8741033056403218       -10.225656161126647              841
   8.5840792523170180        8.5840792523170180       -10.225656161126647              842
   8.5840792523170180        6.8741033056403218       -8.5156802144499490              843
   6.8741033056403218        8.5840792523170180       -8.5156802144499490              844
   6.8741033056403218        6.8741033056403218       -6.8057042677732529              845
   8.5840792523170180        8.5840792523170180       -6.8057042677732529              846
   8.5840792523170180        6.8741033056403218       -5.0957283210965558              847
   6.8741033056403218        8.5840792523170180       -5.0957283210965558              848
   6.8741033056403218        6.8741033056403218       -3.3857523744198597              849
   8.5840792523170180        8.5840792523170180       -3.3857523744198597              850
   8.5840792523170180        6.8741033056403218       -1.6757764277431626              851
   6.8741033056403218        8.5840792523170180       -1.6757764277431626              852
   6.8741033056403218        6.8741033056403218        3.4199518933533568E-002         853
   8.5840792523170180        8.5840792523170180        3.4199518933533568E-002         854
   8.5840792523170180        6.8741033056403218        1.7441754656102297              855
   6.8741033056403218        8.5840792523170180        1.7441754656102297              856
   6.8741033056403218        6.8741033056403218        3.4541514122869277              857
   8.5840792523170180        8.5840792523170180        3.4541514122869277              858
   8.5840792523170180        6.8741033056403218        5.1641273589636238              859
   6.8741033056403218        8.5840792523170180        5.1641273589636238              860
   6.8741033056403218        6.8741033056403218        6.8741033056403218              861
   8.5840792523170180        8.5840792523170180        6.8741033056403218              862
   8.5840792523170180        6.8741033056403218        8.5840792523170180              863
   6.8741033056403218        8.5840792523170180        8.5840792523170180              864
