                  200  0.31731492513887793       -7.8930420909401437E-003  -685.43228162400328     
                  400  0.31648686191063069       -7.8892766679430851E-003  -1370.0178572848527     
                  600  0.32503574745718344       -7.9044537624753108E-003  -2053.6214168120023     
                  800  0.31875142590889816       -7.8939145285767433E-003  -2737.0217407459668     
                 1000  0.31042589641474516       -7.8783259641434060E-003  -3420.7528910366809     
                 1200  0.31294766642956562       -7.8832358483756932E-003  -4103.5732456352052     
                 1400  0.31571684695138424       -7.8883030056265506E-003  -4788.2996753062180     
                 1600  0.32126873005586409       -7.8976010879070174E-003  -5470.6292283123275     
                 1800  0.31907599722821256       -7.8946711078179653E-003  -6155.1603691625696     
                 2000  0.32528794913464643       -7.9039410604458873E-003  -6838.5163117518105     
                 2200  0.31442529481983383       -7.8864465834432244E-003  -7523.0350654888789     
                 2400  0.32099519297929913       -7.8975383322865394E-003  -8204.3619119775813     
                 2600  0.31786938634109124       -7.8917835786031544E-003  -8887.3086800444344     
                 2800  0.31264188446169722       -7.8831310368984164E-003  -9571.6829656944501     
                 3000  0.31726649361845094       -7.8888135999145188E-003  -10255.269857888017     
                 3200  0.31018027513846230       -7.8794288710311855E-003  -10937.174739496479     
                 3400  0.30893190859004183       -7.8772193385022882E-003  -11620.809652513908     
                 3600  0.31454752930454893       -7.8857128334116830E-003  -12303.057036017433     
                 3800  0.31607922899584834       -7.8877708238242524E-003  -12986.574125923598     
                 4000  0.31399692477286295       -7.8876997886160524E-003  -13670.241796973600     
                 4200  0.30982983534890574       -7.8788054947805906E-003  -14352.875453945271     
                 4400  0.31607495196674562       -7.8885355158673110E-003  -15036.186083780252     
                 4600  0.32436363332757107       -7.9047739508862156E-003  -15718.468431089443     
                 4800  0.32175268754406833       -7.8986933691657414E-003  -16402.013048252327     
                 5000  0.31095816550766775       -7.8825696153867770E-003  -17085.483488096492     
                 5200  0.31744669280393689       -7.8910539737151886E-003  -17769.174838167917     
                 5400  0.32434789193663860       -7.9029741044763843E-003  -18451.812721370774     
                 5600  0.31823382802524453       -7.8926990781608836E-003  -19136.331704135111     
                 5800  0.31390128993817551       -7.8859510277038119E-003  -19819.306057708767     
                 6000  0.32864054699631023       -7.9105017428307608E-003  -20502.990107642116     
                 6200  0.31118347667937235       -7.8789508734388499E-003  -21185.989906065981     
                 6400  0.30882897317630748       -7.8773467990689676E-003  -21869.894488192236     
                 6600  0.30409111916643711       -7.8679574221087092E-003  -22551.493506309256     
                 6800  0.31692735540839023       -7.8891685887853957E-003  -23234.500611697986     
                 7000  0.31434298195898808       -7.8857393000681432E-003  -23917.864298673907     
                 7200  0.31791656818495306       -7.8923574642877463E-003  -24601.157466553155     
                 7400  0.32584974254524923       -7.9056826213165562E-003  -25284.404555184294     
                 7600  0.31542792855784862       -7.8879957449561749E-003  -25965.904537600298     
                 7800  0.31610632271193978       -7.8907226153621234E-003  -26648.041910574579     
                 8000  0.30491408846177148       -7.8711159898282659E-003  -27331.934263335163     
                 8200  0.31535456314943572       -7.8873385961403947E-003  -28015.147248674388     
                 8400  0.30926058316870275       -7.8762632220464798E-003  -28699.562534157030     
                 8600  0.30952974784764131       -7.8786432123807322E-003  -29382.259890693153     
                 8800  0.31440598493064226       -7.8858451665803041E-003  -30066.160404184717     
                 9000  0.32052478995964839       -7.8981036397596828E-003  -30749.292088087761     
                 9200  0.31230512937826904       -7.8833932808204596E-003  -31430.585328696478     
                 9400  0.30423620088992887       -7.8684146567034683E-003  -32113.279627766624     
                 9600  0.31123848245020402       -7.8799110160964747E-003  -32796.413221020899     
                 9800  0.31273824982526777       -7.8832053109905379E-003  -33481.413618341445     
                10000  0.31421621259216265       -7.8868382316354107E-003  -34164.653886085805     
                10200  0.32244303285262882       -7.9018582490510605E-003  -34848.835962848287     
                10400  0.31215532895473130       -7.8819598166980521E-003  -35532.838605276353     
                10600  0.31983353978285667       -7.8950630828575723E-003  -36217.452497588718     
                10800  0.32438056843284307       -7.9050157121239462E-003  -36900.854732672422     
                11000  0.31737301796266659       -7.8914102513681621E-003  -37583.320490756800     
                11200  0.30131093620199190       -7.8648447367822127E-003  -38267.764617534245     
                11400  0.31841822199861897       -7.8942108623056943E-003  -38951.353293452463     
                11600  0.31670898969589262       -7.8909081725652974E-003  -39635.459345590083     
                11800  0.31941149668761204       -7.8935987936731462E-003  -40318.562160644986     
                12000  0.31736680756570140       -7.8898533039996506E-003  -41003.231564472859     
                12200  0.31035950746234209       -7.8791481838020889E-003  -41686.515423363460     
                12400  0.31442904088693457       -7.8859289027146326E-003  -42370.112077165948     
                12600  0.30510555514368715       -7.8704793565405416E-003  -43053.208105753860     
                12800  0.31739021541967360       -7.8928952479610931E-003  -43737.251266653970     
                13000  0.30737383003100288       -7.8740949445253432E-003  -44418.761839389757     
                13200  0.31871105939675504       -7.8925302534874047E-003  -45101.692921155765     
                13400  0.32255492586512902       -7.9004190912672564E-003  -45784.817806015461     
                13600  0.32061219207630876       -7.8963050131031689E-003  -46466.157928306922     
                13800  0.32449939341383816       -7.9038014096053464E-003  -47149.540041861575     
                14000  0.32045008482167736       -7.8974235854808120E-003  -47831.852173660838     
                14200  0.30585160375057502       -7.8717099378132413E-003  -48514.154938055763     
                14400  0.31190541223638113       -7.8830354976195758E-003  -49196.172603785191     
                14600  0.31653280511669601       -7.8905080864448522E-003  -49878.035850828768     
                14800  0.31482971771217111       -7.8874819885965466E-003  -50561.997336311775     
                15000  0.32366597813061021       -7.9029544970193374E-003  -51244.804276831746     
                15200  0.30785445606572187       -7.8751617549195248E-003  -51928.822874472884     
                15400  0.31948215513505368       -7.8934394098535057E-003  -52612.888405707497     
                15600  0.31170711988223559       -7.8811634906437843E-003  -53295.338879729752     
                15800  0.31541273001113507       -7.8885131622506242E-003  -53978.419903302478     
                16000  0.32332348188944765       -7.9005647201662761E-003  -54661.583213446254     
                16200  0.32019968438494206       -7.8953340780987449E-003  -55343.961149616393     
                16400  0.31105307613795813       -7.8809556790637916E-003  -56027.570720617536     
                16600  0.32640109491933084       -7.9062289289856015E-003  -56710.601121726941     
                16800  0.32494365416801463       -7.9048445136835708E-003  -57395.683151160985     
                17000  0.30839945823519616       -7.8754154964284177E-003  -58080.284005629292     
                17200  0.31655540533288107       -7.8906083465773783E-003  -58761.699060251456     
                17400  0.31206259380554580       -7.8842004947732285E-003  -59447.694786450535     
                17600  0.30969782058605488       -7.8786098310945681E-003  -60130.359130662895     
                17800  0.31928018791734347       -7.8937732493988607E-003  -60813.658324780728     
                18000  0.32465113258299627       -7.9038565358433444E-003  -61494.596243300140     
                18200  0.31320204278042896       -7.8847916754247876E-003  -62178.967870035623     
                18400  0.31232214808874309       -7.8827261689415999E-003  -62863.435023428829     
                18600  0.31982164314937805       -7.8950347517369318E-003  -63547.744162321338     
                18800  0.31274670571133267       -7.8861279807657166E-003  -64229.346181962988     
                19000  0.32445012912114801       -7.9051747288219967E-003  -64915.275189287575     
                19200  0.30673900014254563       -7.8742302277172924E-003  -65599.244873212287     
                19400  0.30881243687410403       -7.8773727930511010E-003  -66282.714197416164     
                19600  0.30923280400478864       -7.8782184836691214E-003  -66964.343784232173     
                19800  0.31488150346215238       -7.8876623594889769E-003  -67645.203059630818     
                20000  0.31354042382839742       -7.8842684061138039E-003  -68328.496611646551     
                20200  0.31820209367929808       -7.8942274994330108E-003  -69011.299602897459     
                20400  0.32528811106322369       -7.9045536691107511E-003  -69694.806164721114     
                20600  0.32130726972946916       -7.8976572149274307E-003  -70378.762610702048     
                20800  0.32501709368962461       -7.9042653767427834E-003  -71061.783325070646     
                21000  0.30966635244114560       -7.8797326128942965E-003  -71744.127793158274     
                21200  0.31644921976618895       -7.8896356414689534E-003  -72427.331945818718     
                21400  0.31596177561946809       -7.8899025303902220E-003  -73111.605346367505     
                21600  0.32627787225080884       -7.9066581042236735E-003  -73795.080870972641     
                21800  0.32910303243183087       -7.9107436882843649E-003  -74478.200503789034     
                22000  0.31244271817329000       -7.8834751830038474E-003  -75160.673378934604     
                22200  0.32363404954033920       -7.9011781912846340E-003  -75843.589172061300     
                22400  0.31421216413866926       -7.8847259857657993E-003  -76525.902696544406     
                22600  0.30905571281933170       -7.8769792605931435E-003  -77209.782930829373     
                22800  0.32006566102457057       -7.8958137136030861E-003  -77893.583796738705     
                23000  0.30242655629837301       -7.8664724184483240E-003  -78577.191249298397     
                23200  0.31486605494076231       -7.8875462966189001E-003  -79260.001181415093     
                23400  0.30935515272041902       -7.8783286516697412E-003  -79944.261459288246     
                23600  0.31988643689247481       -7.8935778226301365E-003  -80627.969151759011     
                23800  0.31016366223000230       -7.8792287480748281E-003  -81311.294031728481     
                24000  0.32193325002359624       -7.8993414228132452E-003  -81994.495158822232     
                24200  0.31405583230091183       -7.8863506528901554E-003  -82677.986503608816     
                24400  0.30845120283743160       -7.8766343298416874E-003  -83360.031999879313     
                24600  0.30993483459796911       -7.8797439963466300E-003  -84042.333948430925     
                24800  0.30925900685071966       -7.8780987045368317E-003  -84727.001875286471     
                25000  0.31246402821985092       -7.8822904246230851E-003  -85409.475217307481     
                25200  0.31565904477916540       -7.8862976078994135E-003  -86092.788843877002     
                25400  0.32142251938911842       -7.8970196201208365E-003  -86776.274819460930     
                25600  0.31087777055275023       -7.8795688127539856E-003  -87459.340550486013     
                25800  0.30786366982426144       -7.8751523812910940E-003  -88142.340062775023     
                26000  0.30785870563244666       -7.8754257094124317E-003  -88825.538864934002     
                26200  0.31767534707571488       -7.8926413907598695E-003  -89509.270164092319     
                26400  0.32300973386122439       -7.9027017741210865E-003  -90193.093354637327     
                26600  0.31657026760423784       -7.8896241645812284E-003  -90875.837761395829     
                26800  0.31975761918626477       -7.8968489827099305E-003  -91559.395980774701     
                27000  0.30854185935485484       -7.8748856716075438E-003  -92242.680008557305     
                27200  0.31632572789121821       -7.8889922872671988E-003  -92925.994564467022     
                27400  0.30814686618988141       -7.8765952516609075E-003  -93610.024424511284     
                27600  0.32280499336517893       -7.9000877300285880E-003  -94292.560580772973     
                27800  0.31437767532071587       -7.8866604072948439E-003  -94975.779595665110     
                28000  0.32065776722198802       -7.8952407127426960E-003  -95660.214949157264     
                28200  0.32361012117066090       -7.9021316704201306E-003  -96344.194618920243     
                28400  0.32253308862109681       -7.8993308763943264E-003  -97027.879301952329     
                28600  0.31977822169638509       -7.8954418117438141E-003  -97708.628750017291     
                28800  0.31182007639909343       -7.8821771198127315E-003  -98390.834169701266     
                29000  0.32241331493884084       -7.8997835972191774E-003  -99074.684043344911     
                29200  0.32745959211880898       -7.9093735955534997E-003  -99758.121482439077     
                29400  0.31838809345685304       -7.8946925677791258E-003  -100442.23286471488     
                29600  0.32257734823573120       -7.8993030051503852E-003  -101124.22264649124     
                29800  0.32362263508927330       -7.9017275770746978E-003  -101807.28198892879     
                30000  0.30792126814056131       -7.8752676064985008E-003  -102490.67155526530     
                30200  0.32191876562512933       -7.8990524668591782E-003  -103174.63786437734     
                30400  0.30681231237269629       -7.8728915828595470E-003  -103858.47867762340     
                30600  0.31303788436938568       -7.8843583022119162E-003  -104541.07290275514     
                30800  0.31490229795948960       -7.8878704557924298E-003  -105224.62756654114     
                31000  0.31507733717039726       -7.8859019222644860E-003  -105908.20630051075     
                31200  0.31271882034788051       -7.8847440584673342E-003  -106590.55311322938     
                31400  0.31212035979238378       -7.8809178422187508E-003  -107273.28291822236     
                31600  0.31415385917341121       -7.8852411720567849E-003  -107956.93832273161     
                31800  0.31502512573070168       -7.8874550445803184E-003  -108639.68887921124     
                32000  0.31539752066087851       -7.8878781680519240E-003  -109324.95392346653     
                32200  0.30991538133888458       -7.8801235741392285E-003  -110007.42665899864     
                32400  0.31233139016643324       -7.8831469317396131E-003  -110690.40718662196     
                32600  0.32425856188668439       -7.9029814970756253E-003  -111373.66958403411     
                32800  0.31699873532975276       -7.8905669201892147E-003  -112057.63315909804     
                33000  0.31634105041642568       -7.8874805389503675E-003  -112743.09595815839     
                33200  0.31953024593650137       -7.8946711950031601E-003  -113428.69758640569     
                33400  0.30815363190871947       -7.8757060655664530E-003  -114113.53151931506     
                33600  0.32757350608725455       -7.9093885031484446E-003  -114795.94053521479     
                33800  0.32284582605663442       -7.9009146936676097E-003  -115478.96980877103     
                34000  0.31419748373643069       -7.8852236034690736E-003  -116162.80310356879     
                34200  0.31982838737038022       -7.8950604860708613E-003  -116846.07416397575     
                34400  0.31891215179207877       -7.8930335299498122E-003  -117528.71541992504     
                34600  0.30566587732431733       -7.8705925492670806E-003  -118213.18037333306     
                34800  0.31317485305990084       -7.8838859393339459E-003  -118896.80341333216     
                35000  0.30430539991506200       -7.8678323587639352E-003  -119578.62294166996     
                35200  0.30807673277477404       -7.8752943097018992E-003  -120262.55244220275     
                35400  0.31881043727087233       -7.8933288092539050E-003  -120944.52229827520     
                35600  0.33705668103840408       -7.9240283279668720E-003  -121627.33225692715     
                35800  0.31607390788506379       -7.8895923164064800E-003  -122310.42647765616     
                36000  0.32241430752390055       -7.8999808793991794E-003  -122993.71123779204     
                36200  0.31898325431316898       -7.8936019570520436E-003  -123677.53582959734     
                36400  0.31166450937945839       -7.8809054440186870E-003  -124359.58066056114     
                36600  0.30682384853356992       -7.8726420479495740E-003  -125041.27409805646     
                36800  0.30684407435946154       -7.8732472245365212E-003  -125725.06115523535     
                37000  0.31606962435770913       -7.8871442975942691E-003  -126409.42144314454     
                37200  0.31033892520024309       -7.8787078936881673E-003  -127092.47289647239     
                37400  0.32171826110545154       -7.8991050533648230E-003  -127774.73632533509     
                37600  0.30891035360186536       -7.8754632795204633E-003  -128457.83004823991     
                37800  0.31154397343085471       -7.8817851630115614E-003  -129141.24518420566     
                38000  0.31763429044137298       -7.8903307317356505E-003  -129824.07401951423     
                38200  0.31665203959497129       -7.8900255857327142E-003  -130509.25914680399     
                38400  0.31910485697922136       -7.8945365130345425E-003  -131190.91245621254     
                38600  0.30771404701168975       -7.8757330418474346E-003  -131874.35368030571     
                38800  0.31079712077986238       -7.8785311909007651E-003  -132557.08144390676     
                39000  0.31685936012554977       -7.8900568955074628E-003  -133239.99502016586     
                39200  0.31216504835737491       -7.8810310465679441E-003  -133923.32827137384     
                39400  0.31923214061526445       -7.8944410115891865E-003  -134607.56569631817     
                39600  0.31446199776931261       -7.8857523829091378E-003  -135291.22128695762     
                39800  0.32070965150372704       -7.8968462594459238E-003  -135974.78123331571     
                40000  0.31367642856225147       -7.8835934584710627E-003  -136656.93528670172     
                40200  0.32011484406512231       -7.8960713227503344E-003  -137340.35720296967     
                40400  0.32098602208970800       -7.8954033734093421E-003  -138026.06179709046     
                40600  0.31865427202149971       -7.8925779632566129E-003  -138707.82431919628     
                40800  0.32295834520397709       -7.9004091375459145E-003  -139390.38554805296     
                41000  0.31858807167436054       -7.8929745051698110E-003  -140074.63246578342     
                41200  0.31963176771996932       -7.8939709062978373E-003  -140757.34856743671     
                41400  0.32136686841507905       -7.8989117411290780E-003  -141440.52085231320     
                41600  0.31674263453754131       -7.8905123910559746E-003  -142125.18821409234     
                41800  0.31878243819986485       -7.8932510834838383E-003  -142808.78457112020     
                42000  0.31830515019702615       -7.8928789686700442E-003  -143491.24406283392     
                42200  0.32164481626819114       -7.8987676178636432E-003  -144172.92395979783     
                42400  0.31878806578411506       -7.8942580396066282E-003  -144857.10276859751     
                42600  0.30818196404839604       -7.8752355052918166E-003  -145539.72720402086     
                42800  0.31115726939869831       -7.8813552592037830E-003  -146222.83577550817     
                43000  0.31445853732754681       -7.8861506176507636E-003  -146906.19273564970     
                43200  0.31384744516317564       -7.8837067774910532E-003  -147589.79928833296     
                43400  0.32573652662465619       -7.9037373250244857E-003  -148272.66458834810     
                43600  0.30810473835717661       -7.8762414155961729E-003  -148956.29424497084     
                43800  0.31093904368319430       -7.8800973099829742E-003  -149638.88488431019     
                44000  0.32163313852903436       -7.8983760719375240E-003  -150322.15767307190     
                44200  0.31594027671063329       -7.8885386906993610E-003  -151004.63115651000     
                44400  0.32218031432411809       -7.8994781686392845E-003  -151688.06282032005     
                44600  0.31789170291498364       -7.8924252211386679E-003  -152371.85399609915     
                44800  0.30897843517417389       -7.8770798480064137E-003  -153055.90546979869     
                45000  0.32201654061282026       -7.8991212930613671E-003  -153738.49429478982     
                45200  0.30107267820683364       -7.8633735287204076E-003  -154421.43817217322     
                45400  0.31818466609598534       -7.8904734680702790E-003  -155106.23852299110     
                45600  0.31401245378710857       -7.8848720258156198E-003  -155789.59288768255     
                45800  0.32558189091795942       -7.9034053829473792E-003  -156473.56958795869     
                46000  0.31554110328601803       -7.8871789464384518E-003  -157156.63831103765     
                46200  0.30955254722766096       -7.8790040682497117E-003  -157840.32418204745     
                46400  0.32104668723149876       -7.8964859421547188E-003  -158524.82004746827     
                46600  0.31647984871900070       -7.8872648374631576E-003  -159207.01379511534     
                46800  0.30866634218684308       -7.8754421071001827E-003  -159890.99186067132     
                47000  0.31749597459815493       -7.8897500801265782E-003  -160574.44959607915     
                47200  0.31711591421190483       -7.8891272133473096E-003  -161257.30007644620     
                47400  0.31598491594921468       -7.8884747786328573E-003  -161941.32724844664     
                47600  0.31284637572224927       -7.8852774054945195E-003  -162624.60549304826     
                47800  0.31691091611886529       -7.8906107891442406E-003  -163305.95361457192     
                48000  0.31510361177992641       -7.8880927999212935E-003  -163988.93195555970     
                48200  0.31860947257296868       -7.8923135904943077E-003  -164672.42438834824     
                48400  0.31314110588833888       -7.8860004413630475E-003  -165355.85250586766     
                48600  0.31741504682356497       -7.8909171283291051E-003  -166038.52032815342     
                48800  0.31701047682986838       -7.8888634146517429E-003  -166719.78297930752     
                49000  0.31415269944809299       -7.8865350593973135E-003  -167404.20303581533     
                49200  0.30821699653146578       -7.8772237913958352E-003  -168089.52982571037     
                49400  0.31388055217770466       -7.8847826347839822E-003  -168772.30531620220     
                49600  0.31410336664026217       -7.8857494245421472E-003  -169455.40179265075     
                49800  0.31932306697895230       -7.8937853259876383E-003  -170139.76684772092     
                50000  0.31665931809723991       -7.8916149395377045E-003  -170822.09696786010     
                50200  0.31928281879808873       -7.8943757836475083E-003  -171505.48794698523     
                50400  0.31523570385748462       -7.8869333619213111E-003  -172188.83002004120     
                50600  0.31666043125365367       -7.8904817446665085E-003  -172872.63847160494     
                50800  0.31468460368457951       -7.8852396338410704E-003  -173554.71728871576     
                51000  0.31860172592447716       -7.8934078814287979E-003  -174238.45778907184     
                51200  0.31971188954049712       -7.8966602130816320E-003  -174921.12000031050     
                51400  0.31853363036854870       -7.8912341130110818E-003  -175602.91803355236     
                51600  0.31767274381601318       -7.8926323428876333E-003  -176286.03451451776     
                51800  0.31370755640400588       -7.8833345884928574E-003  -176970.34157371352     
                52000  0.32316997569091127       -7.9016904413700927E-003  -177651.29621302389     
                52200  0.30502055604936140       -7.8709600111281520E-003  -178334.79674133015     
                52400  0.31791994809198576       -7.8921369936736218E-003  -179016.39969638421     
                52600  0.31763574909800169       -7.8925816145909242E-003  -179699.98308155788     
                52800  0.31675909325332074       -7.8907987349652216E-003  -180383.44900878536     
                53000  0.31447148736776798       -7.8848272959581040E-003  -181065.53946612580     
                53200  0.31126669566691323       -7.8795968923398487E-003  -181747.27641883609     
                53400  0.32158516050834063       -7.8968295336721839E-003  -182430.89894777490     
                53600  0.32083684745525087       -7.8972126238240330E-003  -183114.97419621539     
                53800  0.31515715085302598       -7.8878285460651960E-003  -183798.60116963994     
                54000  0.31354903692899233       -7.8855648382274175E-003  -184482.00321529328     
                54200  0.31650377454016004       -7.8895755910171946E-003  -185165.76535711772     
                54400  0.32541851011501849       -7.9037901101891364E-003  -185849.00525341553     
                54600  0.32254533954223313       -7.8990567964675983E-003  -186530.14052627303     
                54800  0.31403050774437891       -7.8869834118384559E-003  -187214.88786003046     
                55000  0.31960607439477801       -7.8942147773212127E-003  -187898.68298207573     
                55200  0.31264229171797109       -7.8824652137164126E-003  -188580.76276089434     
                55400  0.31830921206340507       -7.8905752938753116E-003  -189263.03718856716     
                55600  0.32414361740019493       -7.9021912805349297E-003  -189947.33717499062     
                55800  0.31226375252897559       -7.8819821523657494E-003  -190629.55681496364     
                56000  0.30861153020207560       -7.8766745542183363E-003  -191312.09786952450     
                56200  0.30853818215981099       -7.8763737543824860E-003  -191995.51426657382     
                56400  0.31072752660857195       -7.8809003090644491E-003  -192677.98263048197     
                56600  0.31330151187944039       -7.8836675618894191E-003  -193360.70350771598     
                56800  0.32608805446676281       -7.9066266532426908E-003  -194043.40380157289     
                57000  0.31286013635464321       -7.8819527353753589E-003  -194726.72509843172     
                57200  0.31361896282476986       -7.8851044268398365E-003  -195408.64677222163     
                57400  0.31262361718859305       -7.8829740156794188E-003  -196091.54734123187     
                57600  0.30427582003924530       -7.8672131569857522E-003  -196774.86280131739     
                57800  0.31382031385018477       -7.8845573033926482E-003  -197456.51200143676     
                58000  0.31724728199543756       -7.8899749473334523E-003  -198140.00116727807     
                58200  0.32296892643029645       -7.9011414512927779E-003  -198823.88893184622     
                58400  0.31045665186505150       -7.8807012612535001E-003  -199508.22220430869     
                58600  0.31186976419848889       -7.8841075006724163E-003  -200191.13251698011     
                58800  0.31042410530196718       -7.8808636287284461E-003  -200874.38157326987     
                59000  0.31734350484813617       -7.8919322517436857E-003  -201555.63492144083     
                59200  0.31315795145136865       -7.8844629389904358E-003  -202238.60648478032     
                59400  0.31410710247823459       -7.8853918066211243E-003  -202920.72585905626     
                59600  0.31204270355283137       -7.8810259174362102E-003  -203604.38008921957     
                59800  0.31555589065651302       -7.8876667501612784E-003  -204286.99566183789     
                60000  0.31966254625864721       -7.8941629282104752E-003  -204969.24129562415     
                60200  0.30758142774594127       -7.8755751570170895E-003  -205652.52803033823     
                60400  0.32394021655178745       -7.9018590838681960E-003  -206335.47451107044     
                60600  0.31715282441834342       -7.8906308579423188E-003  -207017.07636104530     
                60800  0.31080415028746372       -7.8811944281913481E-003  -207701.69431903970     
                61000  0.30941069360265244       -7.8784814903799117E-003  -208383.43067365672     
                61200  0.30933990094213359       -7.8779861066744662E-003  -209065.94122269339     
                61400  0.32167652102575783       -7.8991060186082845E-003  -209749.62751846039     
                61600  0.32381058487003261       -7.9021463313011190E-003  -210431.07374861368     
                61800  0.31118810292788945       -7.8809084064103020E-003  -211113.58544906951     
                62000  0.31476182414769771       -7.8865411140631933E-003  -211798.70575192498     
                62200  0.32499636915061042       -7.9041865835376493E-003  -212482.36867146337     
                62400  0.30745662042102023       -7.8730833683631381E-003  -213165.70418826092     
                62600  0.31602908288767206       -7.8885174902195970E-003  -213848.93061924938     
                62800  0.32617946398654191       -7.9068455114374263E-003  -214531.34866053582     
                63000  0.30582564378435156       -7.8721614325020419E-003  -215214.00072310516     
                63200  0.32146982445087974       -7.8993185046697129E-003  -215897.16520450835     
                63400  0.32243008608521095       -7.9004639895538589E-003  -216579.60842979574     
                63600  0.31672193837717350       -7.8877771875689590E-003  -217264.44922402242     
                63800  0.32709269058424251       -7.9076917429812838E-003  -217948.09920966454     
                64000  0.31187301553912228       -7.8822026114868573E-003  -218629.28071191980     
                64200  0.31686279530933192       -7.8906770981396410E-003  -219312.75651650774     
                64400  0.31992477147387649       -7.8965949360159174E-003  -219996.36302771227     
                64600  0.31760779571089781       -7.8919072417178056E-003  -220679.81840224241     
                64800  0.32429529942428476       -7.9028423340339431E-003  -221363.38733601151     
                65000  0.31702896623027749       -7.8891724286517962E-003  -222046.46356850257     
                65200  0.30676250467754268       -7.8736134752356978E-003  -222730.30686991746     
                65400  0.32196456270984669       -7.8996775266996014E-003  -223412.86630556110     
                65600  0.31750718992237420       -7.8914814180207644E-003  -224095.38645273549     
                65800  0.31768330819175294       -7.8917223636138928E-003  -224777.92902623324     
                66000  0.30840782652902188       -7.8768356797008377E-003  -225460.58848513872     
                66200  0.30921177239044834       -7.8768648826564730E-003  -226144.27823554823     
                66400  0.31446941792169875       -7.8871808171871692E-003  -226828.80431668981     
                66600  0.31815543299762039       -7.8919647697579549E-003  -227513.26768250522     
                66800  0.32297666973602129       -7.9004630718751793E-003  -228196.14246711836     
                67000  0.30676269225503322       -7.8719032648594551E-003  -228877.40330669619     
                67200  0.30098965508236009       -7.8653454080240826E-003  -229561.19725619906     
                67400  0.32089144266499536       -7.8965850354827567E-003  -230245.96969996835     
                67600  0.32281180885230176       -7.8997356088659175E-003  -230928.43176436183     
                67800  0.32455424846830860       -7.9022752201736088E-003  -231611.12147574907     
                68000  0.30610597776798082       -7.8727520794851548E-003  -232292.69145254031     
                68200  0.31619846908426386       -7.8867396637251914E-003  -232976.01423508665     
                68400  0.32814268763582416       -7.9091701807842210E-003  -233660.00076968168     
                68600  0.31748813974368106       -7.8924397324981067E-003  -234343.54639692261     
                68800  0.31005374820329878       -7.8791498431573757E-003  -235024.60860907621     
                69000  0.31935561873156354       -7.8941414307944057E-003  -235707.58162085657     
                69200  0.31361133951249304       -7.8854289687730131E-003  -236389.79379109674     
                69400  0.31743753462272495       -7.8915762465809058E-003  -237073.13957976128     
                69600  0.31521529841782209       -7.8877729677133603E-003  -237755.92444104754     
                69800  0.31972788183537909       -7.8945967957178564E-003  -238439.95151185637     
                70000  0.31668111300589580       -7.8908509612566746E-003  -239123.52425994980     
                70200  0.33014867835262285       -7.9132866047046703E-003  -239804.51016322567     
                70400  0.31438187824804542       -7.8866395114316808E-003  -240488.17289417435     
                70600  0.32369511502517989       -7.9030618615973693E-003  -241172.93566169866     
                70800  0.31438286318736480       -7.8862295582916263E-003  -241855.80691162820     
                71000  0.31686723172933623       -7.8904369188272337E-003  -242537.91807689585     
                71200  0.31607570183492156       -7.8895941332227503E-003  -243219.19982053663     
                71400  0.31325314453224806       -7.8856966358591251E-003  -243901.82997322880     
                71600  0.31941081028861040       -7.8936897765904505E-003  -244586.75024312121     
                71800  0.32647082790820769       -7.9070029682257788E-003  -245268.55898508304     
                72000  0.31935717548584686       -7.8921609572837042E-003  -245951.25926997789     
                72200  0.32675432549160988       -7.9075713105252014E-003  -246635.48287190430     
                72400  0.31594294909837706       -7.8876795506187328E-003  -247319.47560859856     
                72600  0.31319583464607986       -7.8832558966106733E-003  -248002.87298735016     
                72800  0.31602746744487953       -7.8877167869520967E-003  -248686.13447820203     
                73000  0.32251946378111335       -7.8998881145012894E-003  -249369.31967090981     
                73200  0.29690849681179449       -7.8563162248647539E-003  -250051.37577360123     
                73400  0.31839015702403178       -7.8927230066754891E-003  -250735.65163052897     
                73600  0.31708541753300123       -7.8915434298876992E-003  -251419.06711702776     
                73800  0.30450812006004391       -7.8704371498432932E-003  -252103.16393706869     
                74000  0.31517323914539214       -7.8894598889701593E-003  -252785.11724649466     
                74200  0.30150911032247923       -7.8649969078956068E-003  -253468.21028339886     
                74400  0.31079679087053630       -7.8810264017646538E-003  -254150.70884474949     
                74600  0.31774674201120107       -7.8915887396065511E-003  -254834.07208274593     
                74800  0.32649247391569580       -7.9064698088341882E-003  -255517.19819333719     
                75000  0.31128782528901788       -7.8802412289241570E-003  -256200.97245442498     
                75200  0.31397567483778721       -7.8853015613485639E-003  -256884.47625115572     
                75400  0.31101675207144924       -7.8807590401941737E-003  -257567.16594622281     
                75600  0.31713437991339161       -7.8923735998522905E-003  -258250.82035963191     
                75800  0.31341476207788427       -7.8836520288319903E-003  -258933.97942242931     
                76000  0.32787884655966998       -7.9100374715560303E-003  -259617.05970878759     
                76200  0.31661241318282884       -7.8885342733119243E-003  -260300.97616398861     
                76400  0.31711478561591383       -7.8879668202827356E-003  -260985.30843321947     
                76600  0.32538598694804610       -7.9046949876434829E-003  -261669.26504947423     
                76800  0.31415784032901045       -7.8845807229271942E-003  -262353.69065672578     
                77000  0.31517146565528631       -7.8896697263057883E-003  -263037.46382331225     
                77200  0.32248904021891794       -7.8990765780337074E-003  -263718.68353634526     
                77400  0.31455910876282045       -7.8867052988037326E-003  -264402.00054395571     
                77600  0.30956230952729086       -7.8780361594884708E-003  -265086.64519130078     
                77800  0.32652393283982672       -7.9060754528659551E-003  -265769.02518417605     
                78000  0.31795495350780761       -7.8923146249243840E-003  -266451.89420242183     
                78200  0.31350933754258609       -7.8853846896625689E-003  -267135.77918508556     
                78400  0.31489052768503117       -7.8873255031329907E-003  -267820.15517560625     
                78600  0.31630318494562509       -7.8885460846224963E-003  -268503.83586124034     
                78800  0.31916343653521767       -7.8944404729478918E-003  -269187.14785575116     
                79000  0.30829153879873572       -7.8746526873766185E-003  -269868.67895608564     
                79200  0.31700815239195218       -7.8901669528748473E-003  -270552.74216480757     
                79400  0.31648222929073033       -7.8894865384781538E-003  -271234.90404651192     
                79600  0.30769800028398464       -7.8756287256649092E-003  -271916.52013694076     
                79800  0.30359955965821600       -7.8671900229740910E-003  -272600.90775387600     
                80000  0.32385743542689199       -7.9029393395237072E-003  -273284.50649120391     
                80200  0.31652900818587631       -7.8900097892686503E-003  -273968.73289209476     
                80400  0.31697157473064552       -7.8897422890884337E-003  -274651.84137286869     
                80600  0.31846417427316626       -7.8926428560103287E-003  -275334.82686620241     
                80800  0.30741693626160416       -7.8741052223914882E-003  -276017.57720349479     
                81000  0.31972106033958558       -7.8937721955762395E-003  -276701.97271035722     
                81200  0.31637029257502847       -7.8890874972929754E-003  -277385.87960947526     
                81400  0.31542574653980338       -7.8877688715476065E-003  -278069.42792904290     
                81600  0.30834267909539659       -7.8761629126175188E-003  -278751.08517007245     
                81800  0.31378219610239388       -7.8857186286113556E-003  -279434.48119531752     
                82000  0.31999406895965010       -7.8960622250799969E-003  -280119.51472219260     
                82200  0.31876390087008061       -7.8934938192556526E-003  -280801.27070709999     
                82400  0.31248020243542640       -7.8825023438596330E-003  -281485.21903802262     
                82600  0.31026187652122339       -7.8809973951074093E-003  -282169.16529477597     
                82800  0.31628673718239619       -7.8881001584288502E-003  -282851.47890281538     
                83000  0.32653875099078439       -7.9073374141177960E-003  -283536.05266627664     
                83200  0.31635082073518972       -7.8895105368211298E-003  -284219.84951295197     
                83400  0.30593754190864614       -7.8733681599420253E-003  -284903.31371216144     
                83600  0.31090603238774811       -7.8808463491514390E-003  -285585.91072455427     
                83800  0.31465587959251939       -7.8878129088496840E-003  -286269.96565253340     
                84000  0.31711903490056620       -7.8901027198573764E-003  -286953.23181753181     
                84200  0.33289427843103875       -7.9179459454413372E-003  -287635.27114592271     
                84400  0.32819981459788633       -7.9094748142250274E-003  -288319.79442266817     
                84600  0.32289730274886319       -7.9027549124607074E-003  -289003.67564949975     
                84800  0.31707885067519187       -7.8917369150282215E-003  -289686.19612559513     
                85000  0.31871869612753440       -7.8941015539822461E-003  -290371.28953972529     
                85200  0.31647347594446235       -7.8900449077712546E-003  -291054.61537322868     
                85400  0.30333233297869827       -7.8665594605397855E-003  -291738.60860002035     
                85600  0.31450259124415542       -7.8857080526581729E-003  -292421.76814206201     
                85800  0.31001395699313622       -7.8785261515079801E-003  -293104.33378614439     
                86000  0.31900119120177983       -7.8936333894814061E-003  -293788.53377080464     
                86200  0.30442333398304883       -7.8705327793400833E-003  -294470.61851963832     
                86400  0.32134859168682861       -7.8989936788787726E-003  -295152.66528542404     
                86600  0.32318636695302361       -7.9013114421081308E-003  -295835.31782187888     
                86800  0.30777032401007898       -7.8758888816332882E-003  -296518.31244795339     
                87000  0.31981342320213751       -7.8937504323526326E-003  -297203.16632455902     
                87200  0.30612485042394855       -7.8729630706551850E-003  -297886.45517284347     
                87400  0.32359367195432831       -7.9012347381842880E-003  -298569.49964725709     
                87600  0.32306144888684551       -7.9003043772405777E-003  -299253.16165163153     
                87800  0.32166240192262185       -7.8991940036153580E-003  -299939.21463999886     
                88000  0.31355739240407920       -7.8865437027534572E-003  -300621.55824300944     
                88200  0.32303665777124285       -7.9022615604263536E-003  -301304.43692028348     
                88400  0.31051674435788607       -7.8797078322695065E-003  -301985.56615107018     
                88600  0.31599031238625214       -7.8887449176018119E-003  -302667.30663775851     
                88800  0.31570387205811384       -7.8898576071932923E-003  -303350.90822476172     
                89000  0.31391124480610672       -7.8860476952200935E-003  -304032.92617125175     
                89200  0.32576101991649892       -7.9061666678535616E-003  -304717.19285427179     
                89400  0.31310725758736840       -7.8835622483106205E-003  -305400.68055031809     
                89600  0.31494724560639320       -7.8854664275033893E-003  -306083.41817269678     
                89800  0.30101845421919560       -7.8636022618120329E-003  -306767.57607787650     
                90000  0.31111724129787371       -7.8805719047566128E-003  -307451.83311664552     
                90200  0.32176340657543212       -7.8985557642204298E-003  -308135.24455491750     
                90400  0.31508919254638684       -7.8867017027691843E-003  -308818.64681142994     
                90600  0.32030395263551553       -7.8961347913426363E-003  -309501.90206431533     
                90800  0.32136786598047651       -7.8973515903907159E-003  -310183.95989895554     
                91000  0.32066162389211539       -7.8971284273940227E-003  -310868.03278253367     
                91200  0.31802166927775227       -7.8917049524745465E-003  -311551.20386762975     
                91400  0.32377792440612280       -7.9028807772031986E-003  -312236.33641150536     
                91600  0.31575932337479751       -7.8877581492144550E-003  -312919.33203978947     
                91800  0.31999856653640690       -7.8961012965064487E-003  -313601.69703998690     
                92000  0.32439612532532996       -7.9033898413145790E-003  -314286.22881502099     
                92200  0.30433992172444135       -7.8717190049751220E-003  -314968.44992428529     
                92400  0.31643049533102996       -7.8894936969789772E-003  -315651.33143676718     
                92600  0.31556679477944949       -7.8888195764994663E-003  -316334.07902028749     
                92800  0.32671343774242984       -7.9067546484219049E-003  -317015.92761303898     
                93000  0.31773292194400427       -7.8903740076510191E-003  -317699.47916190763     
                93200  0.31139206814427001       -7.8804720670710548E-003  -318383.11877345765     
                93400  0.31107383827216628       -7.8806611164934301E-003  -319068.42188106861     
                93600  0.31705189918919469       -7.8909288048490955E-003  -319752.08858201641     
                93800  0.32152024993839617       -7.8989345739953320E-003  -320435.02948267583     
                94000  0.31116806994930535       -7.8785428889330007E-003  -321119.23641700856     
                94200  0.32200007655416840       -7.8976913826741494E-003  -321801.80268114147     
                94400  0.31953243989255914       -7.8928755958592479E-003  -322484.04712694581     
                94600  0.30924715771086203       -7.8797062097284484E-003  -323168.86057037913     
                94800  0.32483197121662155       -7.9029736350590945E-003  -323852.99103829672     
                95000  0.30825229662748432       -7.8758620819061025E-003  -324534.21312388231     
                95200  0.31796486108822092       -7.8925622989297756E-003  -325217.82425454672     
                95400  0.31639135814914704       -7.8904846246938259E-003  -325900.94641342014     
                95600  0.31243472666078703       -7.8821204427834569E-003  -326583.29690800578     
                95800  0.32631608149596070       -7.9073237848248830E-003  -327264.85447595833     
                96000  0.32141406652668530       -7.8985288768132298E-003  -327946.29837398819     
                96200  0.31332911312926776       -7.8840184077086164E-003  -328628.09317238512     
                96400  0.31784311160690537       -7.8919123049699981E-003  -329311.59671900095     
                96600  0.30709482788619280       -7.8750698102209218E-003  -329994.40760004777     
                96800  0.32221613501836949       -7.8986890017415101E-003  -330679.37322857673     
                97000  0.30999414836514200       -7.8779465935353479E-003  -331361.37038405548     
                97200  0.30930851663388303       -7.8786700740977444E-003  -332044.34934441902     
                97400  0.31896673220975297       -7.8930482731500457E-003  -332726.90442848159     
                97600  0.32185983507177862       -7.8973350819248889E-003  -333409.69026252889     
                97800  0.31397119517799060       -7.8860330522746228E-003  -334091.50954503973     
                98000  0.31007248619494876       -7.8799477292760926E-003  -334774.89371851902     
                98200  0.31701439694439087       -7.8899675961172228E-003  -335458.33237150655     
                98400  0.31514350623591525       -7.8882958233855664E-003  -336140.33389452787     
                98600  0.31569196092208041       -7.8882549570743771E-003  -336824.13080199889     
                98800  0.32041455533197927       -7.8943720403750039E-003  -337507.92163368396     
                99000  0.31448336159900814       -7.8864471338516446E-003  -338190.87465298729     
                99200  0.31455012337874583       -7.8869512190576710E-003  -338877.06645202910     
                99400  0.32477989216296049       -7.9036386818811411E-003  -339560.89005257521     
                99600  0.31377335337186385       -7.8851486491043690E-003  -340242.85387624591     
                99800  0.31392296906957601       -7.8843091700374450E-003  -340927.12759862083     
               100000  0.31228998605992070       -7.8815740363422510E-003  -341611.11518810567     
               100200  0.31612605623112577       -7.8903025525522297E-003  -342294.46517805225     
               100400  0.31840939313599492       -7.8931815829625385E-003  -342978.25366571953     
               100600  0.32231296386893066       -7.8996772956649672E-003  -343661.29206002294     
               100800  0.31315435406606223       -7.8854317007512678E-003  -344344.62516901438     
               101000  0.32292996005918684       -7.9007274037209089E-003  -345027.11780963722     
               101200  0.31543647923577339       -7.8899380151914618E-003  -345711.47120276332     
               101400  0.30735065561044095       -7.8744975003152383E-003  -346391.83474250714     
               101600  0.31361753259035197       -7.8847943893460490E-003  -347073.00302637159     
               101800  0.32351336090945465       -7.9022212515431154E-003  -347755.72633613687     
               102000  0.32169441069137167       -7.8993543627020411E-003  -348438.47796793311     
               102200  0.31573009021854725       -7.8891299735972496E-003  -349121.91676737770     
               102400  0.30647158709092587       -7.8717570814903978E-003  -349805.84084398131     
               102600  0.31938607752062032       -7.8957585805176939E-003  -350489.12400480994     
               102800  0.32015062498513625       -7.8953572793877425E-003  -351172.38477487763     
               103000  0.31368832289782356       -7.8859106468620963E-003  -351857.25441547309     
               103200  0.32359189227083762       -7.9027361403400352E-003  -352539.75531651685     
               103400  0.31479485596724405       -7.8870152666577972E-003  -353222.15657778078     
               103600  0.32166750214750411       -7.8982289953752668E-003  -353905.58015452354     
               103800  0.31605197948051461       -7.8898901224344221E-003  -354589.17091767833     
               104000  0.31809494118266612       -7.8938905509795994E-003  -355274.09735932230     
               104200  0.31953111891989672       -7.8980206102549650E-003  -355957.62597773096     
               104400  0.32588855169050546       -7.9057760368308749E-003  -356639.08287133143     
               104600  0.31572171414987443       -7.8880282355009799E-003  -357321.81836936623     
               104800  0.31456884682730196       -7.8869600935885659E-003  -358005.06316995766     
               105000  0.31042367879711474       -7.8785651225802434E-003  -358688.51962475886     
               105200  0.32382129639658352       -7.9014563641705508E-003  -359370.83795131760     
               105400  0.31816746422582121       -7.8936361980949561E-003  -360055.44572524901     
               105600  0.31761224074026112       -7.8919777365264454E-003  -360740.57992297364     
               105800  0.30934244107934628       -7.8782439710063240E-003  -361422.89237533527     
               106000  0.31987063040989533       -7.8945044058013770E-003  -362107.75145653670     
               106200  0.31728411579658977       -7.8916825110901569E-003  -362790.57530199015     
               106400  0.32212271364759054       -7.8994054983611353E-003  -363473.92108732142     
               106600  0.31409508415577403       -7.8845984998873117E-003  -364157.55572174257     
               106800  0.31596222099013072       -7.8896541625998722E-003  -364841.06159964507     
               107000  0.30700288927554459       -7.8731265412107926E-003  -365523.98559102463     
               107200  0.30753445574798327       -7.8753252791796454E-003  -366207.88428588444     
               107400  0.31129451889482573       -7.8805987369783177E-003  -366891.31117775216     
               107600  0.31404543239980154       -7.8840597150071721E-003  -367574.75423235109     
               107800  0.33029131669100487       -7.9113229338165728E-003  -368259.01879489125     
               108000  0.31970866239729462       -7.8956259358485478E-003  -368941.67655579251     
               108200  0.30812479411980165       -7.8757597924074465E-003  -369624.42359144281     
               108400  0.32210685726135069       -7.8983054317751343E-003  -370309.21462270297     
               108600  0.31731251612732952       -7.8915920960538205E-003  -370992.39662607742     
               108800  0.31013684094189792       -7.8773364505708866E-003  -371676.42788385728     
               109000  0.31104007032651010       -7.8814341052875249E-003  -372360.04350468662     
               109200  0.31341953873203143       -7.8857425859892218E-003  -373042.17952496919     
               109400  0.31776402208372495       -7.8933563001292121E-003  -373725.05882063007     
               109600  0.31744527944254858       -7.8902243954189315E-003  -374406.86445111316     
               109800  0.31178408219913262       -7.8828549377775604E-003  -375090.70293497399     
               110000  0.31944771448613685       -7.8946761957586747E-003  -375774.47674600669     
               110200  0.31865779640987907       -7.8944084569341245E-003  -376455.40655689029     
               110400  0.31095555815141951       -7.8804718315352938E-003  -377138.27911726909     
               110600  0.32168565206294558       -7.8981910456486538E-003  -377821.24970931275     
               110800  0.32084324688632582       -7.8988366564648801E-003  -378502.82458950649     
               111000  0.32087544579451549       -7.8957972305225641E-003  -379185.38097432500     
               111200  0.30786139901119020       -7.8730255690146016E-003  -379869.27684426378     
               111400  0.32250204925220971       -7.8991457298193315E-003  -380551.80167899409     
               111600  0.31365238088514724       -7.8852014538900346E-003  -381234.72463273857     
               111800  0.32505644998153926       -7.9038744164927708E-003  -381918.53291295480     
               112000  0.32001893882344240       -7.8941928884401838E-003  -382600.29238488618     
               112200  0.32235055169697574       -7.8988016874945964E-003  -383282.32517880638     
               112400  0.32343642529806893       -7.9014767863009698E-003  -383966.12197650044     
               112600  0.30865321534612916       -7.8768328714592939E-003  -384648.97368993936     
               112800  0.33038157367388649       -7.9129691685510643E-003  -385333.41237110033     
               113000  0.31002533516156422       -7.8799590542396949E-003  -386016.88232784509     
               113200  0.30958784190771588       -7.8776224071500141E-003  -386701.65134203166     
               113400  0.32020337315592345       -7.8956528490412917E-003  -387383.49814593233     
               113600  0.31249901601210961       -7.8836531667733113E-003  -388066.30509546393     
               113800  0.31996890944703227       -7.8972290350943723E-003  -388748.61623626365     
               114000  0.32026356124506689       -7.8962314532924367E-003  -389432.53784705710     
               114200  0.31304782964140554       -7.8832627886825778E-003  -390115.51703111391     
               114400  0.30529568436994531       -7.8722028346757730E-003  -390799.20914701035     
               114600  0.32399122651661422       -7.9029145593190932E-003  -391481.66810914851     
               114800  0.31903482238763775       -7.8937058556332214E-003  -392163.93085045245     
               115000  0.32121936012300994       -7.8985959716114211E-003  -392847.25721229531     
               115200  0.31634977911101009       -7.8895235512635633E-003  -393529.92635826714     
               115400  0.31772390021149471       -7.8933068395262655E-003  -394212.90924835054     
               115600  0.32070268511227845       -7.8965314069458989E-003  -394897.00108176051     
               115800  0.32065429761961917       -7.8981278506179819E-003  -395578.74516862578     
               116000  0.31650783821556844       -7.8903053590525206E-003  -396262.25340549252     
               116200  0.31798156063179200       -7.8938272326998030E-003  -396945.37414036156     
               116400  0.31806827533726345       -7.8935049925315786E-003  -397627.40207301109     
               116600  0.31108245585709882       -7.8822718755943676E-003  -398310.60792571615     
               116800  0.30913091257186320       -7.8775921742942831E-003  -398995.87101089960     
               117000  0.31716149340022648       -7.8942978106534174E-003  -399678.07121657376     
               117200  0.32333756775791656       -7.9018531134098600E-003  -400360.58716452913     
               117400  0.31342235632179072       -7.8846589075109944E-003  -401043.88477933255     
               117600  0.31658059186807613       -7.8901503693731313E-003  -401727.26679188217     
               117800  0.30703115753726595       -7.8728399540286074E-003  -402411.00373142835     
               118000  0.31958443136204612       -7.8952115087944190E-003  -403095.40896208596     
               118200  0.31128381083807349       -7.8818382494024262E-003  -403778.78623247333     
               118400  0.32509532367936217       -7.9046707601606644E-003  -404461.27689373144     
               118600  0.30720228112238690       -7.8743720453070126E-003  -405145.32710293063     
               118800  0.32537668191094643       -7.9061430935348578E-003  -405828.41554105072     
               119000  0.31057206005824417       -7.8818594848724371E-003  -406510.34225737018     
               119200  0.31998789440344344       -7.8973214720966436E-003  -407192.94121535128     
               119400  0.31205969156928398       -7.8815424598779240E-003  -407877.13752206007     
               119600  0.31519825929816170       -7.8887520093442361E-003  -408561.88047913078     
               119800  0.31201475061271849       -7.8832514256489336E-003  -409244.34196112957     
               120000  0.31999358999459360       -7.8955996918546115E-003  -409928.24345883890     
               120200  0.31301353633955181       -7.8834798828700918E-003  -410611.83638133161     
               120400  0.31072593019172817       -7.8790393741122178E-003  -411293.64400240814     
               120600  0.30933328747804995       -7.8765410875529084E-003  -411975.82053469861     
               120800  0.32371292586341810       -7.9007993114258972E-003  -412657.43031374033     
               121000  0.31142825054266171       -7.8808385065467276E-003  -413341.25251479121     
               121200  0.32409034445360163       -7.9031314641256692E-003  -414023.99928044260     
               121400  0.32031770593103498       -7.8972973074888358E-003  -414706.87186158670     
               121600  0.31484921187687542       -7.8867343107575736E-003  -415391.57421945338     
               121800  0.31405863026539121       -7.8869472364343340E-003  -416074.30556467717     
               122000  0.32143541068494458       -7.8967167732642181E-003  -416758.44248802459     
               122200  0.31422887530218485       -7.8857400915598348E-003  -417442.62028065859     
               122400  0.31000609253165867       -7.8778970524675095E-003  -418123.41965364397     
               122600  0.31404714570612929       -7.8860487503159740E-003  -418805.41368852841     
               122800  0.32441583579890043       -7.9044651746500855E-003  -419486.31359481328     
               123000  0.32555685987538496       -7.9066193961863842E-003  -420171.09154257108     
               123200  0.32056581095923370       -7.8966484700206552E-003  -420854.40312670456     
               123400  0.31328696463613520       -7.8856899290037034E-003  -421537.15406967938     
               123600  0.31226385967268178       -7.8833905259210971E-003  -422222.18297681795     
               123800  0.31278101355534388       -7.8857628617074148E-003  -422903.47586778703     
               124000  0.31256195285491434       -7.8830072299461360E-003  -423587.91636911733     
               124200  0.31216986029760996       -7.8829971350933576E-003  -424271.17991702555     
               124400  0.32233700869251924       -7.8995274285810855E-003  -424954.76103385206     
               124600  0.31027922652392925       -7.8780305808478796E-003  -425637.61523347773     
               124800  0.32003168729796005       -7.8973551374374173E-003  -426321.69900006731     
               125000  0.30899642673484951       -7.8785332274764336E-003  -427003.67944369494     
               125200  0.32224985802434214       -7.8986702913753665E-003  -427687.79310715164     
               125400  0.31957853403354136       -7.8960762298800335E-003  -428370.06824521942     
               125600  0.32037035587028967       -7.8969700103831940E-003  -429054.70277870528     
               125800  0.31634898028707431       -7.8916244870007764E-003  -429738.05895765411     
               126000  0.31316873092352920       -7.8845671433482294E-003  -430422.62768464617     
               126200  0.31390708264190054       -7.8858950600051974E-003  -431107.06594476203     
               126400  0.31421018436915665       -7.8862958784669604E-003  -431791.62681876129     
               126600  0.31390542771285629       -7.8873591781652291E-003  -432474.76716046722     
               126800  0.31254173615316655       -7.8844172470112824E-003  -433158.30085053755     
               127000  0.31577068443857853       -7.8887466731860246E-003  -433841.54171217902     
               127200  0.31147635664993562       -7.8816940807686208E-003  -434523.89523915516     
               127400  0.31986395258841921       -7.8962610137209011E-003  -435208.11149238545     
               127600  0.31502295056440416       -7.8884738989026173E-003  -435891.94702657021     
               127800  0.31881013384517720       -7.8959982867844621E-003  -436575.96737713768     
               128000  0.31686776785267462       -7.8916940406196893E-003  -437260.96123454417     
               128200  0.31183855455887172       -7.8822836710356805E-003  -437945.85416063026     
               128400  0.31453378646854263       -7.8879881450361691E-003  -438629.90953262121     
               128600  0.31835132923333742       -7.8925679870574302E-003  -439314.51262399147     
               128800  0.32298824542452720       -7.9008092787011229E-003  -439998.86305188492     
               129000  0.31429387002574244       -7.8875584934116217E-003  -440681.79781945155     
               129200  0.31510381988203362       -7.8858775596338578E-003  -441364.92046865338     
               129400  0.31084700780471042       -7.8807913319686885E-003  -442049.08289859327     
               129600  0.32515936564143022       -7.9050034673299741E-003  -442733.00714331184     
               129800  0.32058868237392768       -7.8965320706053718E-003  -443417.37647497264     
               130000  0.31690784018161167       -7.8902885986563524E-003  -444101.48607348104     
               130200  0.31201420710051880       -7.8846087962042306E-003  -444784.96219049674     
               130400  0.32324002990772521       -7.9026238326271245E-003  -445468.73917173233     
               130600  0.32686430995922106       -7.9071058945297500E-003  -446151.42310991866     
               130800  0.30871327784396918       -7.8764742721105438E-003  -446834.44693725213     
               131000  0.31256676057597438       -7.8848404314014898E-003  -447517.52266752644     
               131200  0.32235437520841642       -7.8996677904005757E-003  -448200.72380034416     
               131400  0.32750009395685403       -7.9101131754010512E-003  -448882.27942590893     
               131600  0.31189139966660379       -7.8823975180942005E-003  -449565.60609834769     
               131800  0.31066930455224095       -7.8791501055033020E-003  -450248.16131205036     
               132000  0.30954677275321885       -7.8793347223205662E-003  -450931.87804938859     
               132200  0.32374947397027209       -7.8997146128624660E-003  -451614.26249944390     
               132400  0.31207750418583730       -7.8830151565452439E-003  -452296.26738014742     
               132600  0.31339313399865482       -7.8844693876751644E-003  -452978.77193259459     
               132800  0.31482912852084982       -7.8853695809995242E-003  -453662.43991886335     
               133000  0.32000653951873465       -7.8951035446898857E-003  -454346.70154257829     
               133200  0.31123940194061717       -7.8825599699274343E-003  -455028.78882169892     
               133400  0.31337506422817085       -7.8841949416700811E-003  -455712.43812784838     
               133600  0.30357365073591097       -7.8688211902836688E-003  -456393.72029160190     
               133800  0.31996346159154138       -7.8976782445988637E-003  -457076.29368053121     
               134000  0.31587307778496038       -7.8893043489295031E-003  -457760.32652918290     
               134200  0.31937326200630306       -7.8957452537706790E-003  -458441.52017499518     
               134400  0.31282394287697374       -7.8845878038515619E-003  -459124.76658029761     
               134600  0.31267771037104597       -7.8856859276637183E-003  -459809.01993412024     
               134800  0.31705599306191984       -7.8919178291367593E-003  -460492.87872095726     
               135000  0.31535472638766737       -7.8885048258280598E-003  -461177.36030632560     
               135200  0.32165546623479629       -7.9001033242405202E-003  -461859.15463912842     
               135400  0.31540060319053220       -7.8880864438670168E-003  -462543.73495307390     
               135600  0.30418711148398497       -7.8692563564612596E-003  -463227.77203409933     
               135800  0.33148933735398789       -7.9153783059351269E-003  -463910.50707980408     
               136000  0.31087848511498090       -7.8821216559796878E-003  -464593.91213945736     
               136200  0.31753586425819719       -7.8918959852226963E-003  -465275.97986551729     
               136400  0.31134177620794912       -7.8827491403943989E-003  -465959.13696758886     
               136600  0.31705021274820999       -7.8908160455540451E-003  -466641.79719945916     
               136800  0.30161935640314991       -7.8654609391789164E-003  -467325.08066405216     
               137000  0.32949435174535474       -7.9117020682889071E-003  -468009.08847978420     
               137200  0.31781381094310324       -7.8922463418632377E-003  -468693.48738478840     
               137400  0.31424925158000933       -7.8858630925970011E-003  -469377.33548465790     
               137600  0.30690412291401159       -7.8749300821885290E-003  -470061.57634983590     
               137800  0.31362141588348719       -7.8854654631384594E-003  -470743.66433385748     
               138000  0.31901852287798260       -7.8950333500095657E-003  -471426.37709399284     
               138200  0.31817314285659276       -7.8941504138675088E-003  -472108.54504127626     
               138400  0.30881598669242200       -7.8795045481225255E-003  -472792.79379355937     
               138600  0.31616859580664086       -7.8902783821352233E-003  -473475.40476496174     
               138800  0.32300423564320635       -7.9016989668921501E-003  -474158.71026694524     
               139000  0.31830830114058922       -7.8931743434622927E-003  -474843.52222869021     
               139200  0.31412295586055256       -7.8871075495366115E-003  -475527.74236933963     
               139400  0.32306820208778292       -7.9009216193883288E-003  -476211.63730476680     
               139600  0.31945926452526541       -7.8963715876665362E-003  -476895.23321855342     
               139800  0.31204966489572422       -7.8829000298232307E-003  -477577.79597127211     
               140000  0.31853468239772459       -7.8917559839255316E-003  -478261.13956587546     
               140200  0.32840245936331203       -7.9093095664311656E-003  -478943.10031395522     
               140400  0.32171373654798424       -7.8969035038717120E-003  -479628.42298373178     
               140600  0.31345267370710928       -7.8840588752130056E-003  -480311.71816835040     
               140800  0.31610343094801030       -7.8887987513473028E-003  -480995.39996693761     
               141000  0.32835258064449513       -7.9104124645989968E-003  -481678.67615568801     
               141200  0.31586169315747509       -7.8886437081800362E-003  -482363.27697857510     
               141400  0.32802955524660687       -7.9102384445316008E-003  -483045.35584023304     
               141600  0.31233254261671162       -7.8816071555169627E-003  -483728.03342468123     
               141800  0.31512010391436934       -7.8870435118216179E-003  -484412.12192167464     
               142000  0.32066533287846855       -7.8978749295158177E-003  -485095.59569628054     
               142200  0.31353311338831386       -7.8863286701453660E-003  -485777.36084615573     
               142400  0.31713715648062846       -7.8896003044405163E-003  -486462.08361476561     
               142600  0.32458448803895568       -7.9023110052864973E-003  -487145.00482896913     
               142800  0.31047057066209999       -7.8802110644060168E-003  -487828.18192943378     
               143000  0.30802855120659922       -7.8761500058825810E-003  -488510.20212737122     
               143200  0.31834836514103282       -7.8936910498922878E-003  -489193.06804597634     
               143400  0.31690487620755692       -7.8906309329409043E-003  -489876.13564188755     
               143600  0.30212087218143946       -7.8668195129047973E-003  -490559.51292319497     
               143800  0.32240462732890435       -7.9003965979538276E-003  -491242.83676044800     
               144000  0.32102736611477323       -7.8976977520347196E-003  -491927.39349791215     
               144200  0.31587766803386758       -7.8884711135291784E-003  -492611.22155423346     
               144400  0.31683308671833854       -7.8902802907290393E-003  -493294.41309294110     
               144600  0.31677419565043957       -7.8905423880509477E-003  -493977.09291617316     
               144800  0.31611291348639908       -7.8894825602612451E-003  -494660.25368163968     
               145000  0.31794473765371473       -7.8906158227610140E-003  -495342.63224650727     
               145200  0.31451714240421708       -7.8859614026256207E-003  -496025.20190297446     
               145400  0.30915233168981548       -7.8777430615628932E-003  -496709.08085159661     
               145600  0.30813171043781357       -7.8764706687631542E-003  -497391.71026985865     
               145800  0.32366094126836081       -7.9012745023818495E-003  -498074.17878471967     
               146000  0.31336781923485513       -7.8850862596213239E-003  -498756.23584042740     
               146200  0.32337265595049447       -7.9032970008090734E-003  -499439.73587687634     
               146400  0.30915364092083369       -7.8787472202125498E-003  -500122.06831458746     
               146600  0.32716233533933703       -7.9076660053116980E-003  -500806.41966214566     
               146800  0.31386752665168299       -7.8859612312936287E-003  -501488.87103435473     
               147000  0.32091892414251555       -7.8979121406031576E-003  -502173.29731609335     
               147200  0.31787777276326934       -7.8923148606019882E-003  -502856.60913077218     
               147400  0.30840997436705608       -7.8765123270911688E-003  -503538.43970938231     
               147600  0.32324274068403713       -7.8997104787748018E-003  -504221.71612952068     
               147800  0.31236364625117913       -7.8825864925641167E-003  -504905.23912991892     
               148000  0.31183102307628197       -7.8844043903826787E-003  -505588.65728731902     
               148200  0.30576008532865995       -7.8706717790207464E-003  -506271.39533661207     
               148400  0.32002559000939723       -7.8949476526622760E-003  -506956.48464289820     
               148600  0.31650603134196598       -7.8904734235679761E-003  -507639.50188706093     
               148800  0.31372348454085719       -7.8848282991093744E-003  -508322.87919783441     
               149000  0.31615244744229815       -7.8887653428155666E-003  -509006.49304025184     
               149200  0.31464784335016716       -7.8864841415605923E-003  -509690.33279303560     
               149400  0.31352093321337571       -7.8860913660136270E-003  -510372.83764261857     
               149600  0.32583284852631222       -7.9060482777595330E-003  -511054.96811056434     
               149800  0.32707937725097674       -7.9074037702039669E-003  -511738.17032208765     
               150000  0.31996323263874732       -7.8952765525054976E-003  -512421.46443042625     
               150200  0.32512825951415353       -7.9026770893497952E-003  -513104.96081653045     
               150400  0.31705981784668746       -7.8903450964431191E-003  -513788.01447573502     
               150600  0.32062805360831836       -7.8972697114003832E-003  -514470.34751977987     
               150800  0.31646330638422848       -7.8905262943276076E-003  -515154.37177838030     
               151000  0.31526711768025217       -7.8883094965774645E-003  -515836.93467790011     
               151200  0.31465519951838822       -7.8891758140058089E-003  -516520.37526154279     
               151400  0.30588969486282452       -7.8716870026062924E-003  -517204.10604004940     
               151600  0.31494807035789318       -7.8867771382703216E-003  -517887.29789250583     
               151800  0.31517628212147636       -7.8878213682675672E-003  -518572.26425533160     
               152000  0.31925459333373912       -7.8955656743058562E-003  -519255.14553958038     
               152200  0.31497127111579121       -7.8868866557871009E-003  -519938.64789283928     
               152400  0.32182704113365013       -7.8998016955730589E-003  -520622.77097107959     
               152600  0.31813255479188807       -7.8920504376940558E-003  -521307.00694318785     
               152800  0.30855514467658035       -7.8766670390787944E-003  -521990.17393453751     
               153000  0.31987528658593756       -7.8943990149273682E-003  -522672.76153410244     
               153200  0.31352541213100182       -7.8844078948799561E-003  -523355.95801590697     
               153400  0.31267121448514495       -7.8840184642712113E-003  -524038.05466896907     
               153600  0.33207877490462295       -7.9148840275683925E-003  -524720.20975384396     
               153800  0.31910814376935059       -7.8952002675571759E-003  -525403.24607864523     
               154000  0.30934736624368048       -7.8788406865201183E-003  -526085.79352041974     
               154200  0.30669512506560287       -7.8735557089416423E-003  -526768.06355561072     
               154400  0.31252661639938861       -7.8813518388064913E-003  -527452.45063181501     
               154600  0.32021278450508533       -7.8964820645626172E-003  -528135.77386647486     
               154800  0.31504181366861939       -7.8885348391935367E-003  -528819.63160645217     
               155000  0.30547800201001524       -7.8705037417956744E-003  -529502.20267063729     
               155200  0.31178574262811715       -7.8812475097343529E-003  -530184.68043186446     
               155400  0.31052462744208553       -7.8796104663040392E-003  -530868.12235073361     
               155600  0.32309588839263720       -7.8992709153607697E-003  -531551.44999710808     
               155800  0.31896695024783878       -7.8938496218890694E-003  -532234.16385317431     
               156000  0.30834593327441628       -7.8762685790531427E-003  -532916.93753199000     
               156200  0.31176385095138132       -7.8818873924429485E-003  -533598.99191011442     
               156400  0.31739311426445349       -7.8905677146275024E-003  -534282.42705586471     
               156600  0.32540990527290176       -7.9049062274578977E-003  -534963.83370590105     
               156800  0.31583594720165004       -7.8890695349046365E-003  -535647.96854276804     
               157000  0.31565023788227481       -7.8887908527815968E-003  -536330.66316596640     
               157200  0.31254429082348500       -7.8823665748362776E-003  -537014.25318741566     
               157400  0.32108856184301415       -7.8976948998486386E-003  -537695.39441466366     
               157600  0.31511022309865000       -7.8861667258787998E-003  -538378.89747133385     
               157800  0.31676938672190569       -7.8892061090097068E-003  -539061.91742370639     
               158000  0.32139818560971700       -7.8979686166763680E-003  -539743.89777870220     
               158200  0.32514942016368698       -7.9056001810920411E-003  -540427.50489656453     
               158400  0.31272100051803153       -7.8825418763249951E-003  -541110.55946808401     
               158600  0.31766436789805474       -7.8911867922648090E-003  -541793.17936373723     
               158800  0.31456772351871365       -7.8860479596844380E-003  -542475.27478970762     
               159000  0.31176226213162878       -7.8825757822158678E-003  -543159.27192463586     
               159200  0.31318973855390586       -7.8833129290010115E-003  -543842.06522140617     
               159400  0.32847536107601955       -7.9095499581440330E-003  -544525.55792291719     
               159600  0.31004501852318928       -7.8792601853696683E-003  -545208.76845383411     
               159800  0.32328593215513118       -7.9020012932519545E-003  -545890.90766723722     
               160000  0.31717907783379429       -7.8908816181522488E-003  -546574.39156835142     
               160200  0.31407193027908420       -7.8858236196055233E-003  -547257.21721585561     
               160400  0.31289720118309394       -7.8830995048479978E-003  -547942.44569848455     
               160600  0.31251509092895374       -7.8839032639895241E-003  -548626.07030355057     
               160800  0.32484722288805312       -7.9037033817842758E-003  -549309.86600423162     
               161000  0.32639252369789523       -7.9076663158264039E-003  -549991.47234243015     
               161200  0.32502354441483150       -7.9024394508532842E-003  -550673.58916149195     
               161400  0.30638691133158530       -7.8740889913194879E-003  -551357.80950041127     
               161600  0.31194368589613530       -7.8817648637207124E-003  -552042.84835039638     
               161800  0.31892967510278519       -7.8941453533466974E-003  -552725.11457440106     
               162000  0.31387400511372071       -7.8845538564973495E-003  -553407.96849130304     
