   1.2780193008453877E-002   0.0000000000000000     
   3.8340579025361629E-002   0.0000000000000000     
   6.3900965042269386E-002   0.0000000000000000     
   8.9461351059177130E-002   0.0000000000000000     
  0.11502173707608489        0.0000000000000000     
  0.14058212309299264        0.0000000000000000     
  0.16614250910990039        0.0000000000000000     
  0.19170289512680816        0.0000000000000000     
  0.21726328114371590        0.0000000000000000     
  0.24282366716062365        0.0000000000000000     
  0.26838405317753145        0.0000000000000000     
  0.29394443919443919        0.0000000000000000     
  0.31950482521134693        0.0000000000000000     
  0.34506521122825468        0.0000000000000000     
  0.37062559724516247        0.0000000000000000     
  0.39618598326207022        0.0000000000000000     
  0.42174636927897796        0.0000000000000000     
  0.44730675529588571        0.0000000000000000     
  0.47286714131279345        0.0000000000000000     
  0.49842752732970125        0.0000000000000000     
  0.52398791334660899        0.0000000000000000     
  0.54954829936351668        0.0000000000000000     
  0.57510868538042448        0.0000000000000000     
  0.60066907139733228        0.0000000000000000     
  0.62622945741423997        0.0000000000000000     
  0.65178984343114776        0.0000000000000000     
  0.67735022944805545        0.0000000000000000     
  0.70291061546496325        0.0000000000000000     
  0.72847100148187105        0.0000000000000000     
  0.75403138749877874        0.0000000000000000     
  0.77959177351568654        0.0000000000000000     
  0.80515215953259422        0.0000000000000000     
  0.83071254554950202        0.0000000000000000     
  0.85627293156640982        0.0000000000000000     
  0.88183331758331751        0.0000000000000000     
  0.90739370360022531        0.0000000000000000     
  0.93295408961713300        0.0000000000000000     
  0.95851447563404080        0.0000000000000000     
  0.98407486165094860        0.0000000000000000     
   1.0096352476678563        0.0000000000000000     
   1.0351956336847641        5.1212652556641698E-006
   1.0607560197016719        7.4967919104000050E-006
   1.0863164057185795        2.4401322688752903E-006
   1.1118767917354873        0.0000000000000000     
   1.1374371777523951        4.6609268057168460E-006
   1.1629975637693029        6.8377332809142596E-006
   1.1885579497862107        4.4557733559011277E-002
   1.2141183358031182        0.0000000000000000     
   1.2396787218200260        0.0000000000000000     
   1.2652391078369338        0.0000000000000000     
   1.2907994938538416        0.0000000000000000     
   1.3163598798707494        0.0000000000000000     
   1.3419202658876570        0.0000000000000000     
   1.3674806519045648        1.9384228304149445E-006
   1.3930410379214726        0.0000000000000000     
   1.4186014239383804        0.0000000000000000     
   1.4441618099552882        0.0000000000000000     
   1.4697221959721958        3.6053484736169115E-002
   1.4952825819891036        3.5454913308444316E-006
   1.5208429680060114        3.4838116993056729E-002
   1.5464033540229192        5.1424275087867432E-006
   1.5719637400398270        3.3713601450309209E-002
   1.5975241260567346        1.1615029599846418E-005
   1.6230845120736423        9.7947101409052925E-002
   1.6486448980905501        3.2151958320615751E-002
   1.6742052841074579        9.4972183140292335E-002
   1.6997656701243657        2.6511211492667692E-005
   1.7253260561412733       0.24576388622754228     
   1.7508864421581811       0.75678760900062692     
   1.7764468281750889        1.7605842220433192     
   1.8020072141919967        7.6832317551691824     
   1.8275676002089045        26.342169170457119     
   1.8531279862258121        5.3136328701277495     
   1.8786883722427199        1.8339922915953712     
   1.9042487582596277       0.58450854673368935     
   1.9298091442765355       0.10989087193430824     
   1.9553695302934433        8.1316052231230729E-002
   1.9809299163103509        5.3505409971181639E-002
   2.0064903023272587        7.9239021314694014E-002
   2.0320506883441665        7.8246217485128652E-002
   2.0576110743610743        2.5756353903030993E-002
   2.0831714603779821        2.5446687328848312E-002
   2.1087318463948899        0.0000000000000000     
   2.1342922324117977        2.4839669802922212E-006
   2.1598526184287050        3.6818563820307581E-006
   2.1854130044456128        2.4257411964006697E-002
   2.2109733904625206        7.1934535094011197E-006
   2.2365337764794284        2.3685178726870589E-002
   2.2620941624963362        2.3428095923095985E-002
   2.2876545485132440        4.6314119423968694E-002
   2.3132149345301518        3.4377554064265143E-006
   2.3387753205470596        2.2659961630535484E-002
   2.3643357065639674        3.3634255598010695E-006
   2.3898960925808752        6.6510241592321315E-002
   2.4154564785977826        1.6461209750349119E-005
   2.4410168646146904        8.6864045691969968E-002
   2.4665772506315982       0.17189341085264909     
   2.4921376366485060        8.5125828657042976E-002
   2.5176980226654138       0.71576777629894495     
   2.5432584086823216        2.1083957351329805     
   2.5688187946992294        12.159592461495949     
   2.5943791807161372        13.219231933963661     
   2.6199395667330450        2.2203788370049100     
   2.6454999527499528       0.62110749553436539     
   2.6710603387668601       0.23813688634729493     
   2.6966207247837679       0.15724721183380433     
   2.7221811108006757        1.9485945449574590E-002
   2.7477414968175835        1.9289245585459074E-002
   2.7733018828344913        1.9103818022723047E-002
   2.7988622688513991        4.7354165035251044E-006
   2.8244226548683069        3.7540496444235076E-006
   2.8499830408852147        1.8597254712438178E-002
   2.8755434269021225        4.6091387300977715E-006
   2.9011038129190303        1.8266808665837745E-002
   2.9266641989359377        9.0572595132924973E-007
   2.9522245849528455        1.7957683364017409E-006
   2.9777849709697533        2.6705310238763827E-006
   3.0033453569866611        1.7634368647791072E-002
   3.0289057430035689        1.7486430563180447E-002
   3.0544661290204767        2.6034884040301302E-006
   3.0800265150373844        2.5818826911335904E-006
   3.1055869010542922        3.4116162044816149E-002
   3.1311472870712000        5.0794590086792228E-006
   3.1567076730881078        2.5191648929684175E-006
   3.1822680591050152        8.3297687893333384E-007
   3.2078284451219230        1.6526792259314783E-006
   3.2333888311388308        3.2792291360379239E-006
   3.2589492171557386        1.6258601307516017E-002
   3.2845096031726464        1.6140952751315140E-006
   3.3100699891895542        8.0081560947644777E-007
   3.3356303752064620        1.5887224395192228E-002
   3.3611907612233698        3.1545436175573928E-006
   3.3867511472402776        2.3480518058988803E-006
   3.4123115332571849        1.5531761758917240E-002
   3.4378719192740927        1.5424765476960098E-002
   3.4634323052910005        4.5892990240879228E-002
   3.4889926913079083        3.0389925692952451E-002
   3.5145530773248161        3.0164382715341182E-002
   3.5401134633417239        8.9826290028106090E-002
   3.5656738493586317       0.25268710996393895     
   3.5912342353755395       0.56088576401301427     
   3.6167946213924473        1.9455870836565052     
   3.6423550074093551        10.825586021605245     
   3.6679153934262625        6.9569510507721946     
   3.6934757794431703        1.2078059051584682     
   3.7190361654600781       0.29932649734243300     
   3.7445965514769859       0.21230982920440847     
   3.7701569374938937        7.0282178502411474E-002
   3.7957173235108015        4.1892880930470680E-002
   3.8212777095277093        5.5480773255835621E-002
   3.8468380955446171        5.5112130244169028E-002
   3.8723984815615249        2.7378284056780791E-002
   3.8979588675784327        5.4381867802699629E-002
   3.9235192535953400        6.7541072831912963E-002
   3.9490796396122478       0.10737122918521855     
   3.9746400256291556       0.14670510658166080     
   4.0002004116460634       0.26501126669667996     
   4.0257607976629712        1.2113448693151379     
   4.0513211836798790        4.2720009513055777     
   4.0768815696967868        22.589204622903637     
   4.1024419557136946        8.8180566829076117     
   4.1280023417306024        1.7464610995804688     
   4.1535627277475102       0.67636168106380268     
   4.1791231137644180       0.12684878356184279     
   4.2046834997813258       0.12605938388656601     
   4.2302438857982336        7.5176862923649473E-002
   4.2558042718151414        4.9816069680165172E-002
   4.2813646578320492        2.4757472740354874E-002
   4.3069250438489561        6.1514974219745590E-002
   4.3324854298658639        1.2235427830685246E-002
   4.3580458158827717        1.2155758617141242E-002
   4.3836062018996795        1.2092135928161680E-002
   4.4091665879165873        1.8035760248208662E-006
   4.4347269739334951        4.7818153972195572E-006
   4.4602873599504029        1.1874739379581004E-002
   4.4858477459673107        2.3636608872296535E-006
   4.5114081319842185        1.7627017806322743E-006
   4.5369685180011263        2.9212851106253448E-006
   4.5625289040180341        2.9049193677087019E-006
   4.5880892900349419        2.3097177344939289E-002
   4.6136496760518497        2.2981855163922299E-006
   4.6392100620687575        2.2838091947356452E-002
   4.6647704480856653        4.5459998433840953E-006
   4.6903308341025731        1.1297978626436708E-002
   4.7158912201194809        1.1235618789746884E-002
   4.7414516061363887        1.6771798613563234E-006
   4.7670119921532965        1.1114573517892109E-002
   4.7925723781702043        2.7654832380586566E-006
   4.8181327641871112        1.0993346033730984E-002
   4.8436931502040190        1.6417776479240086E-006
   4.8692535362209268        1.0883374191982140E-002
   4.8948139222378346        2.7077185751226809E-006
   4.9203743082547424        1.0769761443902211E-002
   4.9459346942716502        1.0718927279297051E-006
   4.9714950802885580        1.0659018395635740E-002
   4.9970554663054658        2.1219071932017670E-002
   5.0226158523223736        2.1107920249266207E-002
   5.0481762383392814        6.3001033744086041E-002
   5.0737366243561892       0.11490530609488085     
   5.0992970103730970       0.35342927765157311     
   5.1248573963900048       0.89115093930175782     
   5.1504177824069126        6.0619363413720517     
   5.1759781684238204        6.8394912311880702     
   5.2015385544407282        1.0512722929714284     
   5.2270989404576360       0.34478036825020725     
   5.2526593264745438       0.12109839146363913     
   5.2782197124914516        8.0332433403745657E-002
   5.3037800985083585        4.9965618296688351E-002
   5.3293404845252663        3.9786649225818559E-002
   5.3549008705421741        5.9382977363483171E-002
   5.3804612565590819        6.8969903876862221E-002
   5.4060216425759897       0.20590493709069121     
   5.4315820285928975       0.86598342116568539     
   5.4571424146098053        3.0034240881702221     
   5.4827028006267131        8.5953824974991182     
   5.5082631866436209        1.5070611589294434     
   5.5338235726605287       0.48850329394118014     
   5.5593839586774365       0.16763834900911412     
   5.5849443446943443        8.5395527773110713E-002
   5.6105047307112521        5.6696501059256485E-002
   5.6360651167281599        8.4633663810445639E-002
   5.6616255027450677       0.12169562051396451     
   5.6871858887619755       0.28891593772061447     
   5.7127462747788833       0.64165428820172588     
   5.7383066607957911        2.4827874113131605     
   5.7638670468126989        13.863359654225812     
   5.7894274328296067        8.3497122803349377     
   5.8149878188465136        1.8050138911225115     
   5.8405482048634214       0.49915943711399302     
   5.8661085908803292       0.23491424478269982     
   5.8916689768972370        5.3985862128725276E-002
   5.9172293629141448        4.4791869007615386E-002
   5.9427897489310526        4.4590740939594302E-002
   5.9683501349479604        3.5516621560129850E-002
   5.9939105209648682        2.6529622702756231E-002
   6.0194709069817760        1.7606616373258034E-002
   6.0450312929986838        8.7687159056224553E-003
   6.0705916790155916        1.7454856888130130E-002
   6.0961520650324994        3.4785952679982778E-006
   6.1217124510494072        1.7305632008181811E-002
   6.1472728370663150        2.5872504306162175E-006
   6.1728332230832228        2.5765371783154886E-006
   6.1983936091001306        8.5461985096954504E-003
   6.2239539951170384        1.7028590807078969E-002
   6.2495143811339462        8.4839257250996485E-003
   6.2750747671508540        8.4481007043690250E-003
   6.3006351531677618        8.4079385161159540E-003
   6.3261955391846687        4.1901261182707160E-007
   6.3517559252015765        1.6685545899003399E-002
   6.3773163112184843        1.6617007348363015E-002
   6.4028766972353921        2.4832631896477979E-002
   6.4284370832522999        5.7704446791824571E-002
   6.4539974692692077        4.1072765384491818E-002
   6.4795578552861155       0.10635205797557269     
   6.5051182413030233       0.22939438967072523     
   6.5306786273199311       0.89284614013308039     
   6.5562390133368389        3.4127336735450764     
   6.5817993993537467        14.867933823002732     
   6.6073597853706545        4.0109824023021954     
   6.6329201713875623       0.81515695641335373     
   6.6584805574044701       0.31046955011484090     
   6.6840409434213779       0.12688253893178345     
   6.7096013294382857        5.5306109139866701E-002
   6.7351617154551935        5.5077327436002257E-002
   6.7607221014721013        7.8451636262262744E-003
   6.7862824874890091        7.8140525674243056E-003
   6.8118428735059160        3.1117134378254183E-002
   6.8374032595228238        2.7137919625809342E-006
   6.8629636455397316        7.7228823107517094E-003
   6.8885240315566394        1.5383834261286275E-002
   6.9140844175735472        1.5320828256834588E-002
   6.9396448035904550        1.9098641146813683E-006
   6.9652051896073628        7.6079966163345863E-003
   6.9907655756242706        7.5782835460475664E-003
   7.0163259616411784        2.6445877959577443E-006
   7.0418863476580862        1.1292808140892779E-006
   7.0674467336749940        7.4994354446180477E-003
   7.0930071196919018        2.9887773238343466E-002
   7.1185675057088096        2.9773381209454511E-002
   7.1441278917257174        1.4841591617488529E-002
   7.1696882777426252        7.3958190767547307E-003
   7.1952486637595330        5.8926897188359556E-002
   7.2208090497764408       0.12479108508573380     
   7.2463694357933486       0.34379931592460261     
   7.2719298218102564        1.1518541452247879     
   7.2974902078271642        6.2992563443940677     
   7.3230505938440711        2.5691744692720624     
   7.3486109798609789       0.56985607722637610     
   7.3741713658778867       0.15813327916431200     
   7.3997317518947945       0.11460814504770610     
   7.4252921379117023       0.12136699219782900     
   7.4508525239286101       0.21342403430462711     
   7.4764129099455179       0.72322102178703307     
   7.5019732959624257        3.4146010442192827     
   7.5275336819793335        12.772570969878382     
   7.5530940679962413        3.3693587904564848     
   7.5786544540131491       0.79142953736318689     
   7.6042148400300569       0.24397662490349564     
   7.6297752260469647       0.15977301469869823     
   7.6553356120638725       0.11077699438475108     
   7.6808959980807803       0.24845313078321193     
   7.7064563840976881       0.63972988159642075     
   7.7320167701145959        3.8939496438605472     
   7.7575771561315037        4.7626292383570608     
   7.7831375421484115       0.69473434553179225     
   7.8086979281653193       0.19108651835543153     
   7.8342583141822262        8.7959284689911946E-002
   7.8598187001991340        7.4178354542015323E-002
   7.8853790862160418        6.7265785567529194E-003
   7.9109394722329496        2.6800280189375282E-002
   7.9364998582498574        3.3381854250513050E-002
   7.9620602442667652        6.6594656353395863E-003
   7.9876206302836730        3.9809684308502312E-002
   8.0131810163005799        5.9526695899787138E-002
   8.0387414023174877        1.9784856234124990E-002
   8.0643017883343955       0.11173910918531064     
   8.0898621743513033       0.26208261835637825     
   8.1154225603682111       0.64667134581778918     
   8.1409829463851189        3.4609427950046618     
   8.1665433324020267        11.730692365819491     
   8.1921037184189345        2.8439365676330115     
   8.2176641044358423       0.60634789825517377     
   8.2432244904527501       0.23791195042765304     
   8.2687848764696579        7.6921681179159554E-002
   8.2943452624865657        5.1127989914229205E-002
   8.3199056485034735        3.8226115080910325E-002
   8.3454660345203813        6.3544706348322077E-003
   8.3710264205372891        2.5325071081717242E-002
   8.3965868065541969        1.2622726231797591E-002
   8.4221471925711047        1.2583473293721120E-002
   8.4477075785880125        3.7654083422888767E-006
   8.4732679646049203        1.2505990715457049E-002
   8.4988283506218281        3.1189660579611160E-007
   8.5243887366387359        6.2151851738098890E-003
   8.5499491226556437        5.5805715566210616E-006
   8.5755095086725497        6.1768984589563062E-003
   8.6010698946894575        6.1647059298912173E-003
   8.6266302807063653        1.8425800263355902E-002
   8.6521906667232731        1.2247986213935002E-002
   8.6777510527401809        6.1062603014134589E-003
   8.7033114387570887        6.0855859669222724E-003
   8.7288718247739965        6.0686768333860167E-003
   8.7544322107909043        1.2104338458902440E-002
   8.7799925968078121        2.7171778539879208E-006
   8.8055529828247199        1.2034066537515214E-002
   8.8311133688416277        1.2003137757605104E-002
   8.8566737548585355        1.7953792532622997E-002
   8.8822341408754433        5.9707578932205480E-003
   8.9077945268923511        2.3797836317867072E-002
   8.9333549129092589        2.9660401179520245E-002
   8.9589152989261667        4.1410645830839650E-002
   8.9844756849430745        2.3602986384571107E-002
   9.0100360709599823        9.4131165416633480E-002
   9.0355964569768901       0.17599034645458494     
   9.0611568429937979       0.45628542660407329     
   9.0867172290107057        1.4035416702783916     
   9.1122776150276135        8.2615185191669092     
   9.1378380010445213        13.260454318661743     
   9.1633983870614291        2.2952171525742653     
   9.1889587730783369       0.72105407961806811     
   9.2145191590952447       0.31636917284200355     
   9.2400795451121525       0.35567040575153613     
   9.2656399311290603       0.94397462583058322     
   9.2912003171459681        4.5872730900815384     
   9.3167607031628759        9.5043134969175291     
   9.3423210891797837        1.5249396649467395     
   9.3678814751966915       0.48663346448825506     
   9.3934418612135993       0.17491342850122177     
   9.4190022472305071        7.8785878235521203E-002
   9.4445626332474149        2.2452056540434834E-002
   9.4701230192643227        1.6789954104425530E-002
   9.4956834052812304        5.0233998065807882E-002
   9.5212437912981382        2.7826515064831001E-002
   9.5468041773150460        1.1104137114101640E-002
   9.5723645633319538        1.1072271207330953E-002
   9.5979249493488599        2.2087226013367458E-002
   9.6234853353657677        2.2027184169753355E-002
   9.6490457213826755        3.2957509131127785E-002
   9.6746061073995833        5.4775747488731014E-002
   9.7001664934164911        2.1857975075357489E-002
   9.7257268794333989        4.3608690774233613E-002
   9.7512872654503067       0.16850083932762749     
   9.7768476514672145       0.51822769974115712     
   9.8024080374841223        1.9742024058192995     
   9.8279684235010301        9.4969182071183855     
   9.8535288095179379        3.3768651350714611     
   9.8790891955348457       0.71983614671752316     
   9.9046495815517535       0.21941700847306289     
   9.9302099675686613        7.4727574721226694E-002
   9.9557703535855691        2.6622391221784409E-002
   9.9813307396024769        2.6552357084596873E-002
   10.006891125619385        2.6481886041687986E-002
   10.032451511636292        2.1130317611204878E-002
   10.058011897653200        1.5807530300390896E-002
   10.083572283670108        1.5769826422805725E-002
   10.109132669687016        5.2450658543828528E-003
   10.134693055703924        3.1367223356622148E-002
   10.160253441720831        1.0432915962899638E-002
   10.185813827737739        1.0412460775217116E-002
   10.211374213754647        2.5956777215893432E-002
   10.236934599771555        7.2481813815330864E-002
   10.262494985788463       0.14979921858922202     
   10.288055371805370       0.47919649414789145     
   10.313615757822278        2.7790243393488558     
   10.339176143839186        3.5603070494564553     
   10.364736529856094       0.61374802568049880     
   10.390296915873002       0.19896325282257729     
   10.415857301889909        7.1233928027493301E-002
   10.441417687906817        4.0608176466662552E-002
   10.466978073923725        2.8267949131443832E-002
   10.492538459940633        3.5359953736127846E-002
   10.518098845957541        3.0239954363723117E-002
   10.543659231974448        6.5360185070984830E-002
   10.569219617991356       0.20562078473744244     
   10.594780004008262       0.49823558159418097     
   10.620340390025170        2.2791859894483908     
   10.645900776042078        9.2482922767369704     
   10.671461162058986        2.3301830941622970     
   10.697021548075893       0.45096185040016229     
   10.722581934092801       0.20268429365939877     
   10.748142320109709        7.8901111128366661E-002
   10.773702706126617        2.9522025645145954E-002
   10.799263092143525        6.8706140116711861E-002
   10.824823478160432        2.4489219306845895E-002
   10.850383864177340        5.3729772526146899E-002
   10.875944250194248        9.2594861934840608E-002
   10.901504636211156       0.28201388157822133     
   10.927065022228064        1.0216985640233693     
   10.952625408244971        4.3732938878990781     
   10.978185794261879        1.3439541069048282     
   11.003746180278787       0.34965849840241708     
   11.029306566295695       0.26023742035082237     
   11.054866952312603       0.60696442458062150     
   11.080427338329510        2.4135348271446748     
   11.105987724346418        8.6360800154161161     
   11.131548110363326        2.1080019015944882     
   11.157108496380234       0.53687865647805810     
   11.182668882397142       0.19906477740053141     
   11.208229268414049        5.2028767343801581E-002
   11.233789654430957        5.6608875572504262E-002
   11.259350040447865        1.8832517082466818E-002
   11.284910426464773        2.3491261127275145E-002
   11.310470812481681        5.6221571140775708E-002
   11.336031198498588        2.3373633611321179E-002
   11.361591584515496        1.3998042462069064E-002
   11.387151970532404        4.6541825858696179E-002
   11.412712356549312        2.7865572732603532E-002
   11.438272742566220        3.2442362804105736E-002
   11.463833128583127       0.15257883205673337     
   11.489393514600035       0.35985827563913741     
   11.514953900616943        1.4938029347740578     
   11.540514286633851        7.7457306011990799     
   11.566074672650759        3.3615268472283386     
   11.591635058667665       0.81856459174702190     
   11.617195444684572       0.41976453203334552     
   11.642755830701480       0.68748084314992386     
   11.668316216718388        2.6355153701422034     
   11.693876602735296        8.1654440129318182     
   11.719436988752204        1.7470011491838116     
   11.744997374769111       0.40431402555808194     
   11.770557760786019       0.19812435378511387     
   11.796118146802927        4.0446540642047626E-002
   11.821678532819835        4.0354379866495545E-002
   11.847238918836743        3.1314846523643775E-002
   11.872799304853650        8.9305163769391842E-003
   11.898359690870558        4.4538835307684531E-003
   11.923920076887466        8.8897836982906320E-003
   11.949480462904374        4.4368259554341746E-003
   11.975040848921282        1.3278303963569856E-002
   12.000601234938189        8.8347470505304327E-003
   12.026161620955097        1.3219215599309466E-002
   12.051722006972005        1.7586845776666336E-002
   12.077282392988913        2.1943890011200753E-002
   12.102842779005821        3.0654593224533264E-002
   12.128403165022728        4.3698204936849040E-002
   12.153963551039636        6.5420254031675354E-002
   12.179523937056544       0.23320445232388110     
   12.205084323073452       0.71295888114051509     
   12.230644709090360        3.8104369008978107     
   12.256205095107267        6.9479708175859329     
   12.281765481124175        1.0785969523817798     
   12.307325867141083       0.31440722934609411     
   12.332886253157991       0.12463846677857732     
   12.358446639174899        3.0031088867148361E-002
   12.384007025191806        2.9957546674322415E-002
   12.409567411208714        2.9896055755572984E-002
   12.435127797225622        8.5230459640783015E-003
   12.460688183242530        1.2762492414162030E-002
   12.486248569259438        8.4873020246436243E-003
   12.511808955276345        1.2709711818263015E-002
   12.537369341293253        1.6905813433883234E-002
   12.562929727310161        4.2195422529018589E-003
   12.588490113327069        2.5257846274504336E-002
   12.614050499343975        2.1010948029944923E-002
   12.639610885360883        1.2584137135974820E-002
   12.665171271377790        2.9291658004487093E-002
   12.690731657394698        5.0125845803311420E-002
   12.716292043411606       0.13754367131797612     
   12.741852429428514       0.45827732545797628     
   12.767412815445422        2.6505724266648647     
   12.792973201462329        2.6031903293165159     
   12.818533587479237       0.56374665315049199     
   12.844093973496145       0.43573717502435078     
   12.869654359513053        1.2480758360376512     
   12.895214745529961        6.5691755460755212     
   12.920775131546868        8.7490249440214889     
   12.946335517563776        1.4297655493002162     
   12.971895903580684       0.41272936909745678     
   12.997456289597592       0.18350898359921480     
   13.023016675614500       0.10175017509737166     
   13.048577061631407        5.2815515786950512E-002
   13.074137447648315       0.10540221700903159     
   13.099697833665223       0.27575901441925982     
   13.125258219682131       0.73911006489089770     
   13.150818605699039        4.1088445370310565     
   13.176378991715946        6.0442625625652102     
   13.201939377732854       0.96264938855500926     
   13.227499763749762       0.58739805843851156     
   13.253060149766670       0.84399894948388332     
   13.278620535783578        5.0081995805372577     
   13.304180921800485        4.9631027855900491     
   13.329741307817393       0.88248273695949864     
   13.355301693834301       0.24667885539872259     
   13.380862079851209        6.7348827571101971E-002
   13.406422465868117        4.3492694249952252E-002
   13.431982851885024        4.7341665518162296E-002
   13.457543237901932        1.9692446738473975E-002
   13.483103623918840        1.9651969512537899E-002
   13.508664009935748        7.8514083718930379E-003
   13.534224395952656        1.5661605320919283E-002
   13.559784781969563        1.1720396857056226E-002
   13.585345167986471        3.9023752183332179E-003
   13.610905554003377        1.1679687376962677E-002
   13.636465940020285        2.5270348239056721E-006
   13.662026326037193        1.1638506457083184E-002
   13.687586712054101        1.1620258454709001E-002
   13.713147098071008        1.9320173636585065E-002
   13.738707484087916        3.8574246475718423E-002
   13.764267870104824        2.3684938824227529E-002
   13.789828256121732        2.3068205384603298E-002
   13.815388642138640        9.2070061759840366E-002
   13.840949028155547       0.24894462605302950     
   13.866509414172455       0.81226715902784419     
   13.892069800189363        4.8714991538783110     
   13.917630186206271        4.5805733071279819     
   13.943190572223179       0.76478038463191800     
   13.968750958240086       0.26238603871663307     
   13.994311344256994        7.9546852342843505E-002
   14.019871730273902        3.7812185093173252E-002
   14.045432116290810        2.2640852739102348E-002
   14.070992502307718        3.3896761645564058E-002
   14.096552888324625        2.2559122377840742E-002
   14.122113274341533        3.7528671187858006E-002
   14.147673660358441        4.8708666118897438E-002
   14.173234046375349        9.7235475397854626E-002
   14.198794432392257       0.27624713256212868     
   14.224354818409164       0.85520817415779360     
   14.249915204426072        5.7095620036951491     
   14.275475590442980        3.6078988867384187     
   14.301035976459888       0.58252568947992989     
   14.326596362476796       0.23364571218922553     
   14.352156748493703        5.9095397069162052E-002
   14.377717134510611        6.6355926641729582E-002
   14.403277520527519        1.8396843529913765E-002
   14.428837906544427        2.2041624009238817E-002
   14.454398292561335        3.6666860051986945E-002
   14.479958678578242        3.2937381331063394E-002
   14.505519064595150        4.3849295115987195E-002
   14.531079450612058       0.10577426126359223     
   14.556639836628966       0.26219294068836302     
   14.582200222645874        1.0533419051111086     
   14.607760608662781        3.3008107485552491     
   14.633320994679687       0.94093930830068828     
   14.658881380696595       0.64940514386517756     
   14.684441766713503        1.8345273515218032     
   14.710002152730411        11.003495840683200     
   14.735562538747319        6.8409550789027875     
   14.761122924764226        1.3057096221637905     
   14.786683310781134       0.40507290242975996     
   14.812243696798042       0.13598410794459317     
   14.837804082814950        8.2160756244606406E-002
   14.863364468831858        4.2796269239284833E-002
   14.888924854848765        4.6277098006552733E-002
   14.914485240865673        4.6193700701840978E-002
   14.940045626882581        2.8385355241078693E-002
   14.965606012899489       0.12040939996574267     
   14.991166398916397       0.21923279959122494     
   15.016726784933304       0.76810173091770328     
   15.042287170950212        4.2250582990376406     
   15.067847556967120        4.4798296948679521     
   15.093407942984028       0.73517959989013959     
   15.118968329000936       0.23139362804150196     
   15.144528715017843        8.0495865775336059E-002
   15.170089101034751        4.1926426649516076E-002
   15.195649487051659        1.7442954084727885E-002
   15.221209873068567        2.4371082258621526E-002
   15.246770259085475        2.7805276523212380E-002
   15.272330645102382        1.3883188697438008E-002
   15.297891031119290        1.7317539209152959E-002
   15.323451417136198        1.7292112308768336E-002
   15.349011803153106        3.1072829201148809E-002
   15.374572189170014        2.0690435253521523E-002
   15.400132575186921        3.4420627285118674E-002
   15.425692961203829       0.12370130248853559     
   15.451253347220737       0.33621465400319495     
   15.476813733237645        1.7960587318641490     
   15.502374119254553        2.5328642051127854     
   15.527934505271460       0.58717491229369667     
   15.553494891288368       0.59644008685326400     
   15.579055277305276        2.3462463582387167     
   15.604615663322184        6.0099661791671810     
   15.630176049339090        1.2803056777642214     
   15.655736435355998       0.59930030976966120     
   15.681296821372905        1.8460398479622784     
   15.706857207389813        6.1627417406543232     
   15.732417593406721        1.5165498961810271     
   15.757977979423629       0.33302743135726365     
   15.783538365440537       0.14440424177205380     
   15.809098751457444        6.0351306141311900E-002
   15.834659137474352        4.0167639620006253E-002
   15.860219523491260        2.0052706147393511E-002
   15.885779909508168        2.3348699098060772E-002
   15.911340295525076        9.9903914951755095E-003
   15.936900681541983        6.6524619640779235E-003
   15.962461067558891        3.3223993080770892E-003
   15.988021453575799        9.9424759484354405E-003
   16.013581839592707        6.6187857506255646E-003
   16.039142225609616        6.6070810094293790E-003
   16.064702611626522        9.8991429535116877E-003
   16.090262997643432        9.8817701192506265E-003
   16.115823383660338        1.9726931007535128E-002
   16.141383769677244        6.5688437958644104E-003
   16.166944155694154        2.2949521147105304E-002
   16.192504541711060        2.6181126662154854E-002
   16.218064927727969        5.5558264052255744E-002
   16.243625313744875        7.8312839016225197E-002
   16.269185699761785       0.21226772904117944     
   16.294746085778691       0.88353073766223478     
   16.320306471795600        4.9421872985408983     
   16.345866857812506        3.1305292417613444     
   16.371427243829416       0.69940398781522672     
   16.396987629846322       0.66462321945281588     
   16.422548015863232        2.5297214877602210     
   16.448108401880138        1.5721034101533782     
   16.473668787897047       0.57598391776230184     
   16.499229173913953       0.99148823733786762     
   16.524789559930863        5.2860891914111123     
   16.550349945947769        2.6329390186171113     
   16.575910331964678       0.56791708977048561     
   16.601470717981584       0.17289794817546597     
   16.627031103998494        8.6068491683176401E-002
   16.652591490015400        4.7739764586116895E-002
   16.678151876032310        4.1311710437869374E-002
   16.703712262049216        6.3462286072058713E-002
   16.729272648066125       0.10455840012013577     
   16.754833034083031       0.22145303145818745     
   16.780393420099941       0.63226624039393176     
   16.805953806116847        2.6577641959385256     
   16.831514192133756        11.650775518038841     
   16.857074578150662        3.1358601728960434     
   16.882634964167572       0.64367606300054403     
   16.908195350184478       0.27634498867210094     
   16.933755736201388       0.10641496013764333     
   16.959316122218294        4.3759239517304094E-002
   16.984876508235203        3.1208915325302546E-002
   17.010436894252109        3.1155319146417525E-002
   17.035997280269019        2.7996627852060089E-002
   17.061557666285925        3.4171895604568257E-002
   17.087118052302834        2.1716748299136782E-002
   17.112678438319740        7.4330365195013792E-002
   17.138238824336646        8.3505529600753400E-002
   17.163799210353556       0.25014598969748125     
   17.189359596370462       0.78206637439786730     
   17.214919982387372        4.8577714818267923     
   17.240480368404278        2.9074091601018979     
   17.266040754421187       0.76283890011631950     
   17.291601140438093        1.3074862896569861     
   17.317161526455003        5.5353664517920604     
   17.342721912471909        1.8915575202202752     
   17.368282298488818       0.37235232472072982     
   17.393842684505724       0.16455666640557154     
   17.419403070522634        4.8683055622879348E-002
   17.444963456539540        1.8229700826175803E-002
   17.470523842556450        2.3001861314358083E-002
   17.496084228573356        1.5150717090346622E-002
   17.521644614590265        2.1171680373817843E-002
   17.547205000607171        4.8340566433655815E-006
   17.572765386624081        1.2063490418033729E-002
   17.598325772640987        1.2044462754079789E-002
   17.623886158657896        3.0067861899221830E-003
   17.649446544674802        3.3041617254143580E-006
   17.675006930691712        8.9911199071642679E-003
   17.700567316708618        8.9787353621513556E-003
   17.726127702725528        8.9705736383208327E-003
   17.751688088742434        1.4927785843709388E-002
   17.777248474759343        2.0866376222175385E-002
   17.802808860776249        8.9311906533645399E-003
   17.828369246793159        2.0811748185337629E-002
   17.853929632810065        2.9685195933283084E-002
   17.879490018826974        4.1504190575129760E-002
   17.905050404843880       0.12433482358588922     
   17.930610790860790       0.34588581851945488     
   17.956171176877696        1.4232209616595495     
   17.981731562894606        5.4415545407895101     
   18.007291948911512        1.4356065593163267     
   18.032852334928421       0.53208921571826862     
   18.058412720945327        1.5267317001091198     
   18.083973106962237        2.2734588186905356     
   18.109533492979143       0.39811204836374220     
   18.135093878996049       0.16076198411094325     
   18.160654265012958       0.12550131730281344     
   18.186214651029864       0.23899561702718622     
   18.211775037046774       0.68400181554754025     
   18.237335423063680        2.9537552826577063     
   18.262895809080590        7.7619804056387087     
   18.288456195097496        1.5837063001449210     
   18.314016581114405        1.0991917304469734     
   18.339576967131311        4.6726133797315805     
   18.365137353148221        2.6741831760693331     
   18.390697739165127       0.49578825338246085     
   18.416258125182036       0.15254830631026137     
   18.441818511198942        9.7711105915606888E-002
   18.467378897215852        4.8789152881435829E-002
   18.492939283232758        3.4395004969158621E-002
   18.518499669249668        5.4386548746567051E-002
   18.544060055266574       0.13433172826062839     
   18.569620441283483       0.36705708967376222     
   18.595180827300389        1.5242471198004020     
   18.620741213317299        5.1502725590145468     
   18.646301599334205        1.2137953290005044     
   18.671861985351114       0.31796271298314110     
   18.697422371368020       0.13890797361156845     
   18.722982757384930       0.15854147301926863     
   18.748543143401836       0.32231834385737079     
   18.774103529418745        1.5806976012730996     
   18.799663915435652        5.1452516884906059     
   18.825224301452561        1.1249454963553409     
   18.850784687469467       0.29243874361917560     
   18.876345073486377       0.10389730480330538     
   18.901905459503283        5.6086720675073053E-002
   18.927465845520192        4.2005328241417519E-002
   18.953026231537098        5.8724094841343541E-002
   18.978586617554008        8.6577642893551979E-002
   19.004147003570914       0.22198247546775282     
   19.029707389587823       0.82506966605649235     
   19.055267775604730        4.8413528891515449     
   19.080828161621639        2.0018142594768475     
   19.106388547638545       0.39836388332602546     
   19.131948933655455       0.12744915161288911     
   19.157509319672361        5.8099085387502303E-002
   19.183069705689267        2.2103046477029768E-002
   19.208630091706176        2.2071288603388705E-002
   19.234190477723082        3.3067415961282279E-002
   19.259750863739992        2.7521145948011600E-002
   19.285311249756898        3.5727376916096551E-002
   19.310871635773807        3.8430242234929135E-002
   19.336432021790714       0.14802034263513850     
   19.361992407807623       0.36572598559085562     
   19.387552793824529        1.8700773266388195     
   19.413113179841439        4.8039764609681113     
   19.438673565858345       0.87671573251625179     
   19.464233951875254       0.21210829719850291     
   19.489794337892160       0.10878386469651700     
   19.515354723909070        5.1605465675464736E-002
   19.540915109925976        5.4243398243246074E-002
   19.566475495942885        5.9602214968181258E-002
   19.592035881959792       0.15149869192353185     
   19.617596267976701       0.37289960647802589     
   19.643156653993607        1.8034441302567998     
   19.668717040010517        4.7931373002154603     
   19.694277426027423        1.2067597970660036     
   19.719837812044332        1.2405598454416185     
   19.745398198061238        4.9436897981509293     
   19.770958584078148        1.6178501954692732     
   19.796518970095054       0.28919500898295786     
   19.822079356111963       0.15241784346354192     
   19.847639742128869        2.9382279999494592E-002
   19.873200128145779        4.7999630016769906E-002
   19.898760514162685        2.9300401476914404E-002
   19.924320900179595        2.6601057321210809E-002
   19.949881286196501        1.3283487624525961E-002
   19.975441672213410        4.5101926415629073E-002
   20.001002058230316        4.2405593062236902E-002
   20.026562444247226       0.15616941509998444     
   20.052122830264132       0.47516607024558533     
   20.077683216281041        2.3347090102307364     
   20.103243602297947        1.0428647839289076     
   20.128803988314857       0.81378545180609363     
   20.154364374331763        3.6341093353663507     
   20.179924760348669        2.9902413204283094     
   20.205485146365579       0.54876331379600451     
   20.231045532382485       0.14825750398267165     
   20.256605918399394       0.10989105652325916     
   20.282166304416300        5.7491076893806760E-002
   20.307726690433210        7.3088380428832894E-002
   20.333287076450116       0.18768579486883488     
   20.358847462467025       0.49622130790061419     
   20.384407848483932        2.0596152279182181     
   20.409968234500841        9.5152568809348494     
   20.435528620517747        2.7965548431399383     
   20.461089006534657       0.62738701052344170     
   20.486649392551563       0.19922464475919524     
   20.512209778568472        9.3026462369886126E-002
   20.537770164585378        6.4520900880000703E-002
   20.563330550602288        6.1857406095313226E-002
   20.588890936619194        9.5260597799777802E-002
   20.614451322636103       0.22629466706204543     
   20.640011708653009        1.2638819200257116     
   20.665572094669919        2.0187096403677591     
   20.691132480686825       0.34588009033613770     
   20.716692866703735       0.16119257110231799     
   20.742253252720641       0.23293062121893157     
   20.767813638737550       0.59111017183009573     
   20.793374024754456        2.8411617832030793     
   20.818934410771366        9.2788900536580812     
   20.844494796788272        2.0222058257056093     
   20.870055182805181       0.47937920329416212     
   20.895615568822087       0.16311543223137870     
   20.921175954838997        5.8279011584912443E-002
   20.946736340855903        4.0483030039108227E-002
   20.972296726872813        3.2852373592446700E-002
   20.997857112889719        1.5144555430015550E-002
   21.023417498906628        1.2603542757281044E-002
   21.048977884923534        2.0141432519520022E-002
   21.074538270940444        1.5088193122551330E-002
   21.100098656957350        1.5071423012720438E-002
   21.125659042974259        2.2577083937858962E-002
   21.151219428991165        1.7542479480986532E-002
   21.176779815008071        3.2538780924109001E-002
   21.202340201024981        7.2501918920239147E-002
   21.227900587041887       0.17479235973675017     
   21.253460973058797       0.52815944712816909     
   21.279021359075703        3.1845917245014776     
   21.304581745092612        3.2081745202759011     
   21.330142131109518        1.0328279577550403     
   21.355702517126428        2.8880625378417544     
   21.381262903143334        3.4198534770014772     
   21.406823289160243       0.56257197742686438     
   21.432383675177149       0.20031609630173944     
   21.457944061194059        8.4356586061196268E-002
   21.483504447210965        2.7143234432964493E-002
   21.509064833227875        2.4636462707391369E-002
   21.534625219244781        1.4767311213056930E-002
   21.560185605261690        1.7208371083202223E-002
   21.585745991278596        1.7183941649701901E-002
   21.611306377295506        1.2259709370658949E-002
   21.636866763312412        4.9003203206932529E-003
   21.662427149329321        7.3397883002324959E-003
   21.687987535346227        1.2217829982733439E-002
   21.713547921363137        4.8849681476276592E-003
   21.739108307380043        1.9499827135378022E-002
   21.764668693396953        1.9482163617569475E-002
   21.790229079413859        2.6756171977042394E-002
   21.815789465430768        4.6160969905008634E-002
   21.841349851447674        8.7366979783395513E-002
   21.866910237464584       0.24969561894953590     
   21.892470623481490        1.2520894873294075     
   21.918031009498399        2.1361780962921211     
   21.943591395515305        1.2031929821943590     
   21.969151781532215        4.8091798153334731     
   21.994712167549121        7.4347403626206123     
   22.020272553566031        1.7100204697316135     
   22.045832939582937        2.8519697584619612     
   22.071393325599846        3.5118832007386991     
   22.096953711616752       0.67348601835047428     
   22.122514097633662       0.26974233535680425     
   22.148074483650568       0.18429021518514929     
   22.173634869667474       0.62094957203830847     
   22.199195255684383        3.1731061535451901     
   22.224755641701289        3.0340672404853533     
   22.250316027718199       0.99499235646073103     
   22.275876413735105        3.7111687905205075     
   22.301436799752015        2.4280110411777880     
   22.326997185768921       0.42875240049079949     
   22.352557571785830       0.16599409935633050     
   22.378117957802736        7.3421803175120995E-002
   22.403678343819646        4.7317094800982867E-002
   22.429238729836552        3.3083334157244883E-002
   22.454799115853461        2.8324442913628574E-002
   22.480359501870367        4.7154869418660275E-002
   22.505919887887277        9.6557412602632273E-002
   22.531480273904183       0.25879911356134888     
   22.557040659921093        1.0530192415974879     
   22.582601045937999        4.2910713393888607     
   22.608161431954908        1.1474072028120132     
   22.633721817971814       0.26499942532693938     
   22.659282203988724        9.5906233399940380E-002
   22.684842590005630        3.9719895689345364E-002
   22.710402976022539        2.8007170819022719E-002
   22.735963362039445        2.3312720566296224E-002
   22.761523748056355        4.1917567619614737E-002
   22.787084134073261        6.1835072952428967E-002
   22.812644520090171       0.14309260975653870     
   22.838204906107077       0.50403822075150129     
   22.863765292123986        2.9029657823169912     
   22.889325678140892        2.8610340423515472     
   22.914886064157802       0.47194305614197030     
   22.940446450174708       0.18253113766700416     
   22.966006836191617        6.2317787100430545E-002
   22.991567222208523        4.8418015968125290E-002
   23.017127608225433        9.9026488280528735E-002
   23.042687994242339       0.25304919367049428     
   23.068248380259249        1.0821641952228327     
   23.093808766276155        4.2256867006705043     
   23.119369152293064        1.0693055095181940     
   23.144929538309970       0.28856905178190406     
   23.170489924326876       0.16146467606516773     
   23.196050310343786       0.21710734706032689     
   23.221610696360692        1.0473077175670324     
   23.247171082377601        1.8538335928667393     
   23.272731468394507       0.32056780073803021     
   23.298291854411417       0.15698414266424743     
   23.323852240428323       0.22044246505546383     
   23.349412626445233       0.72178215661216250     
   23.374973012462139        3.9278540971023030     
   23.400533398479048        1.5999473320308413     
   23.426093784495954       0.34620908137051132     
   23.451654170512864       0.11527012632647571     
   23.477214556529770        4.0640974117696627E-002
   23.502774942546679        3.6083691447190085E-002
   23.528335328563585        1.8024611581637384E-002
   23.553895714580495        3.5998398846622801E-002
   23.579456100597401        3.1470075068931118E-002
   23.605016486614311        3.1435548921064753E-002
   23.630576872631217        6.7288851219534027E-002
   23.656137258648126       0.13219861485401266     
   23.681697644665032       0.41185604601204651     
   23.707258030681942        1.3989972189523161     
   23.732818416698848        6.3183810888380769     
   23.758378802715757        2.3740452635654083     
   23.783939188732663        3.3116000125345302     
   23.809499574749573        7.9525227960433815     
   23.835059960766479        1.5789892065990938     
   23.860620346783389       0.39321438909385503     
   23.886180732800295       0.18196258249519864     
   23.911741118817204        8.4240447652324080E-002
   23.937301504834110       0.14392125505107040     
   23.962861890851020       0.26103009116384374     
   23.988422276867926        1.0261403274178578     
   24.013982662884835        4.0612240643072726     
   24.039543048901741        1.0542060696747353     
   24.065103434918651       0.26652884438651292     
   24.090663820935557        7.0410780373330095E-002
   24.116224206952467        3.2966406784243937E-002
   24.141784592969373        2.1955726280389148E-002
   24.167344978986282        1.9738069914260612E-002
   24.192905365003188        3.5047569505720313E-002
   24.218465751020094        1.2222925136952173E-002
   24.244026137037004        3.2789126221453593E-002
   24.269586523053910        6.3332405905269382E-002
   24.295146909070819       0.16363241393064648     
   24.320707295087725       0.50600910021180845     
   24.346267681104635        2.8186265713245415     
   24.371828067121541        2.5424721391867093     
   24.397388453138451       0.53610699767431258     
   24.422948839155357       0.25175709070917340     
   24.448509225172266       0.36207790423074382     
   24.474069611189172        1.4787177148063169     
   24.499629997206082        3.9636675850246648     
   24.525190383222988        1.1771479716590629     
   24.550750769239897        3.0042559749825610     
   24.576311155256803        2.6713751593373911     
   24.601871541273713       0.43652168831712695     
   24.627431927290619       0.14115373746970639     
   24.652992313307529        8.8147520236917132E-002
   24.678552699324435        5.1548514467611578E-002
   24.704113085341344        4.2912238034678821E-002
   24.729673471358250        8.5727836594373275E-002
   24.755233857375160       0.16273569635664081     
   24.780794243392066       0.40001317321359997     
   24.806354629408975        1.8985252939397987     
   24.831915015425881        7.7880108883673129     
   24.857475401442791        2.1688871031390620     
   24.883035787459697       0.45195964451413895     
   24.908596173476607       0.14896735193241176     
   24.934156559493513        6.2888236983853027E-002
   24.959716945510422        3.3974662508486637E-002
   24.985277331527328        3.6056985795513224E-002
   25.010837717544238        1.6952186149497128E-002
   25.036398103561144        1.6934879170272067E-002
   25.061958489578053        1.0573742661600367E-002
   25.087518875594959        1.2674380145369465E-002
   25.113079261611869        1.0551162975557173E-002
   25.138639647628775        1.0541911034250045E-002
   25.164200033645685        1.4740945613917521E-002
   25.189760419662591        8.4177816081446102E-003
   25.215320805679497        2.5222805028152565E-002
   25.240881191696406        4.4096155322602332E-002
   25.266441577713312        4.1956556223358595E-002
   25.292001963730222       0.10478323759649907     
   25.317562349747128       0.27760764627843487     
   25.343122735764037        1.4133336791063564     
   25.368683121780943        3.8639932963879984     
   25.394243507797853        1.1888169434245954     
   25.419803893814759        3.4131703617237248     
   25.445364279831669        2.0815143326318202     
   25.470924665848575       0.40704877893136299     
   25.496485051865484       0.21412835212237685     
   25.522045437882390       0.30117389957847951     
   25.547605823899300        1.3768183454451595     
