   7.3786478737262193E-003   51.500004189504679     
   2.2135943621178659E-002   5.7383777189717357E-003
   3.6893239368631099E-002   4.9778698285056011E-003
   5.1650535116083536E-002   5.0667603611574876E-003
   6.6407830863535980E-002   5.2313724586609813E-003
   8.1165126610988417E-002   5.8640815025198540E-003
   9.5922422358440854E-002   5.4086470252032040E-003
  0.11067971810589329        5.2959004008823474E-003
  0.12543701385334574        6.1735346402544983E-003
  0.14019430960079818        5.0324517345199183E-003
  0.15495160534825062        5.5803501053683820E-003
  0.16970890109570305        5.5550141564482767E-003
  0.18446619684315549        6.0398153919201366E-003
  0.19922349259060793        5.2851457438454520E-003
  0.21398078833806036        5.7145373462298473E-003
  0.22873808408551280        5.8744216524568814E-003
  0.24349537983296524        5.9520741510035351E-003
  0.25825267558041770        5.6415858056396810E-003
  0.27300997132787014        5.7178234516618342E-003
  0.28776726707532257        5.6054217940650760E-003
  0.30252456282277501        5.5950447462674770E-003
  0.31728185857022745        5.6242211434472172E-003
  0.33203915431767989        6.1117179561096550E-003
  0.34679645006513232        5.7104286862466689E-003
  0.36155374581258476        5.5323774369530846E-003
  0.37631104156003720        5.5594346859208880E-003
  0.39106833730748963        5.6392377538337793E-003
  0.40582563305494207        5.7848881188845404E-003
  0.42058292880239451        5.5782707946630782E-003
  0.43534022454984694        5.3786305350378245E-003
  0.45009752029729938        5.4368947102325588E-003
  0.46485481604475182        5.7877613482227802E-003
  0.47961211179220425        5.3544010078412805E-003
  0.49436940753965669        6.2378157365912757E-003
  0.50912670328710918        5.8375744003368755E-003
  0.52388399903456162        5.7520103828213260E-003
  0.53864129478201406        5.6455635555026406E-003
  0.55339859052946649        5.8407005987798953E-003
  0.56815588627691893        5.7967401899047932E-003
  0.58291318202437137        5.6998709903405510E-003
  0.59767047777182380        5.4618293951658563E-003
  0.61242777351927624        5.7525383259136170E-003
  0.62718506926672868        5.7367509641258092E-003
  0.64194236501418112        5.7145373462298508E-003
  0.65669966076163355        5.8168366535346298E-003
  0.67145695650908599        5.8120732887771490E-003
  0.68621425225653843        5.8967239366347702E-003
  0.70097154800399086        5.5695376897007768E-003
  0.71572884375144330        5.9828521392434339E-003
  0.73048613949889574        5.8494160611059038E-003
  0.74524343524634817        6.0108188894537565E-003
  0.76000073099380061        5.7652270707975600E-003
  0.77475802674125305        6.1769043467210308E-003
  0.78951532248870548        6.1758151377020445E-003
  0.80427261823615792        6.3536343109251645E-003
  0.81902991398361036        6.6184740737863399E-003
  0.83378720973106280        6.6793762190014297E-003
  0.84854450547851523        7.2648042279784717E-003
  0.86330180122596767        8.2166761592319861E-003
  0.87805909697342011        1.0121320060970591E-002
  0.89281639272087254        1.4889041780440660E-002
  0.90757368846832498        2.4651585034865690E-002
  0.92233098421577742        5.5178027759041688E-002
  0.93708827996322985       0.13513414077751559     
  0.95184557571068229       0.29879599332041235     
  0.96660287145813473       0.55700210103952541     
  0.98136016720558716       0.93845789976471461     
  0.99611746295303960        1.4742422410992251     
   1.0108747587004923        2.0978269519605446     
   1.0256320544479447        2.6634483465229084     
   1.0403893501953971        3.1309962750318041     
   1.0551466459428496        3.2220930457514561     
   1.0699039416903020        2.7809785267259315     
   1.0846612374377544        2.3402224640870073     
   1.0994185331852069        1.9718907023173249     
   1.1141758289326593        1.6308539987982773     
   1.1289331246801118        1.3152068916010775     
   1.1436904204275642        1.0184601236787774     
   1.1584477161750166       0.79303226323627385     
   1.1732050119224691       0.63559153439230320     
   1.1879623076699215       0.54243837215075985     
   1.2027196034173739       0.47533821508099922     
   1.2174768991648264       0.42337914225491513     
   1.2322341949122788       0.38886999869869998     
   1.2469914906597312       0.35962409482938867     
   1.2617487864071837       0.33914164069183594     
   1.2765060821546361       0.31847456831279447     
   1.2912633779020886       0.31162176250705664     
   1.3060206736495410       0.29902256237481506     
   1.3207779693969934       0.29480205813975324     
   1.3355352651444459       0.28977527871850106     
   1.3502925608918983       0.27872897534275781     
   1.3650498566393507       0.27946927204757438     
   1.3798071523868032       0.27887384380150321     
   1.3945644481342556       0.28188065835099302     
   1.4093217438817081       0.28359741026894497     
   1.4240790396291605       0.29285607755319298     
   1.4388363353766129       0.30301612568888214     
   1.4535936311240654       0.31994289701686518     
   1.4683509268715178       0.33126181152727330     
   1.4831082226189702       0.35385596307036776     
   1.4978655183664227       0.35775578547654213     
   1.5126228141138751       0.32299495204311046     
   1.5273801098613276       0.30632336000229238     
   1.5421374056087800       0.29634203852266344     
   1.5568947013562324       0.29003955684422977     
   1.5716519971036849       0.28739018661309751     
   1.5864092928511373       0.27968875512015073     
   1.6011665885985897       0.27687776040357465     
   1.6159238843460422       0.27966991036498645     
   1.6306811800934946       0.28920916906915023     
   1.6454384758409470       0.29938278248853922     
   1.6601957715883995       0.31570019183480413     
   1.6749530673358519       0.33508154303747528     
   1.6897103630833044       0.36098885233963768     
   1.7044676588307568       0.39509507264925159     
   1.7192249545782092       0.43897298793471651     
   1.7339822503256617       0.48629286959228868     
   1.7487395460731141       0.55475593755456221     
   1.7634968418205665       0.60763770474072998     
   1.7782541375680190       0.64445513225821693     
   1.7930114333154714       0.67350783630290090     
   1.8077687290629239       0.68537817665308798     
   1.8225260248103763       0.68907724983321583     
   1.8372833205578287       0.68587316211369609     
   1.8520406163052812       0.67103073538804026     
   1.8667979120527336       0.66850201205811810     
   1.8815552078001860       0.65171784676800892     
   1.8963125035476385       0.63436526865108056     
   1.9110697992950909       0.62522797812702258     
   1.9258270950425433       0.63402040884678090     
   1.9405843907899958       0.64157739002605285     
   1.9553416865374482       0.64970280395646918     
   1.9700989822849007       0.67386669889578821     
   1.9848562780323531       0.70699707488554075     
   1.9996135737798055       0.75568717355963400     
   2.0143708695272582       0.80806508518301656     
   2.0291281652747104       0.86408805951734335     
   2.0438854610221631       0.90987119088743962     
   2.0586427567696153       0.96156372573929083     
   2.0734000525170679       0.99279495029417253     
   2.0881573482645202        1.0226261084042878     
   2.1029146440119728        1.0212602106714459     
   2.1176719397594250       0.96114008595098954     
   2.1324292355068777       0.88692277031366407     
   2.1471865312543299       0.81910691222307430     
   2.1619438270017826       0.76373704047575419     
   2.1767011227492348       0.70317684494832011     
   2.1914584184966874       0.64706301923135678     
   2.2062157142441396       0.60873188096814601     
   2.2209730099915923       0.57201471205826016     
   2.2357303057390445       0.55038729546908816     
   2.2504876014864972       0.52624380537017734     
   2.2652448972339494       0.50948578767552577     
   2.2800021929814021       0.49566856899150130     
   2.2947594887288543       0.48255659522011324     
   2.3095167844763069       0.48206017445865923     
   2.3242740802237591       0.48029135067949291     
   2.3390313759712118       0.48027152868269068     
   2.3537886717186640       0.49251392586137527     
   2.3685459674661167       0.46275645160023504     
   2.3833032632135689       0.44146551938455991     
   2.3980605589610215       0.42662833365206698     
   2.4128178547084738       0.41567306209004057     
   2.4275751504559264       0.40204620532069063     
   2.4423324462033786       0.39421984445861613     
   2.4570897419508313       0.39158121509056559     
   2.4718470376982835       0.39070458256207757     
   2.4866043334457362       0.39338711845023888     
   2.5013616291931884       0.39390637730696249     
   2.5161189249406410       0.39674182117774126     
   2.5308762206880933       0.40197568729934446     
   2.5456335164355459       0.40909432825396347     
   2.5603908121829981       0.41933472626299473     
   2.5751481079304508       0.43537402779804135     
   2.5899054036779030       0.45012435197478712     
   2.6046626994253557       0.46777287206446838     
   2.6194199951728079       0.48963075482168733     
   2.6341772909202605       0.51188339457429488     
   2.6489345866677128       0.53863833148494811     
   2.6636918824151654       0.56367825979103670     
   2.6784491781626176       0.59281961459376031     
   2.6932064739100703       0.62061080661910317     
   2.7079637696575225       0.64079844768178407     
   2.7227210654049752       0.65710354932665194     
   2.7374783611524274       0.66071606142206074     
   2.7522356568998800       0.66164186470552799     
   2.7669929526473322       0.65827682470145688     
   2.7817502483947849       0.65634435049479556     
   2.7965075441422371       0.64707163533942114     
   2.8112648398896898       0.63741394511697902     
   2.8260221356371420       0.62859253486500366     
   2.8407794313845947       0.62074844857215961     
   2.8555367271320469       0.61105120767906296     
   2.8702940228794995       0.60524466832908241     
   2.8850513186269517       0.59892940446835485     
   2.8998086143744044       0.59705094264960312     
   2.9145659101218566       0.60043296911806054     
   2.9293232058693093       0.59935579827453944     
   2.9440805016167615       0.59816518732158674     
   2.9588377973642142       0.60436015522633779     
   2.9735950931116664       0.60815961479868486     
   2.9883523888591190       0.61649791147684052     
   3.0031096846065712       0.62547637656879751     
   3.0178669803540239       0.63318392652640942     
   3.0326242761014761       0.63968857057742778     
   3.0473815718489288       0.65065810854942896     
   3.0621388675963810       0.66099214273996432     
   3.0768961633438336       0.66448693019503791     
   3.0916534590912859       0.67431672120502084     
   3.1064107548387385       0.67918708226317881     
   3.1211680505861907       0.68850774982901464     
   3.1359253463336434       0.69103032972539880     
   3.1506826420810956       0.68921978815530971     
   3.1654399378285483       0.68461471462503887     
   3.1801972335760005       0.65538102881334004     
   3.1949545293234531       0.63712566419621752     
   3.2097118250709054       0.61719625780283571     
   3.2244691208183580       0.59569220885687146     
   3.2392264165658102       0.57786803849996682     
   3.2539837123132629       0.56576754623698278     
   3.2687410080607151       0.55737581154537841     
   3.2834983038081678       0.55199822252783870     
   3.2982555995556200       0.54536907079181940     
   3.3130128953030726       0.54324469056621139     
   3.3277701910505249       0.54390816092625482     
   3.3425274867979775       0.52738452141972891     
   3.3572847825454297       0.51435481059021160     
   3.3720420782928824       0.50509130788884127     
   3.3867993740403346       0.49945033968050456     
   3.4015566697877873       0.49277626915929235     
   3.4163139655352395       0.49119954802080346     
   3.4310712612826921       0.49035541571679020     
   3.4458285570301443       0.49204875317672048     
   3.4605858527775970       0.49559258074598389     
   3.4753431485250492       0.49641040632154099     
   3.4901004442725019       0.49805709981799079     
   3.5048577400199541       0.50158020699092687     
   3.5196150357674068       0.50666435797448239     
   3.5343723315148590       0.51186626585975370     
   3.5491296272623116       0.51895543466545424     
   3.5638869230097638       0.53013068347280989     
   3.5786442187572165       0.53867864394435028     
   3.5934015145046687       0.54857420233289367     
   3.6081588102521214       0.55734624524395204     
   3.6229161059995736       0.56791901820935242     
   3.6376734017470262       0.57622251035879613     
   3.6524306974944785       0.58714393639834861     
   3.6671879932419311       0.59603355705887884     
   3.6819452889893833       0.60840991470577455     
   3.6967025847368360       0.61778784166296008     
   3.7114598804842882       0.61545719503422580     
   3.7262171762317409       0.61734334110048672     
   3.7409744719791931       0.62140612906753845     
   3.7557317677266457       0.61957650122595553     
   3.7704890634740980       0.62021928238258672     
   3.7852463592215506       0.61721906648692693     
   3.8000036549690033       0.62024177515123724     
   3.8147609507164555       0.61720450740182908     
   3.8295182464639081       0.60739842960897061     
   3.8442755422113604       0.60202924603469055     
   3.8590328379588130       0.59272263826536564     
   3.8737901337062652       0.58630536047240411     
   3.8885474294537179       0.57792958509427084     
   3.9033047252011701       0.56862007873492515     
   3.9180620209486228       0.56550616773505202     
   3.9328193166960750       0.56188367226053160     
   3.9475766124435276       0.55943774560276982     
   3.9623339081909799       0.55323646673632854     
   3.9770912039384325       0.55662943700609580     
   3.9918484996858847       0.55854889238383432     
   4.0066057954333374       0.56408142205373424     
   4.0213630911807901       0.56092600974413609     
   4.0361203869282418       0.56598963886695386     
   4.0508776826756945       0.56764376948078465     
   4.0656349784231471       0.57140178770552397     
   4.0803922741705998       0.57194344088346305     
   4.0951495699180516       0.57953242508386149     
   4.1099068656655042       0.58320355007166425     
   4.1246641614129569       0.58862308914642880     
   4.1394214571604095       0.59329560843937790     
   4.1541787529078613       0.59620232817226304     
   4.1689360486553140       0.59672361409028185     
   4.1836933444027666       0.60154235371166909     
   4.1984506401502193       0.60594738951310956     
   4.2132079358976711       0.60584279174610745     
   4.2279652316451237       0.60052323724744616     
   4.2427225273925764       0.59146327871892956     
   4.2574798231400290       0.58988512344063193     
   4.2722371188874808       0.58388772426033519     
   4.2869944146349335       0.58371271279691495     
   4.3017517103823861       0.58235847241765026     
   4.3165090061298388       0.58233064183107153     
   4.3312663018772906       0.58215777768662746     
   4.3460235976247432       0.58677274457902162     
   4.3607808933721959       0.57686506357374590     
   4.3755381891196485       0.57571310064438841     
   4.3902954848671003       0.57373540253864863     
   4.4050527806145530       0.57193250681205510     
   4.4198100763620056       0.57034594533618121     
   4.4345673721094583       0.57141486807186970     
   4.4493246678569101       0.57059589633513585     
   4.4640819636043627       0.56976554069104179     
   4.4788392593518154       0.57269456121921380     
   4.4935965550992680       0.56790254081470359     
   4.5083538508467198       0.56752672189227171     
   4.5231111465941725       0.56749137133414596     
   4.5378684423416251       0.56639086514354509     
   4.5526257380890778       0.56409302919871851     
   4.5673830338365295       0.56198696139605209     
   4.5821403295839822       0.56515589130656918     
   4.5968976253314349       0.56480844693001242     
   4.6116549210788875       0.57051598405093984     
   4.6264122168263393       0.57460588817451941     
   4.6411695125737920       0.57660391463043870     
   4.6559268083212446       0.57972757187583868     
   4.6706841040686973       0.58467984237869419     
   4.6854413998161490       0.58639665874860092     
   4.7001986955636017       0.58699791214760422     
   4.7149559913110544       0.58759605100651391     
   4.7297132870585070       0.58486508237983870     
   4.7444705828059588       0.58140113200336541     
   4.7592278785534115       0.57911405666112725     
   4.7739851743008641       0.57541649096050285     
   4.7887424700483168       0.57304147038698350     
   4.8034997657957685       0.57186338253929747     
   4.8182570615432212       0.56800315282048108     
   4.8330143572906739       0.56643978757697311     
   4.8477716530381265       0.56393033348849364     
   4.8625289487855783       0.56148080385043919     
   4.8772862445330309       0.55846591071847185     
   4.8920435402804836       0.55604388942007998     
   4.9068008360279363       0.55274316479181029     
   4.9215581317753880       0.55038796665307266     
   4.9363154275228407       0.54739113325857991     
   4.9510727232702934       0.54750107763374423     
   4.9658300190177460       0.54748955843577696     
   4.9805873147651978       0.54769596612371285     
   4.9953446105126504       0.55101875664257138     
   5.0101019062601031       0.55285329323252219     
   5.0248592020075558       0.55570436429502224     
   5.0396164977550075       0.55884211112230053     
   5.0543737935024602       0.56165359777252333     
   5.0691310892499128       0.56506098552013750     
   5.0838883849973655       0.56688713717533334     
   5.0986456807448173       0.57078283341281610     
   5.1134029764922699       0.57272020540247559     
   5.1281602722397226       0.57644269794291392     
   5.1429175679871753       0.58217925494669920     
   5.1576748637346270       0.58637858558529443     
   5.1724321594820797       0.59088829765306494     
   5.1871894552295323       0.59503600735225026     
   5.2019467509769850       0.59815931437485770     
   5.2167040467244368       0.60376474017011306     
   5.2314613424718894       0.60958720101933861     
   5.2462186382193421       0.61327974728586809     
   5.2609759339667947       0.61665195166572695     
   5.2757332297142465       0.62023735909001110     
   5.2904905254616992       0.61345245145288996     
   5.3052478212091518       0.61380429333724651     
   5.3200051169566045       0.61122280937943407     
   5.3347624127040563       0.61093225427240150     
   5.3495197084515089       0.60720084776557748     
   5.3642770041989616       0.60495953883505382     
   5.3790342999464142       0.60466465907416800     
   5.3937915956938660       0.59518741598949665     
   5.4085488914413187       0.58777431714974882     
   5.4233061871887713       0.58584561299368265     
   5.4380634829362240       0.58291987025851943     
   5.4528207786836758       0.57745703727427300     
   5.4675780744311284       0.57401327371804955     
   5.4823353701785811       0.56980558195251940     
   5.4970926659260337       0.56610935986420252     
   5.5118499616734855       0.56502820842555646     
   5.5266072574209382       0.56131685269457654     
   5.5413645531683908       0.56026278430336351     
   5.5561218489158435       0.56018416247212999     
   5.5708791446632953       0.56028342428355693     
   5.5856364404107479       0.56197322775946212     
   5.6003937361582006       0.56023908193911531     
   5.6151510319056532       0.56330658641788023     
   5.6299083276531050       0.56470225354653769     
   5.6446656234005577       0.56599871142049940     
   5.6594229191480103       0.56486951166885779     
   5.6741802148954630       0.56676079600097262     
   5.6889375106429156       0.56715541745812781     
   5.7036948063903674       0.56674679382214976     
   5.7184521021378201       0.56410639321897149     
   5.7332093978852727       0.56293813757513178     
   5.7479666936327254       0.56014800861130076     
   5.7627239893801772       0.55647108600965767     
   5.7774812851276298       0.55365875062237035     
   5.7922385808750825       0.55352644245891391     
   5.8069958766225351       0.55399622030415807     
   5.8217531723699869       0.55377329721769575     
   5.8365104681174396       0.55414069619828721     
   5.8512677638648922       0.55652255126365069     
   5.8660250596123449       0.55757725224668164     
   5.8807823553597967       0.55987268877154028     
   5.8955396511072493       0.55997660919676329     
   5.9102969468547020       0.55991661928999648     
   5.9250542426021546       0.56046521398665328     
   5.9398115383496064       0.55822430013486324     
   5.9545688340970591       0.55886483909051432     
   5.9693261298445117       0.56054285651207825     
   5.9840834255919644       0.56128807034224482     
   5.9988407213394161       0.56317407873593217     
   6.0135980170868688       0.56519538228592026     
   6.0283553128343215       0.56631596213283242     
   6.0431126085817741       0.56936690732898576     
   6.0578699043292259       0.57104508856513392     
   6.0726272000766786       0.57500092137817405     
   6.0873844958241312       0.57696377358643913     
   6.1021417915715839       0.57889756958459904     
   6.1168990873190356       0.58088708541285494     
   6.1316563830664883       0.58296137065926468     
   6.1464136788139410       0.58456705008293453     
   6.1611709745613936       0.58543326095677706     
   6.1759282703088454       0.58815236909517954     
   6.1906855660562981       0.59079003581898881     
   6.2054428618037507       0.58995427491158314     
   6.2202001575512034       0.59111416887314083     
   6.2349574532986551       0.59128478018711650     
   6.2497147490461078       0.59150870370819375     
   6.2644720447935605       0.59298459020985494     
   6.2792293405410131       0.59685643898798568     
   6.2939866362884649       0.59691837180346086     
   6.3087439320359175       0.59906455851197349     
   6.3235012277833702       0.59706605628265685     
   6.3382585235308229       0.59386378213806434     
   6.3530158192782746       0.59044030715563167     
   6.3677731150257273       0.58962137492716882     
   6.3825304107731800       0.58649401392886569     
   6.3972877065206326       0.58950533489257606     
   6.4120450022680844       0.58840684041039570     
   6.4268022980155370       0.58309634624764139     
   6.4415595937629897       0.57846092811103733     
   6.4563168895104424       0.57504802637593466     
   6.4710741852578941       0.57171407312434896     
   6.4858314810053468       0.56801350374316861     
   6.5005887767527994       0.56691025208096069     
   6.5153460725002521       0.56408787752420697     
   6.5301033682477039       0.56339385413973986     
   6.5448606639951565       0.56213450872839432     
   6.5596179597426092       0.56259214739799812     
   6.5743752554900619       0.56298883702261449     
   6.5891325512375136       0.56423104675405911     
   6.6038898469849663       0.56558612610138048     
   6.6186471427324189       0.56758329396185081     
   6.6334044384798716       0.56897356681355205     
   6.6481617342273234       0.56904460013066194     
   6.6629190299747760       0.57206294723100926     
   6.6776763257222287       0.57047900847052080     
   6.6924336214696813       0.57235761331071000     
   6.7071909172171331       0.57281919787285351     
   6.7219482129645858       0.57243044145900990     
   6.7367055087120384       0.57240187120823272     
   6.7514628044594911       0.57199804550698297     
   6.7662201002069429       0.56798811137394833     
   6.7809773959543955       0.56553891479824647     
   6.7957346917018482       0.56537940178818247     
   6.8104919874493008       0.56252760461527063     
   6.8252492831967526       0.56090435422066598     
   6.8400065789442053       0.56133044883830852     
   6.8547638746916579       0.56157900090848401     
   6.8695211704391106       0.56282076690836957     
   6.8842784661865624       0.56441267600939271     
   6.8990357619340150       0.56612776730493108     
   6.9137930576814677       0.56499442352343487     
   6.9285503534289203       0.56720679691261155     
   6.9433076491763721       0.56495979190059209     
   6.9580649449238248       0.56726425049937990     
   6.9728222406712774       0.56707397055214370     
   6.9875795364187301       0.56665123880569856     
   7.0023368321661819       0.56892794636118982     
   7.0170941279136345       0.56712798547612286     
   7.0318514236610872       0.56853162789099132     
   7.0466087194085398       0.56999910741511017     
   7.0613660151559916       0.57170665930469278     
   7.0761233109034443       0.57225605390333600     
   7.0908806066508969       0.57241704445219532     
   7.1056379023983496       0.57403936787152499     
   7.1203951981458014       0.57563519271261487     
   7.1351524938932540       0.57459327503513269     
   7.1499097896407067       0.57676164968601284     
   7.1646670853881593       0.57653554209299984     
   7.1794243811356111       0.57708884898026847     
   7.1941816768830638       0.57717549743601093     
   7.2089389726305164       0.57768170868047464     
   7.2236962683779691       0.57784094306244371     
   7.2384535641254208       0.57839045924923282     
   7.2532108598728735       0.57681952830299832     
   7.2679681556203262       0.57733372173571018     
   7.2827254513677788       0.57806353955933276     
   7.2974827471152306       0.57770930861835446     
   7.3122400428626833       0.58006185330694227     
   7.3269973386101359       0.58090291317567055     
   7.3417546343575886       0.58162823545706999     
   7.3565119301050403       0.58307544287489577     
   7.3712692258524930       0.58457561180625339     
   7.3860265215999457       0.58715926489267800     
   7.4007838173473983       0.58397162742374253     
   7.4155411130948501       0.58223307731813267     
   7.4302984088423027       0.58175722884917191     
   7.4450557045897554       0.58209811136192646     
   7.4598130003372081       0.58251129566116333     
   7.4745702960846598       0.57967715936914288     
   7.4893275918321125       0.57674323218090151     
   7.5040848875795652       0.57495803734161821     
   7.5188421833270178       0.57373756044616153     
   7.5335994790744696       0.57378055266757699     
   7.5483567748219222       0.57191713973336911     
   7.5631140705693749       0.57170146982116843     
   7.5778713663168276       0.57316309631265161     
   7.5926286620642802       0.57321553816860382     
   7.6073859578117320       0.57534530896493796     
   7.6221432535591847       0.57736925115796833     
   7.6369005493066373       0.57856113710882395     
   7.6516578450540900       0.57848855732920157     
   7.6664151408015417       0.58016557816576197     
   7.6811724365489944       0.58077558831160048     
   7.6959297322964471       0.57882512073101322     
   7.7106870280438997       0.57727927685118452     
   7.7254443237913515       0.57585859528623640     
   7.7402016195388041       0.57587504197275385     
   7.7549589152862568       0.57519834491840482     
   7.7697162110337095       0.57304299092383948     
   7.7844735067811612       0.57132301706830935     
   7.7992308025286139       0.56987308407807058     
   7.8139880982760666       0.56907788952219074     
   7.8287453940235192       0.56706781158768471     
   7.8435026897709710       0.56697726618415822     
   7.8582599855184236       0.56661830262710455     
   7.8730172812658763       0.56570279322866024     
   7.8877745770133290       0.56662171033761588     
   7.9025318727607807       0.56645153025154127     
   7.9172891685082334       0.56814675275646576     
   7.9320464642556860       0.56750301450223473     
   7.9468037600031387       0.56954010309907022     
   7.9615610557505905       0.57116327536435396     
   7.9763183514980431       0.57003727905592116     
   7.9910756472454958       0.57008138767061844     
   8.0058329429929476       0.57366527965930192     
   8.0205902387404002       0.57101708076012625     
   8.0353475344878529       0.57057785377722037     
   8.0501048302353038       0.57101037580116731     
   8.0648621259827564       0.56956664370224896     
   8.0796194217302091       0.56878356715469713     
   8.0943767174776617       0.56885057455006560     
   8.1091340132251144       0.56976415721122686     
   8.1238913089725671       0.56931880650793587     
   8.1386486047200197       0.57097513319638149     
   8.1534059004674724       0.57068837451551868     
   8.1681631962149233       0.57221464308347525     
   8.1829204919623759       0.57082491630819754     
   8.1976777877098286       0.56978967445983164     
   8.2124350834572812       0.57058534743941425     
   8.2271923792047339       0.57139937215876491     
   8.2419496749521866       0.57334465182207528     
   8.2567069706996392       0.57208283923650494     
   8.2714642664470919       0.57258991234424594     
   8.2862215621945428       0.57271674152586083     
   8.3009788579419954       0.57265285451249592     
   8.3157361536894481       0.57328283486592058     
   8.3304934494369007       0.57204608658768585     
   8.3452507451843534       0.57369271239847386     
   8.3600080409318061       0.57295534354097866     
   8.3747653366792587       0.57533484858317940     
   8.3895226324267114       0.57605125300611781     
   8.4042799281741623       0.57682559853084381     
   8.4190372239216149       0.57920925651791333     
   8.4337945196690676       0.57967522795269733     
   8.4485518154165202       0.58005280299350370     
   8.4633091111639729       0.58073592866991286     
   8.4780664069114255       0.58107478159023196     
   8.4928237026588782       0.58248591371305170     
   8.5075809984063309       0.58072917383962119     
   8.5223382941537817       0.57845469229014146     
   8.5370955899012344       0.57778211108429534     
   8.5518528856486871       0.57677308539366712     
   8.5666101813961397       0.57643353878669423     
   8.5813674771435924       0.57602596348169921     
   8.5961247728910450       0.57411948324767914     
   8.6108820686384977       0.57529587115722458     
   8.6256393643859504       0.57591342201961926     
   8.6403966601334012       0.57711584961595519     
   8.6551539558808539       0.57855394638096125     
   8.6699112516283066       0.57873261838853007     
   8.6846685473757592       0.57998104502742198     
   8.6994258431232119       0.58167049299719531     
   8.7141831388706645       0.58067051760204447     
   8.7289404346181172       0.58027318931571259     
   8.7436977303655699       0.57926354499196275     
   8.7584550261130207       0.58006529300778487     
   8.7732123218604734       0.57816625323116200     
   8.7879696176079261       0.57713127435301870     
   8.8027269133553787       0.57575691990461475     
   8.8174842091028314       0.57502449976710379     
   8.8322415048502840       0.57312734073957239     
   8.8469988005977367       0.57074401726478563     
   8.8617560963451893       0.56933764447908519     
   8.8765133920926402       0.56833559817052925     
   8.8912706878400929       0.56686990164073481     
   8.9060279835875455       0.56758696640179018     
   8.9207852793349982       0.56858386841301223     
   8.9355425750824509       0.57042493493422486     
   8.9502998708299035       0.57189691791490616     
   8.9650571665773562       0.57162043475037105     
   8.9798144623248088       0.57261233560043456     
   8.9945717580722597       0.57395778343398085     
   9.0093290538197124       0.57613407425670071     
   9.0240863495671650       0.57424117517579021     
   9.0388436453146177       0.57342165132756129     
   9.0536009410620704       0.57323024458931970     
   9.0683582368095230       0.57294630296162319     
   9.0831155325569757       0.57103735505694886     
   9.0978728283044283       0.57039067442070535     
   9.1126301240518792       0.56927920306981394     
   9.1273874197993319       0.56831451836952973     
   9.1421447155467845       0.56550767435429794     
   9.1569020112942372       0.56589926395992740     
   9.1716593070416899       0.56553203345216607     
   9.1864166027891425       0.56410726918830378     
   9.2011738985365952       0.56395948573028909     
   9.2159311942840478       0.56314560331712171     
   9.2306884900314987       0.56302668883343154     
   9.2454457857789514       0.56394636890134109     
   9.2602030815264040       0.56323555921636992     
   9.2749603772738567       0.56447027494568902     
   9.2897176730213094       0.56447192145672598     
   9.3044749687687620       0.56514514094042778     
   9.3192322645162147       0.56644174644637646     
   9.3339895602636673       0.56853602353772759     
   9.3487468560111182       0.56764528305934037     
   9.3635041517585709       0.56860590910464093     
   9.3782614475060235       0.57009060738464878     
   9.3930187432534762       0.57042914544423606     
   9.4077760390009288       0.57164393031201022     
   9.4225333347483815       0.57366344033838501     
   9.4372906304958342       0.57524851430433876     
   9.4520479262432868       0.57540299007416851     
   9.4668052219907395       0.57514426334512936     
   9.4815625177381904       0.57813761410384923     
   9.4963198134856430       0.57862080086125789     
   9.5110771092330957       0.57944297089473362     
   9.5258344049805483       0.58004811328348072     
   9.5405917007280010       0.58226672098235099     
   9.5553489964754537       0.58012412104391087     
   9.5701062922229063       0.57752293289755130     
   9.5848635879703590       0.57854739623844187     
   9.5996208837178099       0.57838530192439630     
   9.6143781794652625       0.57884434714461441     
   9.6291354752127152       0.57839573329384641     
   9.6438927709601678       0.57889239605203135     
   9.6586500667076205       0.57968954710498133     
   9.6734073624550732       0.58027353234580803     
   9.6881646582025258       0.58071009252427730     
   9.7029219539499785       0.58084185766703122     
   9.7176792496974294       0.58271267377160596     
   9.7324365454448820       0.58150580276113439     
   9.7471938411923347       0.58138737365897830     
   9.7619511369397873       0.57914847170956163     
   9.7767084326872400       0.57868613362392585     
   9.7914657284346927       0.57804028525344298     
   9.8062230241821453       0.57627551727975423     
   9.8209803199295980       0.57588409443973465     
   9.8357376156770489       0.57517253767238263     
   9.8504949114245015       0.57422664855704908     
   9.8652522071719542       0.57255493517004341     
   9.8800095029194068       0.57160772669464632     
   9.8947667986668595       0.57141364332955058     
   9.9095240944143121       0.57017875752434310     
   9.9242813901617648       0.57094964101965606     
   9.9390386859092175       0.57104826775799733     
   9.9537959816566683       0.57078036515057684     
   9.9685532774041210       0.57097536369150681     
   9.9833105731515737       0.57016507525547333     
   9.9980678688990263       0.57290046696947750     
   10.012825164646479       0.57166191536356625     
   10.027582460393932       0.57251562061184869     
   10.042339756141384       0.57118633182357392     
   10.057097051888837       0.57002072532445047     
   10.071854347636288       0.56902309596970957     
   10.086611643383740       0.56784691992215797     
   10.101368939131193       0.56712233420371783     
   10.116126234878646       0.56490305228255855     
   10.130883530626098       0.56390554791161673     
   10.145640826373551       0.56381299572231358     
   10.160398122121004       0.56344175405367425     
   10.175155417868456       0.56314814638744548     
   10.189912713615907       0.56235195504606617     
   10.204670009363360       0.56156646493025808     
   10.219427305110813       0.56034745513485229     
   10.234184600858265       0.56142649447393811     
   10.248941896605718       0.56093452286462375     
   10.263699192353171       0.56140393261255872     
   10.278456488100623       0.56196624521601080     
   10.293213783848076       0.56104979083152562     
   10.307971079595527       0.56148316854095515     
   10.322728375342979       0.56332730476797432     
   10.337485671090432       0.56391859939008337     
   10.352242966837885       0.56556463069286667     
   10.367000262585337       0.56706100935105397     
   10.381757558332790       0.56726458972320015     
   10.396514854080243       0.56712828561254414     
   10.411272149827695       0.56863754624070428     
   10.426029445575146       0.56979508750977992     
   10.440786741322599       0.57053497383285645     
   10.455544037070052       0.57242443821769995     
   10.470301332817504       0.57481884607768674     
   10.485058628564957       0.57604144945354840     
   10.499815924312410       0.57691080096973579     
   10.514573220059862       0.57912799577991170     
   10.529330515807315       0.58002895631457030     
   10.544087811554766       0.58235590537972037     
   10.558845107302218       0.58065103555401532     
   10.573602403049671       0.58143305678414658     
   10.588359698797124       0.58214207481294045     
   10.603116994544576       0.58016359829986608     
   10.617874290292029       0.57933448212685079     
   10.632631586039482       0.57872630567804639     
   10.647388881786934       0.57991019239400443     
   10.662146177534385       0.58020015363681365     
   10.676903473281838       0.57828848940081601     
   10.691660769029291       0.57913756573205744     
   10.706418064776743       0.57920454376206121     
   10.721175360524196       0.57859585908504008     
   10.735932656271649       0.57940152503030984     
   10.750689952019101       0.58084956259110865     
   10.765447247766554       0.57976432189069504     
   10.780204543514005       0.57703752686142318     
   10.794961839261457       0.57706514565425659     
   10.809719135008910       0.57509800166495850     
   10.824476430756363       0.57488175595805668     
   10.839233726503815       0.57468685431890665     
   10.853991022251268       0.57402055511124739     
   10.868748317998721       0.57312232279679398     
   10.883505613746173       0.57142486433572681     
   10.898262909493624       0.57106185022379674     
   10.913020205241077       0.56951004305714803     
   10.927777500988530       0.56933237769081557     
   10.942534796735982       0.56838023151855521     
   10.957292092483435       0.56773806563597473     
   10.972049388230888       0.56772599814792246     
   10.986806683978340       0.56670002994340152     
   11.001563979725793       0.56792592548622345     
   11.016321275473244       0.56820830939217515     
   11.031078571220696       0.56725254586630869     
   11.045835866968149       0.56674006772293151     
   11.060593162715602       0.56670383060560492     
   11.075350458463054       0.56644466424275219     
   11.090107754210507       0.56717618645057544     
   11.104865049957960       0.56695608276916010     
   11.119622345705412       0.56636413143776965     
   11.134379641452863       0.56640381757665370     
   11.149136937200316       0.56696323080492239     
   11.163894232947769       0.56756708891982699     
   11.178651528695221       0.56804422141860722     
   11.193408824442674       0.56741166935851073     
   11.208166120190127       0.56869049573870534     
   11.222923415937579       0.56765675322211007     
   11.237680711685032       0.56746476752579889     
   11.252438007432483       0.56739623606314360     
   11.267195303179935       0.56636825056976425     
   11.281952598927388       0.56746237442911940     
   11.296709894674841       0.56693174068240604     
   11.311467190422293       0.56842180839335055     
   11.326224486169746       0.56784023146572304     
   11.340981781917199       0.56879301407957683     
   11.355739077664651       0.56822082207290958     
   11.370496373412104       0.56816709557683986     
   11.385253669159555       0.56956229538109082     
   11.400010964907008       0.56951999338340220     
   11.414768260654460       0.56950582206289435     
   11.429525556401913       0.56961059061908836     
   11.444282852149366       0.57037396402332829     
   11.459040147896818       0.57086345282744300     
   11.473797443644271       0.57115760959701212     
   11.488554739391724       0.57274756405424865     
   11.503312035139174       0.57177492362427407     
   11.518069330886627       0.57199981508408326     
   11.532826626634080       0.57259874517008491     
   11.547583922381532       0.57371089541385167     
   11.562341218128985       0.57348811563269075     
   11.577098513876438       0.57345930256116684     
   11.591855809623890       0.57390783315304517     
   11.606613105371343       0.57393182997303971     
   11.621370401118794       0.57358255730126961     
   11.636127696866247       0.57555094229187609     
   11.650884992613699       0.57645193293658692     
   11.665642288361152       0.57789049050208663     
   11.680399584108605       0.57817515196443980     
   11.695156879856057       0.57871426975342821     
   11.709914175603510       0.57938834246058990     
   11.724671471350963       0.57846382143841890     
   11.739428767098413       0.57882715733006063     
   11.754186062845866       0.57963981822749300     
   11.768943358593319       0.57893419339743424     
   11.783700654340771       0.58153618802574258     
   11.798457950088224       0.57951557359970596     
   11.813215245835677       0.57879435216866426     
   11.827972541583129       0.57741129207332054     
   11.842729837330582       0.57567268294852614     
   11.857487133078033       0.57538395581277579     
   11.872244428825486       0.57291548581545648     
   11.887001724572938       0.57175426094555881     
   11.901759020320391       0.57205821000822143     
   11.916516316067844       0.57084569883285408     
   11.931273611815296       0.57014118277673176     
   11.946030907562749       0.56955511619958710     
   11.960788203310202       0.56876577157046326     
   11.975545499057652       0.56881619618759327     
   11.990302794805105       0.56920065214953819     
   12.005060090552558       0.57075877090669680     
   12.019817386300010       0.57140702417637490     
   12.034574682047463       0.57128902556591099     
   12.049331977794916       0.57081161688487303     
   12.064089273542368       0.57107444522866324     
   12.078846569289821       0.57028386408547860     
   12.093603865037272       0.57019590550245791     
   12.108361160784725       0.57060248513102152     
   12.123118456532177       0.56951365355360539     
   12.137875752279630       0.56930843150823063     
   12.152633048027083       0.56925394565032272     
   12.167390343774535       0.56834567144539683     
   12.182147639521988       0.56802137941035491     
   12.196904935269441       0.56844859290110739     
   12.211662231016891       0.56758393650946515     
   12.226419526764344       0.56707285247479433     
   12.241176822511797       0.56623719377903847     
   12.255934118259249       0.56756831650465966     
   12.270691414006702       0.56762545387589369     
   12.285448709754155       0.56823119063164085     
   12.300206005501607       0.56845611165473187     
   12.314963301249060       0.56748262845131581     
   12.329720596996511       0.56824337804524350     
   12.344477892743964       0.56769039854756276     
   12.359235188491416       0.56739630102189842     
   12.373992484238869       0.56773824878220425     
   12.388749779986322       0.56768840120330377     
   12.403507075733774       0.56565092975043363     
   12.418264371481227       0.56582464865206961     
   12.433021667228680       0.56571594972997519     
   12.447778962976130       0.56660423820647898     
   12.462536258723583       0.56621660603410107     
   12.477293554471036       0.56518116337398394     
   12.492050850218488       0.56546295593474916     
   12.506808145965941       0.56637941044398454     
   12.521565441713394       0.56661598212489661     
   12.536322737460846       0.56688630087615521     
   12.551080033208299       0.56833911816616223     
   12.565837328955750       0.56896143573842983     
   12.580594624703203       0.56908049193403365     
   12.595351920450655       0.57005151428820378     
   12.610109216198108       0.57093858587826762     
   12.624866511945561       0.57240848094026997     
   12.639623807693013       0.57344232232386239     
   12.654381103440466       0.57519177022836865     
   12.669138399187919       0.57685958982214069     
   12.683895694935369       0.57843737863884859     
   12.698652990682822       0.58100818304138746     
   12.713410286430275       0.57996998620908158     
   12.728167582177727       0.58015666061938798     
   12.742924877925180       0.58059126771792935     
   12.757682173672633       0.57989544376969870     
   12.772439469420085       0.57885050982028841     
   12.787196765167538       0.57949959216764790     
   12.801954060914989       0.57931944582629658     
   12.816711356662442       0.57982929402314309     
   12.831468652409894       0.57990764184218258     
   12.846225948157347       0.57912614306747512     
   12.860983243904800       0.57802038679975432     
   12.875740539652252       0.57807926247842811     
   12.890497835399705       0.57780284483066069     
   12.905255131147157       0.57578108123780769     
   12.920012426894608       0.57556122389402753     
   12.934769722642061       0.57583052106394628     
   12.949527018389514       0.57378139858508104     
   12.964284314136966       0.57392567869225986     
   12.979041609884419       0.57281124935988714     
   12.993798905631872       0.57191053159803862     
   13.008556201379324       0.57223503083169724     
   13.023313497126777       0.57224562130663537     
   13.038070792874228       0.57191742784908750     
   13.052828088621681       0.57127786302082295     
   13.067585384369133       0.57068354385275921     
   13.082342680116586       0.57057160049252931     
   13.097099975864039       0.56885530591346234     
   13.111857271611491       0.56852051953795568     
   13.126614567358944       0.56796753239319431     
   13.141371863106396       0.56752747019531791     
   13.156129158853847       0.56883039375765587     
   13.170886454601300       0.56829774207266881     
   13.185643750348753       0.56967441967658328     
   13.200401046096205       0.56943417653657646     
   13.215158341843658       0.56930205512582555     
   13.229915637591111       0.56937335960911883     
   13.244672933338563       0.56904412639082469     
   13.259430229086016       0.56914556863862975     
   13.274187524833469       0.56857820401236436     
   13.288944820580920       0.56799931623823485     
   13.303702116328372       0.56757183568699676     
   13.318459412075825       0.56749979757702462     
   13.333216707823278       0.56812682709858564     
   13.347974003570730       0.56749539062526433     
   13.362731299318183       0.56766624712111713     
   13.377488595065635       0.56751743003462574     
   13.392245890813088       0.56595134506975231     
   13.407003186560539       0.56653085378861012     
   13.421760482307992       0.56582539614843630     
   13.436517778055444       0.56472990115389743     
   13.451275073802897       0.56424402534920626     
   13.466032369550350       0.56577059210849112     
   13.480789665297802       0.56569004069873285     
   13.495546961045255       0.56549161454967867     
   13.510304256792708       0.56620448687598690     
   13.525061552540159       0.56551122322474079     
   13.539818848287611       0.56538496311714892     
   13.554576144035064       0.56559273277238120     
   13.569333439782516       0.56657262637261518     
   13.584090735529969       0.56673708198457162     
   13.598848031277422       0.56770674207500338     
   13.613605327024874       0.56879717281479991     
   13.628362622772327       0.56937901037335825     
   13.643119918519778       0.57046942378293841     
   13.657877214267231       0.57213410872255122     
   13.672634510014683       0.57265270337853014     
   13.687391805762136       0.57323189998999791     
   13.702149101509589       0.57416480481001220     
   13.716906397257041       0.57587725999957440     
   13.731663693004494       0.57607664679432968     
   13.746420988751947       0.57804411198176531     
   13.761178284499398       0.57799263243127885     
   13.775935580246850       0.57789727021660164     
   13.790692875994303       0.57667927263198471     
   13.805450171741755       0.57671544122707907     
   13.820207467489208       0.57575633512177959     
   13.834964763236661       0.57607394164355086     
   13.849722058984113       0.57675762567670796     
   13.864479354731566       0.57755895845656968     
   13.879236650479017       0.57593029882738822     
   13.893993946226470       0.57558206042869187     
   13.908751241973922       0.57506434073604273     
   13.923508537721375       0.57415828656821477     
   13.938265833468828       0.57334045339224982     
   13.953023129216280       0.57288191793403209     
   13.967780424963733       0.57239684994545303     
   13.982537720711186       0.57122391594593935     
   13.997295016458636       0.57060844699903601     
   14.012052312206089       0.57013800968529960     
   14.026809607953542       0.57044376312892031     
   14.041566903700994       0.57049089049497359     
   14.056324199448447       0.57127882888368287     
   14.071081495195900       0.57170217205951335     
   14.085838790943352       0.57274740516270817     
   14.100596086690805       0.57259818853530697     
   14.115353382438256       0.57228068773847085     
   14.130110678185709       0.57388416414215504     
   14.144867973933161       0.57334039605821518     
   14.159625269680614       0.57399348344693535     
   14.174382565428067       0.57327927672690682     
   14.189139861175519       0.57285453690511079     
   14.203897156922972       0.57192707438730739     
   14.218654452670425       0.57220973177148238     
   14.233411748417875       0.57083294318142452     
   14.248169044165328       0.56955589156465247     
   14.262926339912781       0.56957316211443443     
   14.277683635660233       0.57083786571958628     
   14.292440931407686       0.57031410080495426     
   14.307198227155139       0.57040487871523360     
   14.321955522902591       0.57054847108445916     
   14.336712818650044       0.57061907249857091     
   14.351470114397495       0.56948046513262385     
   14.366227410144948       0.56886203264134505     
   14.380984705892400       0.56742959101634804     
   14.395742001639853       0.56678433673379658     
   14.410499297387306       0.56595157801059426     
   14.425256593134758       0.56531976524590832     
   14.440013888882211       0.56456683202413915     
   14.454771184629664       0.56449685464309074     
   14.469528480377114       0.56435996302520108     
   14.484285776124567       0.56434137294818776     
   14.499043071872020       0.56461931851573399     
   14.513800367619472       0.56343311571864541     
   14.528557663366925       0.56395791097662751     
   14.543314959114378       0.56227051738832046     
   14.558072254861830       0.56389072255753170     
   14.572829550609283       0.56449726474538653     
   14.587586846356734       0.56360107760779354     
   14.602344142104187       0.56470042802513876     
   14.617101437851639       0.56451037348476174     
   14.631858733599092       0.56486250273467586     
   14.646616029346545       0.56609863323207033     
   14.661373325093997       0.56714052166854934     
   14.676130620841450       0.56804287487527683     
   14.690887916588903       0.56904592283349376     
   14.705645212336353       0.56954596531507540     
   14.720402508083806       0.56965367893047647     
   14.735159803831259       0.57121367866348283     
   14.749917099578711       0.57188612790473181     
