   9.0369611411506394E-003   0.0000000000000000     
   2.7110883423451918E-002   0.0000000000000000     
   4.5184805705753200E-002   0.0000000000000000     
   6.3258727988054472E-002   0.0000000000000000     
   8.1332650270355758E-002   0.0000000000000000     
   9.9406572552657044E-002   0.0000000000000000     
  0.11748049483495832        0.0000000000000000     
  0.13555441711725957        0.0000000000000000     
  0.15362833939956086        0.0000000000000000     
  0.17170226168186214        0.0000000000000000     
  0.18977618396416343        0.0000000000000000     
  0.20785010624646469        0.0000000000000000     
  0.22592402852876597        0.0000000000000000     
  0.24399795081106726        0.0000000000000000     
  0.26207187309336855        0.0000000000000000     
  0.28014579537566986        0.0000000000000000     
  0.29821971765797112        0.0000000000000000     
  0.31629363994027238        0.0000000000000000     
  0.33436756222257369        0.0000000000000000     
  0.35244148450487495        0.0000000000000000     
  0.37051540678717626        0.0000000000000000     
  0.38858932906947752        0.0000000000000000     
  0.40666325135177878        0.0000000000000000     
  0.42473717363408009        0.0000000000000000     
  0.44281109591638135        0.0000000000000000     
  0.46088501819868261        0.0000000000000000     
  0.47895894048098392        0.0000000000000000     
  0.49703286276328518        0.0000000000000000     
  0.51510678504558638        0.0000000000000000     
  0.53318070732788769        0.0000000000000000     
  0.55125462961018901        0.0000000000000000     
  0.56932855189249021        0.0000000000000000     
  0.58740247417479152        0.0000000000000000     
  0.60547639645709284        0.0000000000000000     
  0.62355031873939404        0.0000000000000000     
  0.64162424102169535        0.0000000000000000     
  0.65969816330399667        0.0000000000000000     
  0.67777208558629787        0.0000000000000000     
  0.69584600786859918        0.0000000000000000     
  0.71391993015090049        0.0000000000000000     
  0.73199385243320181        0.0000000000000000     
  0.75006777471550301        0.0000000000000000     
  0.76814169699780432        0.0000000000000000     
  0.78621561928010564        0.0000000000000000     
  0.80428954156240684        0.0000000000000000     
  0.82236346384470815        0.0000000000000000     
  0.84043738612700947        0.0000000000000000     
  0.85851130840931067        0.0000000000000000     
  0.87658523069161198        0.0000000000000000     
  0.89465915297391330        0.0000000000000000     
  0.91273307525621450        2.0535766619247606E-006
  0.93080699753851581        2.8191819417103067E-005
  0.94888091982081713        1.9950986217423308E-004
  0.96695484210311833        9.4595034124250190E-004
  0.98502876438541964        5.3527323499947630E-003
   1.0031026866677211        2.5169634605844714E-002
   1.0211766089500223        9.5456894653857163E-002
   1.0392505312323237       0.25898630286017560     
   1.0573244535146249       0.60258993384465076     
   1.0753983757969261        1.3352072614477626     
   1.0934722980792275        2.9996979558505124     
   1.1115462203615287        6.9829851365302495     
   1.1296201426438299        9.4478990363969153     
   1.1476940649261314        6.2532660582081618     
   1.1657679872084326        3.4886072617991366     
   1.1838419094907338        2.1436015280679279     
   1.2019158317730352        1.5197162117414433     
   1.2199897540553364        1.2449268346198201     
   1.2380636763376376        1.1431190569044793     
   1.2561375986199390        1.0900296425638911     
   1.2742115209022402        1.1450012626630701     
   1.2922854431845414        1.5553000374667365     
   1.3103593654668428       0.99077489866816726     
   1.3284332877491440       0.82958147817998484     
   1.3465072100314452       0.72138465477818137     
   1.3645811323137467       0.66691917593100647     
   1.3826550545960479       0.62900780686740121     
   1.4007289768783491       0.58479666829650145     
   1.4188028991606505       0.56410177366305370     
   1.4368768214429517       0.57351948043014567     
   1.4549507437252531       0.57125049914727744     
   1.4730246660075543       0.56661952132274129     
   1.4910985882898555       0.57738010451755417     
   1.5091725105721570       0.61474456811761535     
   1.5272464328544582       0.64606270306769598     
   1.5453203551367594       0.65026093083592351     
   1.5633942774190608       0.67443182504524257     
   1.5814681997013620       0.71358119553757671     
   1.5995421219836632       0.72713694485026592     
   1.6176160442659646       0.75349723596137541     
   1.6356899665482658       0.78740297890189270     
   1.6537638888305670       0.82321068931002972     
   1.6718378111128684       0.90777174146250961     
   1.6899117333951696       0.91476898561730724     
   1.7079856556774708       0.88342923074190294     
   1.7260595779597723       0.90268630658446358     
   1.7441335002420735       0.94017796914455487     
   1.7622074225243747       0.93252732975777364     
   1.7802813448066761       0.93981824393542401     
   1.7983552670889773       0.99944703192446516     
   1.8164291893712785        1.0558501494267509     
   1.8345031116535799        1.0386317223334767     
   1.8525770339358811       0.85537104786666251     
   1.8706509562181823       0.82709892326255863     
   1.8887248785004838       0.83176374176924062     
   1.9067988007827850       0.85756881585249523     
   1.9248727230650862       0.93474015079574579     
   1.9429466453473876       0.99818734736107895     
   1.9610205676296888        1.0211801739779267     
   1.9790944899119900       0.94562289825532797     
   1.9971684121942914       0.87690094834160370     
   2.0152423344765928       0.81354967295303382     
   2.0333162567588938       0.74924499906526543     
   2.0513901790411952       0.74145590385009841     
   2.0694641013234967       0.74334106269328248     
   2.0875380236057977       0.75495178323330137     
   2.1056119458880991       0.77746279521105166     
   2.1236858681704005       0.82141118637678567     
   2.1417597904527015       0.86738944185248346     
   2.1598337127350029       0.92525895088506538     
   2.1779076350173043        1.0066795037832419     
   2.1959815572996053        1.1062641393928307     
   2.2140554795819067        1.2406045285502816     
   2.2321294018642082        1.3575460513987025     
   2.2502033241465091        1.4059075390093339     
   2.2682772464288106        1.3532699412863616     
   2.2863511687111120        1.2329262101821066     
   2.3044250909934130        1.1184264916647568     
   2.3224990132757144        1.0271852146169309     
   2.3405729355580158       0.94747698019595417     
   2.3586468578403168       0.90944585109650389     
   2.3767207801226182       0.86261152949287778     
   2.3947947024049197       0.86306009666734262     
   2.4128686246872206       0.86326501328836724     
   2.4309425469695221       0.87235780862637202     
   2.4490164692518235       0.88267107156032754     
   2.4670903915341245       0.91615521313957826     
   2.4851643138164259       0.92722177917412241     
   2.5032382360987273       0.95206253132468388     
   2.5213121583810283       0.99293411866391834     
   2.5393860806633297        1.0154027757653110     
   2.5574600029456311        1.0469819049503659     
   2.5755339252279321        1.1760086473269968     
   2.5936078475102335        1.1151787067896279     
   2.6116817697925350        1.0956387662459521     
   2.6297556920748359        1.0594637560343827     
   2.6478296143571374        1.0442887080202619     
   2.6659035366394388        1.0509070667609135     
   2.6839774589217398        1.0590837072757338     
   2.7020513812040412        1.0716848739485567     
   2.7201253034863426        1.0932350309079797     
   2.7381992257686436        1.0974991361624211     
   2.7562731480509450        1.0911368257449063     
   2.7743470703332465        1.0967737620477043     
   2.7924209926155474        1.1270310771754648     
   2.8104949148978489        1.1468467880458320     
   2.8285688371801503        1.1830511989467452     
   2.8466427594624513        1.2153311158682825     
   2.8647166817447527        1.2280813146467318     
   2.8827906040270541        1.3589773187495657     
   2.9008645263093555        1.2451568895130800     
   2.9189384485916565        1.1817329407737456     
   2.9370123708739579        1.1461455933752602     
   2.9550862931562594        1.1247638957381103     
   2.9731602154385603        1.1193650649317914     
   2.9912341377208618        1.0836880265702822     
   3.0093080600031632        1.0613096268410800     
   3.0273819822854642        1.0154204355211121     
   3.0454559045677656       0.97491962178731184     
   3.0635298268500670       0.95501068965756353     
   3.0816037491323680       0.92328354451491812     
   3.0996776714146694       0.91536447037407165     
   3.1177515936969709       0.90740013980765299     
   3.1358255159792718       0.90292091283766107     
   3.1538994382615733       0.89077601801497752     
   3.1719733605438747       0.88145287257433791     
   3.1900472828261757       0.88992290907535188     
   3.2081212051084771       0.87532510669244645     
   3.2261951273907785       0.87308281170681379     
   3.2442690496730795       0.88432816563745009     
   3.2623429719553809       0.88354776361181664     
   3.2804168942376823       0.89406187529682390     
   3.2984908165199833       0.90763614473069487     
   3.3165647388022848       0.91628692075895257     
   3.3346386610845862       0.91876716548475246     
   3.3527125833668872       0.93362732752191768     
   3.3707865056491886       0.93926542767118881     
   3.3888604279314900       0.92576653161273104     
   3.4069343502137910       0.92013238987179435     
   3.4250082724960924       0.91784126666407673     
   3.4430821947783938       0.89686200130988081     
   3.4611561170606948       0.89590934347543438     
   3.4792300393429962       0.88862249300586993     
   3.4973039616252977       0.88068046392614474     
   3.5153778839075986       0.89501950223090943     
   3.5334518061899001       0.90103634557890711     
   3.5515257284722015       0.88998475464096349     
   3.5695996507545025       0.91036995222828210     
   3.5876735730368039       0.92168488593875542     
   3.6057474953191053       0.93507174228111589     
   3.6238214176014063       0.95929872207241496     
   3.6418953398837077       0.98695327508619068     
   3.6599692621660092        1.0038366150646032     
   3.6780431844483101       0.99080452633532456     
   3.6961171067306116        1.0072655701118816     
   3.7141910290129130        1.0122405440624618     
   3.7322649512952140        1.0101640660096087     
   3.7503388735775154        1.0357372786818908     
   3.7684127958598168        1.0427184914630063     
   3.7864867181421178        1.0711132393516687     
   3.8045606404244192        1.0874438443769230     
   3.8226345627067206        1.1106151264009003     
   3.8407084849890216        1.1462950796320943     
   3.8587824072713230        1.1796322569800708     
   3.8768563295536245        1.2237978873023594     
   3.8949302518359254        1.1762729503922562     
   3.9130041741182269        1.1495741789666025     
   3.9310780964005283        1.1489781817609557     
   3.9491520186828293        1.1423470840999643     
   3.9672259409651307        1.1564792612482406     
   3.9852998632474321        1.1498503047625102     
   4.0033737855297327        1.1540394326204342     
   4.0214477078120350        1.1688858680448586     
   4.0395216300943355        1.1943648817775288     
   4.0575955523766369        1.1884996812650426     
   4.0756694746589384        1.2281509527245447     
   4.0937433969412398        1.1786338466322848     
   4.1118173192235412        1.1228875450540095     
   4.1298912415058426        1.0944038344324971     
   4.1479651637881432        1.0669663614959062     
   4.1660390860704446        1.0360434535178471     
   4.1841130083527460        1.0153026722568450     
   4.2021869306350474       0.98975173139363148     
   4.2202608529173489       0.98997563868574479     
   4.2383347751996503       0.98266184191086858     
   4.2564086974819508       0.97359101613998111     
   4.2744826197642523       0.95336555852946092     
   4.2925565420465537       0.94610922253946128     
   4.3106304643288551       0.93647263209781639     
   4.3287043866111565       0.92839090938831337     
   4.3467783088934580       0.92461474176582481     
   4.3648522311757585       0.91509496809069435     
   4.3829261534580599       0.91191966580734352     
   4.4010000757403613       0.90629343420303210     
   4.4190739980226628       0.89807626032792653     
   4.4371479203049642       0.90352477163709588     
   4.4552218425872656       0.90314554176826112     
   4.4732957648695661       0.90834978634750785     
   4.4913696871518676       0.91520440439047168     
   4.5094436094341690       0.92636677780984433     
   4.5275175317164704       0.92667079164029698     
   4.5455914539987718       0.92743380572009781     
   4.5636653762810733       0.93642027923903637     
   4.5817392985633738       0.94505807794932761     
   4.5998132208456752       0.94914889124453794     
   4.6178871431279767       0.95188812488471708     
   4.6359610654102781       0.95525653543562183     
   4.6540349876925795       0.97230443795424426     
   4.6721089099748809       0.96236690418314275     
   4.6901828322571824       0.94631639315918226     
   4.7082567545394829       0.93758719638886101     
   4.7263306768217843       0.92312121311593920     
   4.7444045991040857       0.92188924509917358     
   4.7624785213863872       0.91258546080638858     
   4.7805524436686886       0.90869139568631097     
   4.7986263659509900       0.90482119592041510     
   4.8167002882332906       0.90023444992143198     
   4.8347742105155920       0.90691050543793983     
   4.8528481327978934       0.90580777026015513     
   4.8709220550801948       0.91418333123704165     
   4.8889959773624962       0.92458603014074148     
   4.9070698996447977       0.93258893903584972     
   4.9251438219270982       0.94490206707297286     
   4.9432177442093996       0.95708799435333503     
   4.9612916664917011       0.96973369834679879     
   4.9793655887740025       0.98817341209946186     
   4.9974395110563039        1.0024106603389973     
   5.0155134333386053        1.0189195025116782     
   5.0335873556209059        1.0306141774651965     
   5.0516612779032073        1.0440102420243647     
   5.0697352001855087        1.0562493334347425     
   5.0878091224678101        1.0685245154125453     
   5.1058830447501116        1.0878422337082019     
   5.1239569670324130        1.1110380121553189     
   5.1420308893147135        1.1276318656330921     
   5.1601048115970150        1.1537197713670397     
   5.1781787338793164        1.1374266049982134     
   5.1962526561616178        1.1395649826491268     
   5.2143265784439192        1.1402273114043397     
   5.2324005007262206        1.1416788871356438     
   5.2504744230085212        1.1418760017731171     
   5.2685483452908226        1.1429761197052282     
   5.2866222675731240        1.1415280163757822     
   5.3046961898554255        1.1409529932501032     
   5.3227701121377269        1.1592312962704565     
   5.3408440344200283        1.1236505836385215     
   5.3589179567023288        1.1052861187868923     
   5.3769918789846303        1.0849957500069496     
   5.3950658012669317        1.0659228563930856     
   5.4131397235492331        1.0559417177720258     
   5.4312136458315345        1.0541001727592667     
   5.4492875681138360        1.0396572819642953     
   5.4673614903961365        1.0287066261402209     
   5.4854354126784379        1.0269822467895657     
   5.5035093349607394        1.0106295016643725     
   5.5215832572430408       0.99747529200426066     
   5.5396571795253422       0.98556070579730548     
   5.5577311018076436       0.97279818771138316     
   5.5758050240899442       0.96437891138278609     
   5.5938789463722456       0.95883872048647900     
   5.6119528686545470       0.94984796954294348     
   5.6300267909368484       0.95971279485793426     
   5.6481007132191499       0.95753109332373687     
   5.6661746355014513       0.95405929878607143     
   5.6842485577837518       0.96226912795938857     
   5.7023224800660532       0.95880366668068384     
   5.7203964023483547       0.95969739097344298     
   5.7384703246306561       0.96407685365628015     
   5.7565442469129575       0.96041043389449920     
   5.7746181691952589       0.97035613427726963     
   5.7926920914775604       0.95570279447526019     
   5.8107660137598609       0.94085771859120693     
   5.8288399360421623       0.93180803202002438     
   5.8469138583244638       0.92986531458774002     
   5.8649877806067652       0.91661100349276248     
   5.8830617028890666       0.91536411925939121     
   5.9011356251713680       0.91156987131911782     
   5.9192095474536686       0.90571423220337954     
   5.9372834697359700       0.90447433870072258     
   5.9553573920182714       0.91095552913419009     
   5.9734313143005728       0.90940667498017902     
   5.9915052365828743       0.92030026493090067     
   6.0095791588651757       0.92626336627129835     
   6.0276530811474762       0.93753799883622768     
   6.0457270034297776       0.94018679300164154     
   6.0638009257120791       0.94735997041359021     
   6.0818748479943805       0.95279485753152104     
   6.0999487702766819       0.95820153249790541     
   6.1180226925589833       0.96269943689274506     
   6.1360966148412839       0.96442348512297493     
   6.1541705371235853       0.97206370335393633     
   6.1722444594058867       0.97142801732359263     
   6.1903183816881882       0.97316931241096472     
   6.2083923039704896       0.98066722608548396     
   6.2264662262527910       0.99223461458790041     
   6.2445401485350915        1.0060744975517362     
   6.2626140708173930        1.0130306296992546     
   6.2806879930996944        1.0275773712568423     
   6.2987619153819958        1.0432943231442302     
   6.3168358376642972        1.0565528711003007     
   6.3349097599465987        1.0683835965575568     
   6.3529836822288992        1.0798080084730368     
   6.3710576045112006        1.0887922274488118     
   6.3891315267935020        1.0979116117033900     
   6.4072054490758035        1.1124231410496028     
   6.4252793713581049        1.1228486222270406     
   6.4433532936404063        1.1292771290121024     
   6.4614272159227069        1.1555872432356398     
   6.4795011382050083        1.1299159922844975     
   6.4975750604873097        1.1217826973266345     
   6.5156489827696111        1.1181298458114013     
   6.5337229050519126        1.1243049154259270     
   6.5517968273342140        1.1133907037542259     
   6.5698707496165145        1.1143826632964331     
   6.5879446718988159        1.1220168668045172     
   6.6060185941811174        1.0928353680480054     
   6.6240925164634188        1.0729426037177969     
   6.6421664387457202        1.0483467228796024     
   6.6602403610280216        1.0356316339309963     
   6.6783142833103222        1.0201290431383037     
   6.6963882055926236        1.0020781695475456     
   6.7144621278749250       0.99091014385136011     
   6.7325360501572264       0.99141237743509636     
   6.7506099724395279       0.97780684653243588     
   6.7686838947218293       0.97207169655250769     
   6.7867578170041298       0.97343592255233868     
   6.8048317392864313       0.97183488129982887     
   6.8229056615687327       0.97863849432595340     
   6.8409795838510341       0.97049145285157123     
   6.8590535061333355       0.96883157882763682     
   6.8771274284156370       0.96461845094462673     
   6.8952013506979375       0.97187281386200286     
   6.9132752729802389       0.97091290448864886     
   6.9313491952625403       0.96457044680507720     
   6.9494231175448418       0.96945983833517635     
   6.9674970398271432       0.96074474883845074     
   6.9855709621094446       0.95843018075985620     
   7.0036448843917460       0.95423275677538677     
   7.0217188066740466       0.95790306555428462     
   7.0397927289563480       0.95263983843024613     
   7.0578666512386494       0.94562344273727550     
   7.0759405735209508       0.94493489485310733     
   7.0940144958032523       0.94127290966740562     
   7.1120884180855537       0.94296899274212631     
   7.1301623403678542       0.93823540363659408     
   7.1482362626501557       0.94422670350358928     
   7.1663101849324571       0.94479456701862352     
   7.1843841072147585       0.94576709079438537     
   7.2024580294970599       0.95002182449911921     
   7.2205319517793614       0.94991467794529583     
   7.2386058740616619       0.95433771048940830     
   7.2566797963439633       0.96178272231982720     
   7.2747537186262647       0.96374677489852689     
   7.2928276409085662       0.97131738790914801     
   7.3109015631908676       0.98031603579259130     
   7.3289754854731690       0.97990508208094340     
   7.3470494077554696       0.98131795063257787     
   7.3651233300377710       0.98677311220371233     
   7.3831972523200724       0.99409492298277902     
   7.4012711746023738        1.0002803521934209     
   7.4193450968846753        1.0073643222224697     
   7.4374190191669767        1.0079916742906212     
   7.4554929414492772        1.0204831760414461     
   7.4735668637315786        1.0288733767621943     
   7.4916407860138801        1.0320603304392681     
   7.5097147082961815        1.0340700913965462     
   7.5277886305784829        1.0466949857271324     
   7.5458625528607843        1.0447751416632485     
   7.5639364751430849        1.0341338716352180     
   7.5820103974253863        1.0255692407195878     
   7.6000843197076877        1.0267958933011414     
   7.6181582419899891        1.0235520938979770     
   7.6362321642722906        1.0333878580300204     
   7.6543060865545920        1.0349319019558578     
   7.6723800088368925        1.0392456366023344     
   7.6904539311191940        1.0450158339772115     
   7.7085278534014954        1.0476621504863290     
   7.7266017756837968        1.0541190032645495     
   7.7446756979660982        1.0704378074058050     
   7.7627496202483997        1.0519060383078267     
   7.7808235425307002        1.0531784034000646     
   7.7988974648130016        1.0538944982646019     
   7.8169713870953030        1.0503698580271958     
   7.8350453093776045        1.0473399364133604     
   7.8531192316599059        1.0622214752634846     
   7.8711931539422073        1.0368885707415920     
   7.8892670762245078        1.0315608854664877     
   7.9073409985068093        1.0247997505885273     
   7.9254149207891107        1.0163344830560110     
   7.9434888430714121        1.0100585381045251     
   7.9615627653537135        1.0104343573699208     
   7.9796366876360150        1.0013824200763271     
   7.9977106099183155       0.99853561075870001     
   8.0157845322006178       0.99695522636805700     
   8.0338584544829192       0.99333070462119533     
   8.0519323767652189       0.99322120988570561     
   8.0700062990475203       0.99198967645165337     
   8.0880802213298217       0.99061278146980680     
   8.1061541436121232       0.99459240413377092     
   8.1242280658944246       0.99673906778835331     
   8.1423019881767260        1.0079974617658634     
   8.1603759104590274        1.0163065914085192     
   8.1784498327413289        1.0159506879134499     
   8.1965237550236303        1.0115245077080819     
   8.2145976773059317        1.0064636263889646     
   8.2326715995882331        1.0058894306750288     
   8.2507455218705346        1.0018044813051856     
   8.2688194441528360        1.0006345733478028     
   8.2868933664351356       0.99081866148107922     
   8.3049672887174371       0.98497500292970375     
   8.3230412109997385       0.97475402063935079     
   8.3411151332820399       0.96931812926954042     
   8.3591890555643413       0.96879818327624601     
   8.3772629778466428       0.96352255195906655     
   8.3953369001289442       0.96296842714602082     
   8.4134108224112456       0.96207270570595382     
   8.4314847446935470       0.95865943289326894     
   8.4495586669758485       0.95803652368820924     
   8.4676325892581499       0.95877252624590914     
   8.4857065115404513       0.96165924554363458     
   8.5037804338227510       0.96119527667827453     
   8.5218543561050524       0.96393374351836081     
   8.5399282783873538       0.96537774201787097     
   8.5580022006696552       0.96762732665467821     
   8.5760761229519566       0.96686400967098773     
   8.5941500452342581       0.96716015211640205     
   8.6122239675165595       0.97605358607584314     
   8.6302978897988609       0.97548787001092563     
   8.6483718120811623       0.97917742425186671     
   8.6664457343634638       0.98335292327284729     
   8.6845196566457652       0.97878897885740612     
   8.7025935789280666       0.97666228180698700     
   8.7206675012103663       0.97361094202123100     
   8.7387414234926677       0.97315017212901433     
   8.7568153457749691       0.97456635328630592     
   8.7748892680572705       0.97605210338705606     
   8.7929631903395720       0.97516218403665278     
   8.8110371126218734       0.98141235149798089     
   8.8291110349041748       0.98365089750006696     
   8.8471849571864762       0.98832601265788311     
   8.8652588794687777       0.99031827897852520     
   8.8833328017510791       0.99221213118186258     
   8.9014067240333805        1.0010670998050371     
   8.9194806463156819        1.0028936702716162     
   8.9375545685979816        1.0053017417372976     
   8.9556284908802830        1.0134649120801931     
   8.9737024131625844        1.0173506840873223     
   8.9917763354448859        1.0239966018450251     
   9.0098502577271873        1.0315536792935569     
   9.0279241800094887        1.0457226407977485     
   9.0459981022917901        1.0468122092355907     
   9.0640720245740916        1.0465642516949347     
   9.0821459468563930        1.0508429737311114     
   9.1002198691386944        1.0507906695808173     
   9.1182937914209958        1.0557855111701211     
   9.1363677137032973        1.0659522316369958     
   9.1544416359855969        1.0477832452930833     
   9.1725155582678983        1.0449713542529833     
   9.1905894805501998        1.0371290223484242     
   9.2086634028325012        1.0325330615352701     
   9.2267373251148026        1.0269219099896383     
   9.2448112473971040        1.0269506438149105     
   9.2628851696794055        1.0277308024408269     
   9.2809590919617069        1.0226066989920508     
   9.2990330142440083        1.0266457420942110     
   9.3171069365263097        1.0309553865796626     
   9.3351808588086111        1.0278437818957324     
   9.3532547810909126        1.0204585053075905     
   9.3713287033732140        1.0191668445676461     
   9.3894026256555136        1.0130456180563405     
   9.4074765479378151        1.0151881754912999     
   9.4255504702201165        1.0021538537198589     
   9.4436243925024179       0.99599136842236813     
   9.4616983147847193       0.98881279500519270     
   9.4797722370670208       0.98192160011806717     
   9.4978461593493222       0.97860610779376500     
   9.5159200816316236       0.97531424034970715     
   9.5339940039139250       0.97145056366964255     
   9.5520679261962265       0.96952511510729034     
   9.5701418484785279       0.96772797810521505     
   9.5882157707608293       0.96894556809820753     
   9.6062896930431290       0.96697404308220980     
   9.6243636153254304       0.96731228502689859     
   9.6424375376077318       0.96476902242309914     
   9.6605114598900332       0.96623604314779099     
   9.6785853821723347       0.96342367376834026     
   9.6966593044546361       0.96510519613569745     
   9.7147332267369375       0.96465965759986860     
   9.7328071490192389       0.96464966194639290     
   9.7508810713015404       0.96494457288585578     
   9.7689549935838418       0.96878529750861997     
   9.7870289158661432       0.97294181776660782     
   9.8051028381484446       0.97076911035522218     
   9.8231767604307443       0.98107635869023768     
   9.8412506827130457       0.98444937131739729     
   9.8593246049953471       0.98109053937146773     
   9.8773985272776486       0.97615644015211567     
   9.8954724495599500       0.97297807347955700     
   9.9135463718422514       0.97282433673667934     
   9.9316202941245528       0.97567682965774238     
   9.9496942164068543       0.97375490578299551     
   9.9677681386891557       0.97821460369263502     
   9.9858420609714571       0.97887351275044709     
   10.003915983253759       0.98322297281135684     
   10.021989905536060       0.98902713923031649     
   10.040063827818360       0.99301390235885001     
   10.058137750100661       0.99389175430018295     
   10.076211672382962        1.0017922105675776     
   10.094285594665264        1.0034321964957560     
   10.112359516947565        1.0013041878394700     
   10.130433439229867        1.0011829503818939     
   10.148507361512168       0.99817223940054289     
   10.166581283794470       0.99936157154394689     
   10.184655206076771       0.99594020205716516     
   10.202729128359072       0.99815971702371087     
   10.220803050641374        1.0024761203848513     
   10.238876972923675        1.0074850094048391     
   10.256950895205975        1.0119651188632905     
   10.275024817488276        1.0171414514026806     
   10.293098739770578        1.0179386884424790     
   10.311172662052879        1.0272551695910008     
   10.329246584335181        1.0359761515270649     
   10.347320506617482        1.0350922381191088     
   10.365394428899783        1.0439130816807285     
   10.383468351182085        1.0493703768079199     
   10.401542273464386        1.0640508505998370     
   10.419616195746688        1.0566838298035033     
   10.437690118028989        1.0513210796290264     
   10.455764040311291        1.0418121522779760     
   10.473837962593592        1.0370213176435561     
   10.491911884875892        1.0360216591407543     
   10.509985807158193        1.0274896159149933     
   10.528059729440495        1.0220179199703092     
   10.546133651722796        1.0188665859612140     
   10.564207574005097        1.0187378449234150     
   10.582281496287399        1.0188754055420048     
   10.600355418569700        1.0199010234947445     
   10.618429340852002        1.0268386951484518     
   10.636503263134303        1.0287347412812651     
   10.654577185416604        1.0304595164055614     
   10.672651107698906        1.0206856540760236     
   10.690725029981207        1.0135866590809686     
   10.708798952263507        1.0104060574475087     
   10.726872874545808        1.0033110865287038     
   10.744946796828110       0.99997495665651859     
   10.763020719110411       0.99844742120662178     
   10.781094641392713       0.99347360088559411     
   10.799168563675014       0.98719003877657263     
   10.817242485957316       0.98713854872144335     
   10.835316408239617       0.98376761263623114     
   10.853390330521918       0.98728476933596254     
   10.871464252804220       0.98720406861417709     
   10.889538175086521       0.98529514645667315     
   10.907612097368823       0.98555481697316238     
   10.925686019651122       0.98805020435567859     
   10.943759941933424       0.98667874661862709     
   10.961833864215725       0.98733154892406882     
   10.979907786498027       0.98911468454298723     
   10.997981708780328       0.98980650155203287     
   11.016055631062629       0.98794841223844099     
   11.034129553344931       0.99518462371207894     
   11.052203475627232       0.98999166932349758     
   11.070277397909534       0.99090103272844310     
   11.088351320191835       0.98796449177417289     
   11.106425242474137       0.99156463380813709     
   11.124499164756438       0.98406525331834682     
   11.142573087038738       0.97699846375184141     
   11.160647009321039       0.97139233394917579     
   11.178720931603340       0.96948659446464780     
   11.196794853885642       0.96576985733423903     
   11.214868776167943       0.96537666034439296     
   11.232942698450245       0.95935709264775060     
   11.251016620732546       0.95599423632172231     
   11.269090543014848       0.95647553263352036     
   11.287164465297149       0.95958886234418195     
   11.305238387579450       0.95980804393367702     
   11.323312309861752       0.96215526371697346     
   11.341386232144053       0.96549834387970734     
   11.359460154426353       0.96927068900091307     
   11.377534076708654       0.97162711037932703     
   11.395607998990956       0.97423593784684936     
   11.413681921273257       0.97462428062518214     
   11.431755843555559       0.97853050018943244     
   11.449829765837860       0.97692005005532179     
   11.467903688120161       0.98028208557384899     
   11.485977610402463       0.98875664699023713     
   11.504051532684764       0.99611766665748136     
   11.522125454967066        1.0039543559653132     
   11.540199377249367        1.0137464065052035     
   11.558273299531669        1.0135389578001182     
   11.576347221813970        1.0169264755080172     
   11.594421144096270        1.0224124632108780     
   11.612495066378571        1.0313392502169918     
   11.630568988660873        1.0323972775045565     
   11.648642910943174        1.0343856134980098     
   11.666716833225475        1.0350588970208912     
   11.684790755507777        1.0447708537944937     
   11.702864677790078        1.0370089661510340     
   11.720938600072380        1.0354799208095316     
   11.739012522354681        1.0353039964282076     
   11.757086444636982        1.0347898359257917     
   11.775160366919284        1.0299368989714179     
   11.793234289201585        1.0298630970083242     
   11.811308211483885        1.0310947676392093     
   11.829382133766186        1.0326013883797716     
   11.847456056048488        1.0373566520677271     
   11.865529978330789        1.0354599533359583     
   11.883603900613091        1.0302783618552664     
   11.901677822895392        1.0358739544389854     
   11.919751745177694        1.0224259378323488     
   11.937825667459995        1.0165807522294479     
   11.955899589742296        1.0093748871823480     
   11.973973512024598        1.0048378127593562     
   11.992047434306899       0.99747677238572097     
   12.010121356589201       0.99603872919341974     
   12.028195278871500       0.99105049946699908     
   12.046269201153802       0.98908477899204961     
   12.064343123436103       0.98792880282590623     
   12.082417045718405       0.98490260296010346     
   12.100490968000706       0.98493310287221225     
   12.118564890283007       0.98666054100725142     
   12.136638812565309       0.98615551845956517     
   12.154712734847610       0.98251785203845621     
   12.172786657129912       0.98846762845614211     
   12.190860579412213       0.98684762582013175     
   12.208934501694515       0.99121157453478881     
   12.227008423976816       0.98832867555247550     
   12.245082346259116       0.98949306604530218     
   12.263156268541417       0.98266051420883127     
   12.281230190823718       0.97767829778932569     
   12.299304113106020       0.97364415097163970     
   12.317378035388321       0.96774570728989506     
   12.335451957670623       0.96260454311536170     
   12.353525879952924       0.96007311143583018     
   12.371599802235226       0.95616007234387801     
   12.389673724517527       0.95187085859991372     
   12.407747646799828       0.95087691839809207     
   12.425821569082130       0.94930768253598830     
   12.443895491364431       0.95084603996170325     
   12.461969413646731       0.95089692219948163     
   12.480043335929032       0.95034810189531527     
   12.498117258211334       0.95391445025459987     
   12.516191180493635       0.95626421886312973     
   12.534265102775937       0.95522851616999904     
   12.552339025058238       0.95480608385872690     
   12.570412947340539       0.95724478552806314     
   12.588486869622841       0.95949810781797795     
   12.606560791905142       0.96420223463943056     
   12.624634714187444       0.96953145755839998     
   12.642708636469745       0.97625655132641309     
   12.660782558752047       0.98128775761816578     
   12.678856481034346       0.98740967967269089     
   12.696930403316648       0.99280041236962213     
   12.715004325598949       0.99937488360144344     
   12.733078247881251        1.0025162805515506     
   12.751152170163552        1.0046280323859464     
   12.769226092445853        1.0055891544404829     
   12.787300014728155        1.0071486856954719     
   12.805373937010456        1.0156325503779386     
   12.823447859292758        1.0162952112486461     
   12.841521781575059        1.0213157298037394     
   12.859595703857361        1.0306891409609775     
   12.877669626139662        1.0334645793044646     
   12.895743548421963        1.0423670758015637     
   12.913817470704263        1.0491381731708644     
   12.931891392986564        1.0457195108454429     
   12.949965315268866        1.0496580755911920     
   12.968039237551167        1.0557813301843526     
   12.986113159833469        1.0444896773326826     
   13.004187082115770        1.0420149140551622     
   13.022261004398072        1.0358235495365096     
   13.040334926680373        1.0309813502608902     
   13.058408848962674        1.0282796326496042     
   13.076482771244976        1.0290182044133387     
   13.094556693527277        1.0246312931524206     
   13.112630615809579        1.0252653639769569     
   13.130704538091878        1.0233066903057269     
   13.148778460374180        1.0258155227640591     
   13.166852382656481        1.0285070844232487     
   13.184926304938783        1.0242791699366511     
   13.203000227221084        1.0236079872874979     
   13.221074149503385        1.0242205347740154     
   13.239148071785687        1.0192705232251873     
   13.257221994067988        1.0142521469432868     
   13.275295916350290        1.0157897140609975     
   13.293369838632591        1.0136081688170195     
   13.311443760914893        1.0117206422994727     
   13.329517683197194        1.0102683843228566     
   13.347591605479494        1.0044763595675910     
   13.365665527761795        1.0040068664898301     
   13.383739450044096        1.0026445743560959     
   13.401813372326398        1.0031055252688188     
   13.419887294608699        1.0005508578335554     
   13.437961216891001        1.0004763752186421     
   13.456035139173302       0.99952494789881241     
   13.474109061455604        1.0011817202429742     
   13.492182983737905       0.99651016420450733     
   13.510256906020206       0.99337915241556451     
   13.528330828302508       0.98811921491834598     
   13.546404750584809       0.98733950413689064     
   13.564478672867109       0.98401572891991973     
   13.582552595149410       0.98347221657128714     
   13.600626517431712       0.98049041373570645     
   13.618700439714013       0.97815128366946014     
   13.636774361996315       0.97899055028585236     
   13.654848284278616       0.97724174935799779     
   13.672922206560918       0.97897667951812306     
   13.690996128843219       0.97998293787356361     
   13.709070051125520       0.98054150431805298     
   13.727143973407822       0.98185287223703177     
   13.745217895690123       0.98456466965864731     
   13.763291817972425       0.98555367389099691     
   13.781365740254724       0.98725901898431079     
   13.799439662537026       0.98566861869049327     
   13.817513584819327       0.98771906183096625     
   13.835587507101629       0.98781101401070792     
   13.853661429383930       0.98946054299502950     
   13.871735351666231       0.99118198196319762     
   13.889809273948533       0.99101469683245813     
   13.907883196230834       0.99613393562580810     
   13.925957118513136       0.99584975131861531     
   13.944031040795437       0.99469256873459067     
   13.962104963077739       0.99535917088648640     
   13.980178885360040       0.99539377131816253     
   13.998252807642341       0.99546965752925476     
   14.016326729924641       0.99324269542599875     
   14.034400652206942       0.99518558714724803     
   14.052474574489244       0.99598918833711991     
   14.070548496771545       0.99680218128178455     
   14.088622419053847       0.99879489334030247     
   14.106696341336148        1.0000974175600046     
   14.124770263618450        1.0041804043233540     
   14.142844185900751        1.0028227567093702     
   14.160918108183052        1.0087232031605187     
   14.178992030465354        1.0121859009605538     
   14.197065952747655        1.0208180659636668     
   14.215139875029957        1.0217469438641125     
   14.233213797312256        1.0245891524554793     
   14.251287719594558        1.0291815577447889     
   14.269361641876859        1.0239924585179874     
   14.287435564159161        1.0213664261628996     
   14.305509486441462        1.0206840905506782     
   14.323583408723763        1.0191120665826436     
   14.341657331006065        1.0211314221362811     
   14.359731253288366        1.0206341778498944     
   14.377805175570668        1.0248275550554520     
   14.395879097852969        1.0268080416888024     
   14.413953020135271        1.0351492011832788     
   14.432026942417572        1.0401779028338041     
   14.450100864699872        1.0327926744712901     
   14.468174786982173        1.0311985632128482     
   14.486248709264474        1.0235268681792855     
   14.504322631546776        1.0201933571574446     
   14.522396553829077        1.0160932231997470     
   14.540470476111379        1.0148151290034149     
   14.558544398393680        1.0142544959816511     
   14.576618320675982        1.0123673326605258     
   14.594692242958283        1.0103312435231966     
   14.612766165240584        1.0061383425549959     
   14.630840087522886        1.0085912951553666     
   14.648914009805187        1.0087901947414801     
   14.666987932087487        1.0077216447527306     
   14.685061854369788        1.0058047645755239     
   14.703135776652090        1.0066254027351049     
   14.721209698934391        1.0096658344091631     
   14.739283621216693        1.0050247206583360     
   14.757357543498994       0.99767017828659521     
   14.775431465781296       0.99162072009797453     
   14.793505388063597       0.98563735805247132     
   14.811579310345898       0.98232002029512877     
   14.829653232628200       0.98162634957668282     
   14.847727154910501       0.97939323773226117     
   14.865801077192803       0.97815293433166040     
   14.883874999475102       0.97376996898717838     
   14.901948921757404       0.97341429441939431     
   14.920022844039705       0.97292744691512434     
   14.938096766322007       0.97305522793868349     
   14.956170688604308       0.97339550030127786     
   14.974244610886609       0.97439010540722415     
   14.992318533168911       0.97471182026853398     
   15.010392455451212       0.97397834705397202     
   15.028466377733514       0.97616423950193654     
   15.046540300015815       0.97687294587466111     
   15.064614222298117       0.97570292349202137     
   15.082688144580418       0.97686159428541119     
   15.100762066862719       0.97761048880800927     
   15.118835989145019       0.98150768978105385     
   15.136909911427320       0.97652494567454451     
   15.154983833709622       0.97540609789190302     
   15.173057755991923       0.97444544316815629     
   15.191131678274225       0.97396358965720775     
   15.209205600556526       0.97812406224258130     
   15.227279522838828       0.97783975051980809     
   15.245353445121129       0.98032130928306294     
   15.263427367403430       0.98209849777722691     
   15.281501289685732       0.98302392965286367     
   15.299575211968033       0.98596627999624742     
   15.317649134250335       0.98778325679323054     
   15.335723056532634       0.98641890433047696     
   15.353796978814936       0.98827636165438337     
   15.371870901097237       0.98799034733654700     
   15.389944823379539       0.98967145338540741     
   15.408018745661840       0.99463994603972283     
   15.426092667944141       0.99757723996063052     
   15.444166590226443        1.0002548575826948     
   15.462240512508744        1.0066447074690241     
   15.480314434791046        1.0135253906080433     
   15.498388357073347        1.0196542295872992     
   15.516462279355649        1.0209978487688682     
   15.534536201637950        1.0295944771686689     
   15.552610123920250        1.0374155985405475     
   15.570684046202551        1.0345527136233286     
   15.588757968484853        1.0336733068414359     
   15.606831890767154        1.0341041770112169     
   15.624905813049455        1.0333571205272538     
   15.642979735331757        1.0330462635768123     
   15.661053657614058        1.0308397414704409     
   15.679127579896360        1.0339010529274788     
   15.697201502178661        1.0349112930541600     
   15.715275424460962        1.0301345945730001     
   15.733349346743264        1.0250360119915471     
   15.751423269025565        1.0245272900392242     
   15.769497191307865        1.0205379591190240     
   15.787571113590166        1.0165084917694056     
   15.805645035872468        1.0138310171997478     
   15.823718958154769        1.0068320963434036     
   15.841792880437071        1.0005984527741369     
   15.859866802719372        1.0001755407163981     
   15.877940725001674       0.99832910001923569     
   15.896014647283975       0.99664993363233090     
   15.914088569566276       0.99565558750199556     
   15.932162491848578       0.99595961178962644     
   15.950236414130879       0.99662347834128762     
   15.968310336413181        1.0018588667629236     
   15.986384258695480       0.99902644249991046     
   16.004458180977782       0.99545158018518376     
   16.022532103260083       0.99728531317547986     
   16.040606025542385       0.99545641318854949     
   16.058679947824686       0.99416212192327058     
   16.076753870106987       0.99178331829325361     
   16.094827792389285       0.99068308980790132     
   16.112901714671587       0.99279130482619993     
   16.130975636953888       0.99286541888276258     
   16.149049559236190       0.99043952185679607     
   16.167123481518491       0.99134991806455730     
   16.185197403800792       0.99137107970149840     
   16.203271326083094       0.98747451618043691     
   16.221345248365395       0.98749047360306408     
   16.239419170647697       0.98670652910990275     
   16.257493092929998       0.98800950819441702     
   16.275567015212300       0.98649462779775365     
   16.293640937494601       0.98982891585141208     
   16.311714859776902       0.99220459591574373     
   16.329788782059204       0.99603171668998569     
   16.347862704341505       0.99268797985607748     
   16.365936626623807       0.99064706108711009     
   16.384010548906108       0.98944269259072026     
   16.402084471188410       0.98818384026653916     
   16.420158393470711       0.98509473239559942     
   16.438232315753012       0.98347866333903522     
   16.456306238035314       0.98423149793783260     
   16.474380160317615       0.98481167733308483     
   16.492454082599917       0.98440217108622330     
   16.510528004882218       0.98513279064497783     
   16.528601927164519       0.98488293107513103     
   16.546675849446817       0.98721611954052835     
   16.564749771729119       0.98914738548426251     
   16.582823694011420       0.98864416957691637     
   16.600897616293722       0.98952471575120815     
   16.618971538576023       0.99366316565969259     
   16.637045460858324       0.99715563133874352     
   16.655119383140626        1.0026999992864720     
   16.673193305422927        1.0028648362461543     
   16.691267227705229        1.0073033129217956     
   16.709341149987530        1.0102808698748282     
   16.727415072269832        1.0144067048559418     
   16.745488994552133        1.0205812918811170     
   16.763562916834434        1.0269544481552160     
   16.781636839116736        1.0348280791705420     
   16.799710761399037        1.0359881412072520     
   16.817784683681339        1.0383785863282977     
   16.835858605963640        1.0409341253892364     
   16.853932528245942        1.0341523456597408     
   16.872006450528243        1.0314672200479658     
   16.890080372810544        1.0270579714017614     
   16.908154295092846        1.0254593650271207     
   16.926228217375147        1.0235834532200405     
   16.944302139657449        1.0225500378759287     
   16.962376061939750        1.0205217701168465     
   16.980449984222048        1.0214032332753842     
   16.998523906504349        1.0158065409957489     
   17.016597828786651        1.0134741177213611     
   17.034671751068952        1.0121962438044598     
   17.052745673351254        1.0127597513215600     
   17.070819595633555        1.0108319228901346     
   17.088893517915857        1.0088671507827298     
   17.106967440198158        1.0105878881509045     
   17.125041362480459        1.0098297399219149     
   17.143115284762761        1.0091621901877061     
   17.161189207045062        1.0101279219587243     
   17.179263129327364        1.0081083257231913     
   17.197337051609665        1.0103475753421030     
   17.215410973891967        1.0114842045035766     
   17.233484896174268        1.0089765169457909     
   17.251558818456569        1.0055260112869491     
   17.269632740738871        1.0028215288372886     
   17.287706663021172        1.0013528570991936     
   17.305780585303474        1.0018750434431145     
   17.323854507585775       0.99937131175789717     
   17.341928429868076       0.99655190052432463     
   17.360002352150378       0.99769914815478478     
   17.378076274432679       0.99545510600823928     
   17.396150196714981       0.99363399716750855     
   17.414224118997282       0.99217261506020271     
   17.432298041279580       0.98954678207343361     
   17.450371963561881       0.98763143625913652     
   17.468445885844183       0.98570707059117790     
   17.486519808126484       0.98720216192837973     
   17.504593730408786       0.98528638947147140     
   17.522667652691087       0.98649857391875084     
   17.540741574973389       0.98601926385701266     
   17.558815497255690       0.98649057019071285     
   17.576889419537991       0.98362153292802323     
   17.594963341820293       0.98228601049391118     
   17.613037264102594       0.98058427323737851     
   17.631111186384896       0.98098469502443608     
   17.649185108667197       0.97978798415472779     
   17.667259030949499       0.97755698386233192     
   17.685332953231800       0.97746771668847932     
   17.703406875514101       0.97888461316303255     
   17.721480797796403       0.97758249469509240     
   17.739554720078704       0.97905999454515091     
   17.757628642361006       0.98088661088728679     
   17.775702564643307       0.98216520318223788     
   17.793776486925609       0.98183605200945601     
   17.811850409207910       0.98601989459523265     
   17.829924331490211       0.98632445449306427     
   17.847998253772513       0.98805339156298300     
   17.866072176054811       0.98881038683653721     
   17.884146098337112       0.99182725295705843     
   17.902220020619414       0.99713536088789256     
   17.920293942901715        1.0001094000495647     
   17.938367865184016        1.0058481887175965     
   17.956441787466318        1.0088328363944710     
   17.974515709748619        1.0109089456613722     
   17.992589632030921        1.0095069800148075     
   18.010663554313222        1.0111468763734726     
   18.028737476595524        1.0131899899622758     
   18.046811398877825        1.0173910942311719     
   18.064885321160126        1.0229219525681115     
