   9.8994949366116650E-003   0.0000000000000000     
   2.9698484809834995E-002   0.0000000000000000     
   4.9497474683058325E-002   0.0000000000000000     
   6.9296464556281662E-002   0.0000000000000000     
   8.9095454429504978E-002   0.0000000000000000     
  0.10889444430272832        0.0000000000000000     
  0.12869343417595164        0.0000000000000000     
  0.14849242404917498        0.0000000000000000     
  0.16829141392239830        0.0000000000000000     
  0.18809040379562161        0.0000000000000000     
  0.20788939366884496        0.0000000000000000     
  0.22768838354206830        0.0000000000000000     
  0.24748737341529162        0.0000000000000000     
  0.26728636328851496        0.0000000000000000     
  0.28708535316173833        0.0000000000000000     
  0.30688434303496165        0.0000000000000000     
  0.32668333290818496        0.0000000000000000     
  0.34648232278140828        0.0000000000000000     
  0.36628131265463160        0.0000000000000000     
  0.38608030252785497        0.0000000000000000     
  0.40587929240107828        0.0000000000000000     
  0.42567828227430160        0.0000000000000000     
  0.44547727214752497        0.0000000000000000     
  0.46527626202074829        0.0000000000000000     
  0.48507525189397160        0.0000000000000000     
  0.50487424176719486        0.0000000000000000     
  0.52467323164041824        0.0000000000000000     
  0.54447222151364161        0.0000000000000000     
  0.56427121138686498        0.0000000000000000     
  0.58407020126008824        0.0000000000000000     
  0.60386919113331161        0.0000000000000000     
  0.62366818100653487        0.0000000000000000     
  0.64346717087975824        0.0000000000000000     
  0.66326616075298162        0.0000000000000000     
  0.68306515062620488        0.0000000000000000     
  0.70286414049942825        0.0000000000000000     
  0.72266313037265151        0.0000000000000000     
  0.74246212024587488        0.0000000000000000     
  0.76226111011909825        0.0000000000000000     
  0.78206009999232151        0.0000000000000000     
  0.80185908986554488        0.0000000000000000     
  0.82165807973876825        0.0000000000000000     
  0.84145706961199151        0.0000000000000000     
  0.86125605948521489        0.0000000000000000     
  0.88105504935843826        0.0000000000000000     
  0.90085403923166152        0.0000000000000000     
  0.92065302910488489        6.6906852533677359E-006
  0.94045201897810815        6.9864839698323929E-005
  0.96025100885133152        3.6564250028971499E-004
  0.98004999872455489        2.9435635980851675E-003
  0.99984898859777815        1.6428613295398041E-002
   1.0196479784710013        6.6339378491217821E-002
   1.0394469683442247       0.22093050519816879     
   1.0592459582174480       0.59841438882306774     
   1.0790449480906714        1.4982950527051004     
   1.0988439379638948        3.8851582640676909     
   1.1186429278371182        9.5795782598709902     
   1.1384419177103413        7.6599605207126915     
   1.1582409075835647        3.5631230592327769     
   1.1780398974567881        1.8506991468606573     
   1.1978388873300114        1.2534307082742295     
   1.2176378772032348       0.96403396662512286     
   1.2374368670764579       0.84094639521825953     
   1.2572358569496813       0.77697231468894423     
   1.2770348468229047       0.73581148201464019     
   1.2968338366961281       0.72248619029066929     
   1.3166328265693514       0.72256462871569327     
   1.3364318164425746       0.76515390230608060     
   1.3562308063157980       0.86270057051602378     
   1.3760297961890213       0.92397082973270017     
   1.3958287860622447        1.0798005823206840     
   1.4156277759354681        1.5838734744194243     
   1.4354267658086912        1.0475369189368002     
   1.4552257556819146       0.94425449818343687     
   1.4750247455551380       0.86306880599597580     
   1.4948237354283613       0.75753041737059490     
   1.5146227253015847       0.69222621143781882     
   1.5344217151748081       0.67570167069697151     
   1.5542207050480312       0.68172640690372821     
   1.5740196949212546       0.70219793728631730     
   1.5938186847944780       0.68982789316772553     
   1.6136176746677013       0.70206924259957071     
   1.6334166645409247       0.73214408874633963     
   1.6532156544141479       0.73208592628313862     
   1.6730146442873712       0.74509482146065209     
   1.6928136341605946       0.74791523828301609     
   1.7126126240338180       0.77869493911943910     
   1.7324116139070413       0.81352496962296683     
   1.7522106037802647       0.83834218183831510     
   1.7720095936534879       0.84241756432254700     
   1.7918085835267112       0.82983175612802496     
   1.8116075733999346       0.85982500734508038     
   1.8314065632731580       0.90106507089627630     
   1.8512055531463814       0.91230001542163897     
   1.8710045430196045       0.96811666783754158     
   1.8908035328928279        1.0363916295566817     
   1.9106025227660512        1.1434377631329320     
   1.9304015126392746        1.2358614860190513     
   1.9502005025124980        1.3889636053653289     
   1.9699994923857211        1.4205867012661537     
   1.9897984822589445        1.4940997866108208     
   2.0095974721321679        1.4223976950481878     
   2.0293964620053910        1.1397885205010410     
   2.0491954518786146        1.0065837953459809     
   2.0689944417518378       0.96941732394077418     
   2.0887934316250614       0.94986288695603538     
   2.1085924214982845       0.93580836738454698     
   2.1283914113715077       0.93725474772775219     
   2.1481904012447313       0.96493827373812813     
   2.1679893911179544        1.0017375838221250     
   2.1877883809911780        1.0740795903777187     
   2.2075873708644012        1.1654874880760770     
   2.2273863607376247        1.2080875251297560     
   2.2471853506108479        1.1488353411699563     
   2.2669843404840710        1.0581116254625689     
   2.2867833303572946       0.96753394101238754     
   2.3065823202305178       0.86425505348704590     
   2.3263813101037414       0.78681410846765376     
   2.3461802999769645       0.74541325284271265     
   2.3659792898501877       0.71295748897844313     
   2.3857782797234113       0.68974221528827973     
   2.4055772695966344       0.66929559563013241     
   2.4253762594698580       0.66005453376533374     
   2.4451752493430812       0.66380330818370448     
   2.4649742392163043       0.67524937499979631     
   2.4847732290895279       0.67130094844150157     
   2.5045722189627511       0.67791913832954498     
   2.5243712088359747       0.68530382731682427     
   2.5441701987091978       0.68657882965868855     
   2.5639691885824210       0.69618184275787054     
   2.5837681784556445       0.72103220660103218     
   2.6035671683288677       0.73776336810491727     
   2.6233661582020913       0.75496440104706297     
   2.6431651480753144       0.78324233778215457     
   2.6629641379485376       0.79853097185290967     
   2.6827631278217612       0.84318946132459482     
   2.7025621176949843       0.90198135179640193     
   2.7223611075682079       0.95981853010114027     
   2.7421600974414311        1.0111552673349049     
   2.7619590873146542        1.0651057970825453     
   2.7817580771878778        1.1475695007983033     
   2.8015570670611010        1.2289555880274263     
   2.8213560569343246        1.3488600828106441     
   2.8411550468075477        1.2923895718473755     
   2.8609540366807709        1.2936052618479077     
   2.8807530265539945        1.2766083594813198     
   2.9005520164272176        1.2712334178894342     
   2.9203510063004412        1.2549793401498550     
   2.9401499961736643        1.2386767028309469     
   2.9599489860468879        1.2179930421312921     
   2.9797479759201111        1.2252388500438622     
   2.9995469657933342        1.2130751152211061     
   3.0193459556665578        1.2248041912669609     
   3.0391449455397810        1.2233108347486041     
   3.0589439354130046        1.2385646271275077     
   3.0787429252862277        1.2389027001798680     
   3.0985419151594509        1.2625659103687041     
   3.1183409050326745        1.2938175055095686     
   3.1381398949058976        1.3391928914615590     
   3.1579388847791212        1.4532102931637698     
   3.1777378746523444        1.3318450969120816     
   3.1975368645255675        1.2625417736980029     
   3.2173358543987911        1.1877612233300099     
   3.2371348442720143        1.1338088019249877     
   3.2569338341452378        1.1004313814769489     
   3.2767328240184610        1.0795880514585343     
   3.2965318138916841        1.0428830376260687     
   3.3163308037649077        1.0098320955867834     
   3.3361297936381309       0.98699748003592269     
   3.3559287835113545       0.94308729644003986     
   3.3757277733845776       0.91734708196286618     
   3.3955267632578008       0.89503695917934534     
   3.4153257531310244       0.87732611078580380     
   3.4351247430042475       0.84063059456579348     
   3.4549237328774711       0.81947290599441192     
   3.4747227227506943       0.80567567727543843     
   3.4945217126239179       0.79606726519834048     
   3.5143207024971410       0.79470464872346258     
   3.5341196923703642       0.77935965519482653     
   3.5539186822435878       0.78070054008152234     
   3.5737176721168109       0.77460745012466659     
   3.5935166619900345       0.77445243972746047     
   3.6133156518632576       0.77723470747321799     
   3.6331146417364808       0.77269391323318992     
   3.6529136316097044       0.77793268322626830     
   3.6727126214829275       0.78031911169511270     
   3.6925116113561511       0.78711009688769118     
   3.7123106012293743       0.79422023733137215     
   3.7321095911025974       0.80397494176151851     
   3.7519085809758210       0.81280744711972197     
   3.7717075708490442       0.82159077367999422     
   3.7915065607222678       0.83347747628882984     
   3.8113055505954909       0.84720219844261402     
   3.8311045404687141       0.87763414479338486     
   3.8509035303419377       0.89103763292080196     
   3.8707025202151608       0.90595055978301775     
   3.8905015100883844       0.93147069755969936     
   3.9103004999616076       0.97170066910271247     
   3.9300994898348307       0.99157777276261239     
   3.9498984797080543        1.0141723603047477     
   3.9696974695812774        1.0412778865018799     
   3.9894964594545010        1.0718668203090942     
   4.0092954493277242        1.0763286368850671     
   4.0290944392009473        1.0631742329637199     
   4.0488934290741705        1.0723683587064519     
   4.0686924189473945        1.0629483034134426     
   4.0884914088206177        1.0675064948724708     
   4.1082903986938408        1.0713255494528331     
   4.1280893885670640        1.0898968396818005     
   4.1478883784402871        1.1163125548022470     
   4.1676873683135112        1.1335827463147248     
   4.1874863581867343        1.1494878179163122     
   4.2072853480599575        1.1713108276261650     
   4.2270843379331806        1.2071557774809367     
   4.2468833278064038        1.2606213602645309     
   4.2666823176796278        1.2144924420570116     
   4.2864813075528510        1.2070817003543419     
   4.3062802974260741        1.1929846489977558     
   4.3260792872992972        1.1849176484142725     
   4.3458782771725204        1.1644747520519707     
   4.3656772670457444        1.1593526556709548     
   4.3854762569189676        1.1640817887107109     
   4.4052752467921907        1.1617374046029876     
   4.4250742366654139        1.1597337003224391     
   4.4448732265386379        1.1691499214862289     
   4.4646722164118611        1.2040379010941187     
   4.4844712062850842        1.1394871493855094     
   4.5042701961583074        1.1251499230722080     
   4.5240691860315305        1.0824720147943607     
   4.5438681759047546        1.0546599610865495     
   4.5636671657779777        1.0166516271008008     
   4.5834661556512009       0.99744156283170771     
   4.6032651455244240       0.97217128682189780     
   4.6230641353976472       0.95896077377995648     
   4.6428631252708712       0.94836601699968581     
   4.6626621151440943       0.94045497836702674     
   4.6824611050173175       0.93292173830885261     
   4.7022600948905406       0.92342410908941530     
   4.7220590847637638       0.93210786468531326     
   4.7418580746369878       0.90987631664935353     
   4.7616570645102110       0.90531644080386864     
   4.7814560543834341       0.89927760635304255     
   4.8012550442566573       0.89580359841154000     
   4.8210540341298804       0.89504935982399880     
   4.8408530240031045       0.89018911909915788     
   4.8606520138763276       0.89196888169919619     
   4.8804510037495508       0.89432151862905274     
   4.9002499936227739       0.89959200374773995     
   4.9200489834959971       0.90096355680264395     
   4.9398479733692211       0.90624664029161084     
   4.9596469632424443       0.90141422937918581     
   4.9794459531156674       0.90736975749983717     
   4.9992449429888905       0.91884166301297698     
   5.0190439328621137       0.94093971703846624     
   5.0388429227353377       0.94822063424804071     
   5.0586419126085609       0.96428733945755729     
   5.0784409024817840       0.98173442019839818     
   5.0982398923550072        1.0024024271042242     
   5.1180388822282303       0.98406765650130679     
   5.1378378721014544       0.97442361383826570     
   5.1576368619746775       0.96234318129653673     
   5.1774358518479007       0.94528248971624895     
   5.1972348417211238       0.93600387647721672     
   5.2170338315943470       0.93215650231193703     
   5.2368328214675710       0.93556036555697153     
   5.2566318113407942       0.93475950499730465     
   5.2764308012140173       0.93516164711168515     
   5.2962297910872405       0.93367779861857081     
   5.3160287809604636       0.94297184807666456     
   5.3358277708336876       0.94632476253698627     
   5.3556267607069108       0.95097288078898623     
   5.3754257505801339       0.95145152097811092     
   5.3952247404533571       0.96262183749233809     
   5.4150237303265802       0.96717037999777256     
   5.4348227201998043       0.97380447456132302     
   5.4546217100730274       0.98387725145573768     
   5.4744206999462506       0.99433099850615092     
   5.4942196898194737       0.99532993049106433     
   5.5140186796926969        1.0093856181404683     
   5.5338176695659209        1.0193205122891120     
   5.5536166594391441        1.0319855454738716     
   5.5734156493123672        1.0466774434343349     
   5.5932146391855904        1.0542254599858245     
   5.6130136290588135        1.0761607325456117     
   5.6328126189320376        1.0949808159737018     
   5.6526116088052607        1.1348794930253328     
   5.6724105986784839        1.1105684779326961     
   5.6922095885517070        1.1121892235987807     
   5.7120085784249301        1.1030776931803303     
   5.7318075682981542        1.1086209739675532     
   5.7516065581713773        1.1242260546854268     
   5.7714055480446005        1.1275782363399367     
   5.7912045379178236        1.1379729522183517     
   5.8110035277910477        1.1494395404918230     
   5.8308025176642708        1.1819658926200707     
   5.8506015075374940        1.1509839461402014     
   5.8704004974107171        1.1347846843853113     
   5.8901994872839403        1.1173466750373870     
   5.9099984771571643        1.1014412500312445     
   5.9297974670303875        1.0945977717449527     
   5.9495964569036106        1.0866347486288583     
   5.9693954467768338        1.0687560818366455     
   5.9891944366500569        1.0667047086596471     
   6.0089934265232809        1.0538770268782551     
   6.0287924163965041        1.0398874288234989     
   6.0485914062697272        1.0305385451021172     
   6.0683903961429504        1.0199723626195314     
   6.0881893860161735        1.0158759852090193     
   6.1079883758893976        1.0010106950863769     
   6.1277873657626207       0.99486193195140749     
   6.1475863556358439       0.98876479821630714     
   6.1673853455090670       0.98992425656592742     
   6.1871843353822902       0.99251523062050828     
   6.2069833252555142       0.99042838056143379     
   6.2267823151287374       0.99090572887266493     
   6.2465813050019605       0.98802399923978412     
   6.2663802948751837       0.98465587719692205     
   6.2861792847484068       0.98405855882422655     
   6.3059782746216309       0.99186823986920647     
   6.3257772644948540       0.99143125882703032     
   6.3455762543680772       0.98176218894414258     
   6.3653752442413003       0.96714152932450137     
   6.3851742341145235       0.96397510402814679     
   6.4049732239877475       0.94920168452052023     
   6.4247722138609706       0.94045786346089255     
   6.4445712037341938       0.93897108706168531     
   6.4643701936074169       0.94081453893338074     
   6.4841691834806401       0.93499531650187817     
   6.5039681733538641       0.93480531279467272     
   6.5237671632270873       0.93056108473342125     
   6.5435661531003104       0.92525778896513000     
   6.5633651429735336       0.92652573059124665     
   6.5831641328467567       0.92560838339914675     
   6.6029631227199808       0.92391602446669752     
   6.6227621125932039       0.92292112466898402     
   6.6425611024664271       0.92794491800869439     
   6.6623600923396502       0.92339485318779435     
   6.6821590822128734       0.92862653292238517     
   6.7019580720860974       0.92338504940674737     
   6.7217570619593205       0.92547660226003026     
   6.7415560518325437       0.93411719210805033     
   6.7613550417057668       0.93801385352602107     
   6.7811540315789900       0.94171759266057720     
   6.8009530214522140       0.94865615378766932     
   6.8207520113254372       0.96249172194972299     
   6.8405510011986603       0.96609575537081949     
   6.8603499910718835       0.97551134255211691     
   6.8801489809451066       0.98200807668468504     
   6.8999479708183307       0.99698329087495241     
   6.9197469606915538        1.0060148518274878     
   6.9395459505647770        1.0234605700364021     
   6.9593449404380001        1.0451399420714087     
   6.9791439303112242        1.0590862302665944     
   6.9989429201844473        1.0790395355483906     
   7.0187419100576705        1.0897676314704940     
   7.0385408999308936        1.1182033105094293     
   7.0583398898041168        1.1476375329448136     
   7.0781388796773408        1.1600948842184748     
   7.0979378695505639        1.1489605099599778     
   7.1177368594237871        1.1388406133384212     
   7.1375358492970102        1.1425189339951460     
   7.1573348391702334        1.1416049638357724     
   7.1771338290434574        1.1393437149670282     
   7.1969328189166806        1.1425252592096251     
   7.2167318087899037        1.1490594234723326     
   7.2365307986631269        1.1116249539909935     
   7.2563297885363500        1.0898116741871227     
   7.2761287784095741        1.0738896290812729     
   7.2959277682827972        1.0582467764880392     
   7.3157267581560204        1.0515601260405953     
   7.3355257480292435        1.0301058383322963     
   7.3553247379024667        1.0248711526965133     
   7.3751237277756907        1.0179278864024983     
   7.3949227176489138        1.0095146667469626     
   7.4147217075221370       0.99927746097740522     
   7.4345206973953601       0.99838741221373117     
   7.4543196872685833       0.99352354167482182     
   7.4741186771418073       0.98710856510700018     
   7.4939176670150305       0.98551328746286049     
   7.5137166568882536       0.98296041082937446     
   7.5335156467614768       0.98500607669922347     
   7.5533146366346999       0.98792339949027752     
   7.5731136265079240       0.98668537722302496     
   7.5929126163811471       0.98497625174094039     
   7.6127116062543703       0.98499815003981006     
   7.6325105961275934       0.96930752427303712     
   7.6523095860008166       0.96156174171118169     
   7.6721085758740406       0.95653569063960486     
   7.6919075657472638       0.94372676069679140     
   7.7117065556204869       0.94027237728703317     
   7.7315055454937101       0.93500377464604878     
   7.7513045353669332       0.92601729418939549     
   7.7711035252401572       0.92106841243196214     
   7.7909025151133804       0.91859830348010385     
   7.8107015049866035       0.91642436330754073     
   7.8305004948598267       0.91373751301797468     
   7.8502994847330498       0.91358584456136460     
   7.8700984746062739       0.90792667057447130     
   7.8898974644794970       0.91058610292172792     
   7.9096964543527202       0.90986509852250508     
   7.9294954442259433       0.91015238331161619     
   7.9492944340991665       0.91436975202145832     
   7.9690934239723905       0.91548591466523799     
   7.9888924138456137       0.92090771737975030     
   8.0086914037188368       0.92349227750456986     
   8.0284903935920600       0.92865046482857239     
   8.0482893834652831       0.92574015645415320     
   8.0680883733385063       0.93282099432163856     
   8.0878873632117294       0.93723860163834749     
   8.1076863530849543       0.94498309665194824     
   8.1274853429581775       0.95416043315710386     
   8.1472843328314006       0.96375209108054838     
   8.1670833227046238       0.97780045633770740     
   8.1868823125778469       0.98353082123844582     
   8.2066813024510701       0.99263643204328034     
   8.2264802923242932        1.0018297483616707     
   8.2462792821975164        1.0162017981312061     
   8.2660782720707395        1.0155674159255355     
   8.2858772619439627        1.0129467016662379     
   8.3056762518171876        1.0178300078604525     
   8.3254752416904108        1.0179802989185269     
   8.3452742315636339        1.0222352908472574     
   8.3650732214368571        1.0278427368615810     
   8.3848722113100802        1.0297809037346006     
   8.4046712011833034        1.0399675449917833     
   8.4244701910565265        1.0480585154764002     
   8.4442691809297497        1.0591937779100020     
   8.4640681708029728        1.0648723665081343     
   8.4838671606761960        1.0806024104263907     
   8.5036661505494209        1.0740357796569298     
   8.5234651404226440        1.0687265379500661     
   8.5432641302958672        1.0731957607239768     
   8.5630631201690903        1.0754728527389261     
   8.5828621100423135        1.0814962859186303     
   8.6026610999155366        1.0884794044595447     
   8.6224600897887598        1.0731864907611977     
   8.6422590796619829        1.0615276523307220     
   8.6620580695352061        1.0503668011520364     
   8.6818570594084292        1.0370032380822649     
   8.7016560492816541        1.0307321770481908     
   8.7214550391548773        1.0207411187784430     
   8.7412540290281004        1.0168412521428347     
   8.7610530189013236        1.0099589314358139     
   8.7808520087745467        1.0063247428166278     
   8.8006509986477699        1.0024707978159089     
   8.8204499885209930        1.0044679739567210     
   8.8402489783942162        1.0076625804344415     
   8.8600479682674393        1.0090473536880462     
   8.8798469581406643        1.0087532506609527     
   8.8996459480138874        1.0094338355601227     
   8.9194449378871106        1.0137778128292654     
   8.9392439277603337        1.0239502584514024     
   8.9590429176335569        1.0176067692846047     
   8.9788419075067800        1.0102260721657548     
   8.9986408973800032        1.0000539572766878     
   9.0184398872532263       0.99615567341296563     
   9.0382388771264495       0.98854061183609965     
   9.0580378669996726       0.99528404331905285     
   9.0778368568728975       0.98532215045315696     
   9.0976358467461207       0.98144675487797817     
   9.1174348366193438       0.97812079379970651     
   9.1372338264925670       0.97860961363526622     
   9.1570328163657901       0.97204119820104429     
   9.1768318062390133       0.96906962804627927     
   9.1966307961122364       0.96399632958101389     
   9.2164297859854596       0.96247393841100393     
   9.2362287758586827       0.96145692815597794     
   9.2560277657319059       0.95901279842595821     
   9.2758267556051308       0.95864945191184281     
   9.2956257454783540       0.95759628239026384     
   9.3154247353515771       0.95940814558683729     
   9.3352237252248003       0.96211609080260696     
   9.3550227150980234       0.96700015885090240     
   9.3748217049712466       0.97160033610070340     
   9.3946206948444697       0.97446937998591032     
   9.4144196847176929       0.97900571135208758     
   9.4342186745909160       0.98225241820492415     
   9.4540176644641392       0.98466760927974972     
   9.4738166543373641       0.98833602853670577     
   9.4936156442105872       0.99862609026749849     
   9.5134146340838104       0.99695764257723407     
   9.5332136239570335       0.99999615431825717     
   9.5530126138302567       0.99135072890230636     
   9.5728116037034798       0.98816013983842566     
   9.5926105935767030       0.98514860760567058     
   9.6124095834499261       0.98534502421137038     
   9.6322085733231493       0.98267034312793511     
   9.6520075631963724       0.98045336700285779     
   9.6718065530695974       0.98894975586409972     
   9.6916055429428205       0.99536803748042246     
   9.7114045328160437        1.0008135838667225     
   9.7312035226892668        1.0077548925068138     
   9.7510025125624900        1.0161596894817477     
   9.7708015024357131        1.0186239322613708     
   9.7906004923089363        1.0274490261677380     
   9.8103994821821594        1.0323347306922106     
   9.8301984720553826        1.0383361901997354     
   9.8499974619286057        1.0467868241377751     
   9.8697964518018306        1.0530216790880800     
   9.8895954416750538        1.0674727927511598     
   9.9093944315482769        1.0727707312184069     
   9.9291934214215001        1.0745885504303647     
   9.9489924112947232        1.0804623311074661     
   9.9687914011679464        1.0767792777135969     
   9.9885903910411695        1.0839817232103610     
   10.008389380914393        1.0875788029295637     
   10.028188370787616        1.0748681233172919     
   10.047987360660839        1.0720551756487489     
   10.067786350534064        1.0640749447190043     
   10.087585340407287        1.0601887759394979     
   10.107384330280510        1.0592595776622973     
   10.127183320153733        1.0526432806839334     
   10.146982310026956        1.0486643638891715     
   10.166781299900180        1.0455600752290561     
   10.186580289773403        1.0480232097165718     
   10.206379279646626        1.0518646930174147     
   10.226178269519849        1.0492968909509903     
   10.245977259393074        1.0509499619805707     
   10.265776249266297        1.0509183656784755     
   10.285575239139520        1.0491487488698483     
   10.305374229012743        1.0403231903998316     
   10.325173218885967        1.0265820459379789     
   10.344972208759190        1.0188510645798243     
   10.364771198632413        1.0069354266373249     
   10.384570188505636        1.0014413905168833     
   10.404369178378859       0.99712826726984194     
   10.424168168252082       0.98802266008162420     
   10.443967158125307       0.98453693520457441     
   10.463766147998530       0.97873303617727925     
   10.483565137871754       0.97615016721308290     
   10.503364127744977       0.96995916592499454     
   10.523163117618200       0.96426228254304958     
   10.542962107491423       0.96357070305720294     
   10.562761097364646       0.96253434608962940     
   10.582560087237869       0.96087517070616790     
   10.602359077111092       0.96071841919185819     
   10.622158066984316       0.96028467276731433     
   10.641957056857541       0.95891388382107401     
   10.661756046730764       0.95838842301636451     
   10.681555036603987       0.95808077932831348     
   10.701354026477210       0.95623279211546586     
   10.721153016350433       0.95791551479859005     
   10.740952006223656       0.95408196784601562     
   10.760750996096879       0.95589640483486660     
   10.780549985970103       0.95332625727256337     
   10.800348975843326       0.95191969746973226     
   10.820147965716549       0.95454828753308996     
   10.839946955589774       0.95681136153652879     
   10.859745945462997       0.96001229658217280     
   10.879544935336220       0.96374662555785429     
   10.899343925209443       0.96761470410305861     
   10.919142915082666       0.96969231453817539     
   10.938941904955890       0.96995464160523204     
   10.958740894829113       0.96723656858908780     
   10.978539884702336       0.96905506366501948     
   10.998338874575559       0.97245106586541630     
   11.018137864448782       0.96977334883395649     
   11.037936854322007       0.97957093268631523     
   11.057735844195230       0.97949133135365662     
   11.077534834068453       0.97996844758708401     
   11.097333823941677       0.98704475653689794     
   11.117132813814900       0.98872643958460771     
   11.136931803688123       0.99656990839794635     
   11.156730793561346        1.0006845271943128     
   11.176529783434569        1.0078882045040831     
   11.196328773307792        1.0121824530655184     
   11.216127763181015        1.0125582554535870     
   11.235926753054240        1.0198843907754962     
   11.255725742927464        1.0322618587006032     
   11.275524732800687        1.0349937562065263     
   11.295323722673910        1.0465091498118071     
   11.315122712547133        1.0563757640373130     
   11.334921702420356        1.0614872660831796     
   11.354720692293579        1.0602945916209270     
   11.374519682166802        1.0635239828292964     
   11.394318672040026        1.0773750857934246     
   11.414117661913249        1.0680049218745280     
   11.433916651786474        1.0576619376249139     
   11.453715641659697        1.0537287079888953     
   11.473514631532920        1.0483287200419644     
   11.493313621406143        1.0398849391810399     
   11.513112611279366        1.0365226163024313     
   11.532911601152589        1.0348396735221699     
   11.552710591025813        1.0319800595957951     
   11.572509580899036        1.0289826118812047     
   11.592308570772259        1.0261711092936594     
   11.612107560645484        1.0242128079422681     
   11.631906550518707        1.0174296385716308     
   11.651705540391930        1.0150750280358456     
   11.671504530265153        1.0106812095350002     
   11.691303520138376        1.0041940893531263     
   11.711102510011600       0.99900002072788363     
   11.730901499884823       0.99323223150860418     
   11.750700489758046       0.98526805575709275     
   11.770499479631269       0.97782329636624354     
   11.790298469504492       0.97506463349313732     
   11.810097459377717       0.96985827486764531     
   11.829896449250940       0.96705622155286941     
   11.849695439124163       0.96536903201637247     
   11.869494428997386       0.96447750211645800     
   11.889293418870610       0.96577029988362384     
   11.909092408743833       0.96690121480198865     
   11.928891398617056       0.96472287729929163     
   11.948690388490279       0.96928978883843808     
   11.968489378363502       0.97398398216866167     
   11.988288368236725       0.97821547729210245     
   12.008087358109950       0.97949950888476589     
   12.027886347983173       0.98190308951880290     
   12.047685337856397       0.98591051058111356     
   12.067484327729620       0.98785585135566945     
   12.087283317602843       0.99065538049484603     
   12.107082307476066       0.98547254635680137     
   12.126881297349289       0.97912921716052870     
   12.146680287222512       0.97835595887579030     
   12.166479277095736       0.98133633991418867     
   12.186278266968959       0.97872091764647828     
   12.206077256842184       0.97478658181167765     
   12.225876246715407       0.97221374964864393     
   12.245675236588630       0.96855366305379265     
   12.265474226461853       0.97090106751661098     
   12.285273216335076       0.96931379704701115     
   12.305072206208299       0.97199115721148421     
   12.324871196081522       0.97222145890025646     
   12.344670185954746       0.97257992619158429     
   12.364469175827969       0.97284026535241364     
   12.384268165701192       0.97121947560694055     
   12.404067155574417       0.96992482597224650     
   12.423866145447640       0.97073337059580156     
   12.443665135320863       0.97510988475435378     
   12.463464125194086       0.97679163385217316     
   12.483263115067309       0.97971876605409536     
   12.503062104940533       0.98221326586254376     
   12.522861094813756       0.98409158091982718     
   12.542660084686979       0.98981588909797491     
   12.562459074560202       0.99909439971204439     
   12.582258064433425        1.0055698494696486     
   12.602057054306650        1.0107161269469069     
   12.621856044179873        1.0183434906039475     
   12.641655034053096        1.0271454651508827     
   12.661454023926320        1.0359424531961912     
   12.681253013799543        1.0348409132378698     
   12.701052003672766        1.0399903639663639     
   12.720850993545989        1.0479345707882444     
   12.740649983419212        1.0440353527980766     
   12.760448973292435        1.0458350681026494     
   12.780247963165660        1.0497158510763926     
   12.800046953038883        1.0588738558434405     
   12.819845942912107        1.0512884694467775     
   12.839644932785330        1.0434937986916575     
   12.859443922658553        1.0403661719813493     
   12.879242912531776        1.0393337523314843     
   12.899041902404999        1.0382019902705306     
   12.918840892278222        1.0381975323830575     
   12.938639882151445        1.0324176292462974     
   12.958438872024669        1.0307590885168394     
   12.978237861897894        1.0302186044284747     
   12.998036851771117        1.0302113273229041     
   13.017835841644340        1.0309171569378786     
   13.037634831517563        1.0334150996670373     
   13.057433821390786        1.0235746407353445     
   13.077232811264009        1.0184992669732003     
   13.097031801137232        1.0139543957349171     
   13.116830791010456        1.0089077692229036     
   13.136629780883679        1.0059190508034588     
   13.156428770756902        1.0034786906451543     
   13.176227760630127       0.99923381577602499     
   13.196026750503350       0.99470386542351508     
   13.215825740376573       0.99312387184361217     
   13.235624730249796       0.99235730742096240     
   13.255423720123019       0.99311585590809015     
   13.275222709996243       0.99271521700489196     
   13.295021699869466       0.99303978023277484     
   13.314820689742689       0.99232339202963815     
   13.334619679615912       0.99790383913516700     
   13.354418669489135       0.99665622495868689     
   13.374217659362360       0.99086829434310486     
   13.394016649235583       0.98887594690288561     
   13.413815639108806       0.99068717313423749     
   13.433614628982030       0.98343880311714826     
   13.453413618855253       0.98154707453335099     
   13.473212608728476       0.97909536343084058     
   13.493011598601699       0.97399254436285498     
   13.512810588474922       0.96694164136063143     
   13.532609578348145       0.96072584235522696     
   13.552408568221368       0.95529679311687266     
   13.572207558094593       0.94984500597184873     
   13.592006547967816       0.94898891715039790     
   13.611805537841040       0.94582664308041031     
   13.631604527714263       0.94646359253193302     
   13.651403517587486       0.94993988250536565     
   13.671202507460709       0.94736834877571896     
   13.691001497333932       0.94776154999384132     
   13.710800487207155       0.94595146230868132     
   13.730599477080379       0.94750046597575444     
   13.750398466953602       0.94903022577833562     
   13.770197456826827       0.95251473560295363     
   13.789996446700050       0.95623461921723063     
   13.809795436573273       0.96071891521464281     
   13.829594426446496       0.96612498400364299     
   13.849393416319719       0.96635670447753941     
   13.869192406192942       0.97003277380177555     
   13.888991396066166       0.97313674078187029     
   13.908790385939389       0.98105621206694071     
   13.928589375812612       0.98816995924514950     
   13.948388365685837       0.99208124280603338     
   13.968187355559060       0.99465465321861979     
   13.987986345432283        1.0025626823915084     
   14.007785335305506        1.0069544666871557     
   14.027584325178729        1.0091965077891434     
   14.047383315051952        1.0152528930156108     
   14.067182304925176        1.0185485923357354     
   14.086981294798399        1.0218584943352826     
   14.106780284671622        1.0271186685836895     
   14.126579274544845        1.0346249824155107     
   14.146378264418070        1.0438267616795702     
   14.166177254291293        1.0448071042950045     
   14.185976244164516        1.0443558452635466     
   14.205775234037739        1.0479831010654028     
   14.225574223910963        1.0451039725655735     
   14.245373213784186        1.0383802446242347     
   14.265172203657409        1.0370254120472138     
   14.284971193530632        1.0349799458014493     
   14.304770183403855        1.0323631222329916     
   14.324569173277078        1.0323062531346567     
   14.344368163150303        1.0303970107936526     
   14.364167153023526        1.0255654027080667     
   14.383966142896750        1.0276045139119521     
   14.403765132769973        1.0266579972969108     
   14.423564122643196        1.0299257944070248     
   14.443363112516419        1.0236671717183385     
   14.463162102389642        1.0159147479572390     
   14.482961092262865        1.0156840664446012     
   14.502760082136088        1.0143061032724681     
   14.522559072009312        1.0107954342803871     
   14.542358061882537        1.0096936025419294     
   14.562157051755760        1.0095907921132095     
   14.581956041628983        1.0039927781919711     
   14.601755031502206        1.0046653277921804     
   14.621554021375429       0.99943613998158531     
   14.641353011248652       0.99931984920881500     
   14.661152001121875       0.99579076016696055     
   14.680950990995099       0.99414712180389619     
   14.700749980868322       0.99186277099821074     
   14.720548970741545       0.99225245667211837     
   14.740347960614770       0.99364012400566348     
   14.760146950487993       0.98802675606345158     
   14.779945940361216       0.98271057881510060     
   14.799744930234439       0.97759453251953787     
   14.819543920107662       0.97539702216443480     
   14.839342909980886       0.97518830471315909     
   14.859141899854109       0.97251027767824261     
   14.878940889727332       0.97198428328197939     
   14.898739879600555       0.97153851693113602     
   14.918538869473778       0.97120472743239139     
   14.938337859347003       0.96922833947570997     
   14.958136849220226       0.96916012333349455     
   14.977935839093449       0.96741058964978310     
   14.997734828966673       0.97034030020492179     
   15.017533818839896       0.97288068734484212     
   15.037332808713119       0.97366975453840920     
   15.057131798586342       0.97376796673094224     
   15.076930788459565       0.97750535502683178     
   15.096729778332788       0.97810218663259096     
   15.116528768206011       0.98055424048021367     
   15.136327758079236       0.98167171506414896     
   15.156126747952460       0.98435506312549670     
   15.175925737825683       0.98588476234446654     
   15.195724727698906       0.98763558751369585     
   15.215523717572129       0.99310891614147456     
   15.235322707445352       0.99677840642718263     
   15.255121697318575       0.99694266455159464     
   15.274920687191798       0.99743340816544035     
   15.294719677065022       0.99818748160785487     
   15.314518666938246       0.99681038876614481     
   15.334317656811470       0.99646935561784300     
   15.354116646684693        1.0000522298537435     
   15.373915636557916       0.99899511598891366     
   15.393714626431139        1.0006582755115097     
   15.413513616304362        1.0053892998025997     
   15.433312606177585        1.0076357476765652     
   15.453111596050809        1.0115951222863917     
   15.472910585924032        1.0167244717423378     
   15.492709575797255        1.0206365330509233     
   15.512508565670480        1.0264443562162611     
   15.532307555543703        1.0310839866558881     
   15.552106545416926        1.0393546371408078     
   15.571905535290149        1.0403506643055251     
   15.591704525163372        1.0456206524809062     
   15.611503515036596        1.0502631942101786     
   15.631302504909819        1.0494901176450999     
   15.651101494783042        1.0477391395831086     
   15.670900484656265        1.0490910452755990     
   15.690699474529488        1.0490589785801023     
   15.710498464402713        1.0460363238547508     
   15.730297454275936        1.0502687934006854     
   15.750096444149159        1.0498713871161711     
   15.769895434022382        1.0501504649202109     
   15.789694423895606        1.0493263773148089     
   15.809493413768829        1.0484644820067077     
   15.829292403642052        1.0387824361731586     
   15.849091393515275        1.0341493476466734     
   15.868890383388498        1.0292354000716888     
   15.888689373261721        1.0260236161186242     
   15.908488363134946        1.0227498721419819     
   15.928287353008169        1.0196407597531161     
   15.948086342881393        1.0169200716316302     
   15.967885332754616        1.0151027693432730     
   15.987684322627839        1.0123899445900877     
   16.007483312501062        1.0074687503539630     
   16.027282302374285        1.0079043655171678     
   16.047081292247508        1.0056548430481760     
   16.066880282120731        1.0051975662206369     
   16.086679271993955        1.0020603853630383     
   16.106478261867178        1.0029093377509410     
   16.126277251740401        1.0046544782965670     
   16.146076241613624       0.99824856610555646     
   16.165875231486847       0.98965798231494018     
   16.185674221360070       0.98683288209936648     
   16.205473211233297       0.97959430415633864     
   16.225272201106520       0.97791654926557781     
   16.245071190979743       0.97596595646268125     
   16.264870180852967       0.97241662036383714     
   16.284669170726190       0.97142524491151439     
   16.304468160599413       0.96887395544762955     
   16.324267150472636       0.96821303928624003     
   16.344066140345859       0.96801276779243106     
   16.363865130219082       0.96761636058666933     
   16.383664120092305       0.97004370955199914     
   16.403463109965529       0.96925188928901429     
   16.423262099838752       0.97140399226165419     
   16.443061089711975       0.97022046990614230     
   16.462860079585198       0.97231359926635386     
   16.482659069458421       0.97435834926915121     
   16.502458059331644       0.97656168317894176     
   16.522257049204867       0.97769322762115218     
   16.542056039078091       0.97774243264472638     
   16.561855028951314       0.97609230992501594     
   16.581654018824540       0.97603595045188962     
   16.601453008697764       0.97349932440879572     
   16.621251998570987       0.97250017524605981     
   16.641050988444210       0.97285447623547450     
   16.660849978317433       0.97368573277137205     
   16.680648968190656       0.97420888438892805     
   16.700447958063879       0.97621550107021993     
   16.720246947937103       0.97508274187704858     
   16.740045937810326       0.97974521295689498     
   16.759844927683549       0.98233149903692474     
   16.779643917556772       0.98479580069705452     
   16.799442907429995       0.98875408359154560     
   16.819241897303218       0.99315766744926515     
   16.839040887176441        1.0004953796769465     
   16.858839877049665        1.0038152437811185     
   16.878638866922888        1.0076952977014020     
   16.898437856796111        1.0144290693002784     
   16.918236846669334        1.0200321082047177     
   16.938035836542557        1.0269733124912583     
   16.957834826415780        1.0303554871320235     
   16.977633816289007        1.0367493907599752     
   16.997432806162230        1.0425060443368503     
   17.017231796035453        1.0483326772939798     
   17.037030785908676        1.0483681414454307     
   17.056829775781900        1.0473905426456798     
   17.076628765655123        1.0451096621764409     
   17.096427755528346        1.0419859243389278     
   17.116226745401569        1.0390158846382413     
   17.136025735274792        1.0360642109908582     
   17.155824725148015        1.0367433619991999     
   17.175623715021239        1.0347005724619631     
   17.195422704894462        1.0366620493251624     
   17.215221694767685        1.0324151640811019     
   17.235020684640908        1.0267778613780281     
   17.254819674514131        1.0248678585860111     
   17.274618664387354        1.0196145333621722     
   17.294417654260577        1.0150244388010714     
   17.314216644133801        1.0093212160822800     
   17.334015634007024        1.0056568054516195     
   17.353814623880247        1.0011072196562099     
   17.373613613753474       0.99794105389667209     
   17.393412603626697       0.99469627498365543     
   17.413211593499920       0.99449033334078996     
   17.433010583373143       0.99204302779677789     
   17.452809573246366       0.98905868797603991     
   17.472608563119589       0.98833713478405238     
   17.492407552992812       0.98856776181680528     
   17.512206542866036       0.98610327992297586     
   17.532005532739259       0.97970073995288331     
   17.551804522612482       0.97703657124809284     
   17.571603512485705       0.97413371946297789     
   17.591402502358928       0.97061656886330960     
   17.611201492232151       0.96728407483836021     
   17.631000482105375       0.96728055668850954     
   17.650799471978598       0.96717723776817655     
   17.670598461851821       0.96426764967530543     
   17.690397451725044       0.96340897371682044     
   17.710196441598267       0.96725682404527968     
   17.729995431471490       0.96700251691229233     
   17.749794421344717       0.96780642406921524     
   17.769593411217940       0.96795106348214421     
   17.789392401091163       0.96907599636295294     
   17.809191390964386       0.96931505671760543     
   17.828990380837610       0.97102815222626737     
   17.848789370710833       0.97259951813850209     
   17.868588360584056       0.97497463946204055     
   17.888387350457279       0.97620379873984575     
   17.908186340330502       0.97697620558033893     
   17.927985330203725       0.97466517158714627     
   17.947784320076948       0.97273333169211429     
   17.967583309950172       0.97297608225651522     
   17.987382299823395       0.97526455815781776     
   18.007181289696618       0.97863785140689208     
   18.026980279569841       0.98116326945888988     
   18.046779269443064       0.98096324875928598     
   18.066578259316287       0.98098323825380673     
   18.086377249189511       0.98068326888654100     
   18.106176239062734       0.98217331694880594     
   18.125975228935957       0.98444716245662944     
   18.145774218809184       0.98839966399319523     
   18.165573208682407       0.99069375435421048     
   18.185372198555630       0.99322210060115446     
   18.205171188428853       0.99453871404360727     
   18.224970178302076       0.99787700786654299     
   18.244769168175299        1.0030949021898121     
   18.264568158048522        1.0080482062111016     
   18.284367147921746        1.0147453001848143     
   18.304166137794969        1.0192281578966178     
   18.323965127668192        1.0265140980434750     
   18.343764117541415        1.0297792473425111     
   18.363563107414638        1.0370601276916394     
   18.383362097287861        1.0437667554039280     
   18.403161087161084        1.0455586248007740     
   18.422960077034308        1.0491252972858123     
   18.442759066907531        1.0507465809507639     
   18.462558056780754        1.0443293981173263     
   18.482357046653977        1.0415998202824031     
   18.502156036527200        1.0405807627327279     
   18.521955026400423        1.0417539514384666     
   18.541754016273650        1.0380536264793576     
   18.561553006146873        1.0337632980707598     
   18.581351996020096        1.0293604505014808     
   18.601150985893320        1.0269836885080814     
   18.620949975766543        1.0227604963547696     
   18.640748965639766        1.0163773243743564     
   18.660547955512989        1.0127590599883705     
   18.680346945386212        1.0063713311591338     
   18.700145935259435        1.0044687128543588     
   18.719944925132658        1.0005351636582007     
   18.739743915005882       0.99885222475353797     
   18.759542904879105       0.99882063572581015     
   18.779341894752328        1.0001156924364394     
   18.799140884625551       0.99694611285439583     
   18.818939874498774       0.99870379153617617     
   18.838738864371997       0.99616382888891175     
   18.858537854245220        1.0004244490970136     
   18.878336844118444       0.99956481034403799     
   18.898135833991667        1.0017941300036459     
   18.917934823864890       0.99930432907989675     
   18.937733813738117       0.99816264883465222     
   18.957532803611340       0.99880134962519596     
   18.977331793484563       0.99956119528989129     
   18.997130783357786       0.99641193306215647     
   19.016929773231009       0.99541157813771552     
   19.036728763104232       0.99071020980657754     
   19.056527752977455       0.98923838726421809     
   19.076326742850679       0.98538691999279870     
   19.096125732723902       0.98450687166041329     
   19.115924722597125       0.98368654101483666     
   19.135723712470348       0.98229320814784093     
   19.155522702343571       0.98447451650343931     
   19.175321692216794       0.98268545034423993     
   19.195120682090018       0.98107560961796780     
   19.214919671963241       0.98320195452257542     
   19.234718661836464       0.98230316884036006     
   19.254517651709687       0.98045171329090763     
   19.274316641582910       0.97848826482976081     
   19.294115631456133       0.97648659755420408     
   19.313914621329360       0.97335502302156507     
   19.333713611202583       0.97137991681816360     
   19.353512601075806       0.96835768520849752     
   19.373311590949029       0.96905256457665612     
   19.393110580822253       0.97277079886032936     
   19.412909570695476       0.97243856895036718     
   19.432708560568699       0.97275925728889179     
   19.452507550441922       0.97283578252772118     
   19.472306540315145       0.97679138560727141     
   19.492105530188368       0.98093446093371639     
   19.511904520061591       0.98397819346173765     
   19.531703509934815       0.98500072293183305     
   19.551502499808038       0.98888954767190429     
   19.571301489681261       0.99313056264296173     
   19.591100479554484       0.99737097084010751     
   19.610899469427707        1.0007510801510571     
   19.630698459300930        1.0074020546563460     
   19.650497449174154        1.0119898602703292     
   19.670296439047377        1.0132601843835110     
   19.690095428920600        1.0203254577983443     
   19.709894418793827        1.0229694385348920     
   19.729693408667050        1.0244441953562955     
   19.749492398540273        1.0266042471151740     
   19.769291388413496        1.0282997623572903     
   19.789090378286719        1.0338706515015372     
