   7.8262379212492642E-003   0.0000000000000000     
   2.3478713763747792E-002   0.0000000000000000     
   3.9131189606246321E-002   0.0000000000000000     
   5.4783665448744849E-002   0.0000000000000000     
   7.0436141291243370E-002   0.0000000000000000     
   8.6088617133741913E-002   0.0000000000000000     
  0.10174109297624043        0.0000000000000000     
  0.11739356881873897        0.0000000000000000     
  0.13304604466123748        0.0000000000000000     
  0.14869852050373600        0.0000000000000000     
  0.16435099634623454        0.0000000000000000     
  0.18000347218873308        0.0000000000000000     
  0.19565594803123160        0.0000000000000000     
  0.21130842387373011        0.0000000000000000     
  0.22696089971622865        0.0000000000000000     
  0.24261337555872720        0.0000000000000000     
  0.25826585140122571        0.0000000000000000     
  0.27391832724372422        0.0000000000000000     
  0.28957080308622274        0.0000000000000000     
  0.30522327892872131        0.0000000000000000     
  0.32087575477121982        0.0000000000000000     
  0.33652823061371834        0.0000000000000000     
  0.35218070645621691        0.0000000000000000     
  0.36783318229871542        0.0000000000000000     
  0.38348565814121394        0.0000000000000000     
  0.39913813398371245        0.0000000000000000     
  0.41479060982621097        0.0000000000000000     
  0.43044308566870954        0.0000000000000000     
  0.44609556151120805        0.0000000000000000     
  0.46174803735370656        0.0000000000000000     
  0.47740051319620513        0.0000000000000000     
  0.49305298903870365        0.0000000000000000     
  0.50870546488120216        0.0000000000000000     
  0.52435794072370068        0.0000000000000000     
  0.54001041656619919        0.0000000000000000     
  0.55566289240869771        0.0000000000000000     
  0.57131536825119622        0.0000000000000000     
  0.58696784409369485        0.0000000000000000     
  0.60262031993619336        0.0000000000000000     
  0.61827279577869187        0.0000000000000000     
  0.63392527162119039        0.0000000000000000     
  0.64957774746368890        0.0000000000000000     
  0.66523022330618742        0.0000000000000000     
  0.68088269914868593        0.0000000000000000     
  0.69653517499118456        0.0000000000000000     
  0.71218765083368307        0.0000000000000000     
  0.72784012667618159        0.0000000000000000     
  0.74349260251868010        0.0000000000000000     
  0.75914507836117862        0.0000000000000000     
  0.77479755420367713        0.0000000000000000     
  0.79045003004617564        0.0000000000000000     
  0.80610250588867416        0.0000000000000000     
  0.82175498173117267        0.0000000000000000     
  0.83740745757367130        0.0000000000000000     
  0.85305993341616981        1.9028554390311948E-006
  0.86871240925866833        1.3079988288115332E-004
  0.88436488510116684        1.3637748092107862E-003
  0.90001736094366536        9.0196837001291878E-003
  0.91566983678616387        4.2076118368796545E-002
  0.93132231262866239       0.13829449633850766     
  0.94697478847116101       0.34290220871341076     
  0.96262726431365953       0.68618890098384311     
  0.97827974015615804        1.1616274067303525     
  0.99393221599865655        1.7047766982366297     
   1.0095846918411551        2.2415640464475377     
   1.0252371676836536        2.6976349567383733     
   1.0408896435261521        3.0279842585671677     
   1.0565421193686506        3.2250650699754506     
   1.0721945952111491        3.2913741919908790     
   1.0878470710536476        3.2567012034406999     
   1.1034995468961462        3.1484644204850070     
   1.1191520227386447        2.9922654339578392     
   1.1348044985811432        2.7967904155433261     
   1.1504569744236419        2.5919830279305502     
   1.1661094502661404        2.3827835105860347     
   1.1817619261086389        2.1839950589719770     
   1.1974144019511375        1.9971655687030951     
   1.2130668777936360        1.8220301565269612     
   1.2287193536361345        1.6642123268535167     
   1.2443718294786330        1.5193147478462219     
   1.2600243053211315        1.3913171936044957     
   1.2756767811636300        1.2756885752532428     
   1.2913292570061286        1.1744982171278471     
   1.3069817328486271        1.0835983035817347     
   1.3226342086911256        1.0025032194121044     
   1.3382866845336241       0.92560966564072511     
   1.3539391603761226       0.86192439513212182     
   1.3695916362186211       0.80351826606055810     
   1.3852441120611199       0.75070097130540603     
   1.4008965879036184       0.70599774390367309     
   1.4165490637461169       0.66848643571973021     
   1.4322015395886154       0.63344980320411404     
   1.4478540154311139       0.60203299465103999     
   1.4635064912736124       0.57435278769270837     
   1.4791589671161109       0.55087109205348850     
   1.4948114429586095       0.52908219022135139     
   1.5104639188011080       0.50905274481347540     
   1.5261163946436065       0.49402486199939988     
   1.5417688704861050       0.47985170101287344     
   1.5574213463286035       0.46890053764598572     
   1.5730738221711020       0.46161074726852686     
   1.5887262980136005       0.45338973784685371     
   1.6043787738560991       0.45030093762066381     
   1.6200312496985976       0.44598827941770613     
   1.6356837255410961       0.44588455222240214     
   1.6513362013835948       0.44752268667939349     
   1.6669886772260933       0.45364539106730623     
   1.6826411530685919       0.46161928561403015     
   1.6982936289110904       0.47241590436979047     
   1.7139461047535889       0.48817029901520126     
   1.7295985805960874       0.50658647521708777     
   1.7452510564385859       0.52741423724466130     
   1.7609035322810844       0.55294823334462118     
   1.7765560081235829       0.58116447506619795     
   1.7922084839660815       0.61263665638291931     
   1.8078609598085800       0.64941986540798391     
   1.8235134356510785       0.69079694207020481     
   1.8391659114935770       0.73180688166059704     
   1.8548183873360755       0.77590795645984134     
   1.8704708631785740       0.82088423293804325     
   1.8861233390210728       0.86689121111989031     
   1.9017758148635713       0.91343399226552380     
   1.9174282907060698       0.96097269093399773     
   1.9330807665485683        1.0124338966081328     
   1.9487332423910668        1.0638430847447349     
   1.9643857182335653        1.1167112212638353     
   1.9800381940760639        1.1727130047861869     
   1.9956906699185624        1.2278306353172164     
   2.0113431457610611        1.2803173202346694     
   2.0269956216035596        1.3329639884983808     
   2.0426480974460581        1.3810672301837350     
   2.0583005732885566        1.4271068575879768     
   2.0739530491310552        1.4654026956988100     
   2.0896055249735537        1.4937680028260110     
   2.1052580008160522        1.5198000991742346     
   2.1209104766585507        1.5352511314119714     
   2.1365629525010492        1.5362487311858166     
   2.1522154283435477        1.5385207870139994     
   2.1678679041860462        1.5296901134643046     
   2.1835203800285448        1.5096624314667269     
   2.1991728558710433        1.4863982786091205     
   2.2148253317135418        1.4601876090275361     
   2.2304778075560403        1.4231678896584912     
   2.2461302833985388        1.3867479562881990     
   2.2617827592410373        1.3494412296474201     
   2.2774352350835363        1.3102966494933401     
   2.2930877109260348        1.2696010276981928     
   2.3087401867685333        1.2276952700135118     
   2.3243926626110318        1.1843279736595314     
   2.3400451384535303        1.1444987064859899     
   2.3556976142960289        1.1036069711984826     
   2.3713500901385274        1.0646001535128071     
   2.3870025659810259        1.0308930401933107     
   2.4026550418235244       0.99520103082793931     
   2.4183075176660229       0.96175452214130286     
   2.4339599935085214       0.93116777291595765     
   2.4496124693510199       0.90061208660445080     
   2.4652649451935185       0.87530902571343394     
   2.4809174210360170       0.85129752744212928     
   2.4965698968785155       0.83162610639242518     
   2.5122223727210140       0.80777826960860677     
   2.5278748485635125       0.78483065801953800     
   2.5435273244060110       0.76923469191802119     
   2.5591798002485096       0.75185687535513335     
   2.5748322760910081       0.73906867079185812     
   2.5904847519335066       0.72709546401776382     
   2.6061372277760051       0.71579177050514364     
   2.6217897036185036       0.70992286807575167     
   2.6374421794610021       0.70371311196901920     
   2.6530946553035006       0.70098453476235556     
   2.6687471311459992       0.70073553864094917     
   2.6843996069884977       0.70186150489424326     
   2.7000520828309962       0.70410706220992725     
   2.7157045586734947       0.71039366813401461     
   2.7313570345159932       0.71986380518894788     
   2.7470095103584917       0.73193713949172601     
   2.7626619862009907       0.74419741503416159     
   2.7783144620434892       0.76177884424157472     
   2.7939669378859877       0.78002255779450413     
   2.8096194137284862       0.79929302255028922     
   2.8252718895709847       0.82242407252506999     
   2.8409243654134833       0.84672982974426547     
   2.8565768412559818       0.87175059021698398     
   2.8722293170984803       0.89947700248246920     
   2.8878817929409788       0.92486921549130796     
   2.9035342687834773       0.95371658790121583     
   2.9191867446259758       0.98079549760098261     
   2.9348392204684743        1.0078117821261587     
   2.9504916963109729        1.0361423944460255     
   2.9661441721534714        1.0601877668127757     
   2.9817966479959699        1.0850721891859925     
   2.9974491238384684        1.1074747681677617     
   3.0131015996809669        1.1262058762947920     
   3.0287540755234654        1.1478550858262473     
   3.0444065513659639        1.1624786992504703     
   3.0600590272084625        1.1787080143343269     
   3.0757115030509610        1.1921396588337230     
   3.0913639788934595        1.2071491861651964     
   3.1070164547359580        1.2124869422426099     
   3.1226689305784565        1.2190743949654752     
   3.1383214064209550        1.2228242749667739     
   3.1539738822634535        1.2250907179645123     
   3.1696263581059521        1.2249175391393770     
   3.1852788339484506        1.2213153682464621     
   3.2009313097909491        1.2166672509325351     
   3.2165837856334476        1.2092146109442943     
   3.2322362614759461        1.2010080219619823     
   3.2478887373184446        1.1907824304698549     
   3.2635412131609431        1.1802634809869619     
   3.2791936890034421        1.1661402595623247     
   3.2948461648459406        1.1548810727751095     
   3.3104986406884391        1.1392609236084479     
   3.3261511165309376        1.1256383839231288     
   3.3418035923734362        1.1076882429246502     
   3.3574560682159347        1.0911504201414446     
   3.3731085440584332        1.0726756062959957     
   3.3887610199009317        1.0574414342769392     
   3.4044134957434302        1.0413470045580557     
   3.4200659715859287        1.0246817842406124     
   3.4357184474284272        1.0060942986045960     
   3.4513709232709258       0.99217825328972431     
   3.4670233991134243       0.97702213029056439     
   3.4826758749559228       0.96133200083021808     
   3.4983283507984213       0.94719285726721325     
   3.5139808266409198       0.93272004418888288     
   3.5296333024834183       0.92317456497196915     
   3.5452857783259168       0.91035907946743855     
   3.5609382541684154       0.89769637227366827     
   3.5765907300109139       0.88801784759037128     
   3.5922432058534124       0.87875715209215755     
   3.6078956816959109       0.87151954667775766     
   3.6235481575384094       0.86450215547316878     
   3.6392006333809079       0.85886765437587886     
   3.6548531092234064       0.85477948331397369     
   3.6705055850659050       0.85050373193030260     
   3.6861580609084035       0.84768226336517083     
   3.7018105367509020       0.84687939864358897     
   3.7174630125934005       0.84773647165745780     
   3.7331154884358990       0.85042218612892806     
   3.7487679642783975       0.85456896126872184     
   3.7644204401208965       0.85930132947850635     
   3.7800729159633950       0.86582943012697400     
   3.7957253918058935       0.87414473283295557     
   3.8113778676483920       0.88149011600720606     
   3.8270303434908906       0.89210417382609997     
   3.8426828193333891       0.90377189093864374     
   3.8583352951758876       0.91630837250898234     
   3.8739877710183861       0.93061863061566896     
   3.8896402468608846       0.94232853664261396     
   3.9052927227033831       0.95474637185464573     
   3.9209451985458816       0.96733995501960002     
   3.9365976743883802       0.98293713677760641     
   3.9522501502308787       0.99561093008100399     
   3.9679026260733772        1.0092753805840926     
   3.9835551019158757        1.0232004097714205     
   3.9992075777583742        1.0361088603760835     
   4.0148600536008727        1.0477344566404396     
   4.0305125294433717        1.0595577163098704     
   4.0461650052858698        1.0706849183745448     
   4.0618174811283687        1.0795271630640706     
   4.0774699569708668        1.0867600693446542     
   4.0931224328133657        1.0946451554189247     
   4.1087749086558638        1.1026605879213374     
   4.1244273844983628        1.1038969470925355     
   4.1400798603408608        1.1067789346558614     
   4.1557323361833598        1.1097403790207201     
   4.1713848120258579        1.1128220236434425     
   4.1870372878683568        1.1146012688644631     
   4.2026897637108549        1.1112731325903127     
   4.2183422395533539        1.1096005091034460     
   4.2339947153958519        1.1079762907011328     
   4.2496471912383509        1.1042139120549852     
   4.2652996670808490        1.0984328164579031     
   4.2809521429233479        1.0943324308476470     
   4.2966046187658460        1.0885610727912687     
   4.3122570946083449        1.0813631705858273     
   4.3279095704508430        1.0744183679011667     
   4.3435620462933420        1.0669970548913552     
   4.3592145221358400        1.0592194274918039     
   4.3748669979783390        1.0520751629092875     
   4.3905194738208371        1.0430093975740111     
   4.4061719496633360        1.0342202431396412     
   4.4218244255058341        1.0254661474411673     
   4.4374769013483331        1.0184883354782355     
   4.4531293771908311        1.0108349131410634     
   4.4687818530333301        1.0025787264842951     
   4.4844343288758282       0.99364174717692344     
   4.5000868047183271       0.98634614932769371     
   4.5157392805608252       0.97969100943502418     
   4.5313917564033241       0.97133120946591456     
   4.5470442322458231       0.96441765551157277     
   4.5626967080883212       0.95757039145718748     
   4.5783491839308201       0.95205199596757650     
   4.5940016597733182       0.94660901203664338     
   4.6096541356158172       0.94376517265361937     
   4.6253066114583152       0.93878820671411456     
   4.6409590873008142       0.93516692772528043     
   4.6566115631433123       0.93226577975609770     
   4.6722640389858112       0.92887057948362839     
   4.6879165148283093       0.92575393966115227     
   4.7035689906708082       0.92514283645740303     
   4.7192214665133063       0.92260682805114558     
   4.7348739423558053       0.92280724513776269     
   4.7505264181983033       0.92474080522336211     
   4.7661788940408023       0.92657311545100107     
   4.7818313698833004       0.92886358497562249     
   4.7974838457257993       0.93073409832439513     
   4.8131363215682974       0.93401903037866230     
   4.8287887974107964       0.93878194365643008     
   4.8444412732532944       0.94360488406459531     
   4.8600937490957934       0.94755542401803794     
   4.8757462249382915       0.95410336944720975     
   4.8913987007807904       0.95965465259257166     
   4.9070511766232885       0.96696312296669418     
   4.9227036524657874       0.97299120104785675     
   4.9383561283082855       0.98018017279244607     
   4.9540086041507845       0.98741382416548196     
   4.9696610799932825       0.99501999803512742     
   4.9853135558357815        1.0014553931417132     
   5.0009660316782796        1.0096139865299916     
   5.0166185075207785        1.0147311928979683     
   5.0322709833632775        1.0198926919997351     
   5.0479234592057756        1.0268342164613347     
   5.0635759350482745        1.0319744785351403     
   5.0792284108907726        1.0358165406032029     
   5.0948808867332716        1.0415376989754734     
   5.1105333625757696        1.0452656338474813     
   5.1261858384182686        1.0485809962318149     
   5.1418383142607667        1.0506026624163887     
   5.1574907901032656        1.0535367528297683     
   5.1731432659457637        1.0537699205512923     
   5.1887957417882626        1.0565265927527661     
   5.2044482176307607        1.0583412862379171     
   5.2201006934732597        1.0589556697112859     
   5.2357531693157577        1.0557377976212501     
   5.2514056451582567        1.0566530219835835     
   5.2670581210007548        1.0563457680465165     
   5.2827105968432537        1.0545153245056669     
   5.2983630726857518        1.0516865192812368     
   5.3140155485282508        1.0499719170265764     
   5.3296680243707488        1.0467646441944711     
   5.3453205002132478        1.0423921190277674     
   5.3609729760557459        1.0382352790598215     
   5.3766254518982448        1.0344770086712445     
   5.3922779277407429        1.0294467202271755     
   5.4079304035832418        1.0274030368910745     
   5.4235828794257399        1.0230384466380211     
   5.4392353552682389        1.0196897753594627     
   5.4548878311107369        1.0138454975841775     
   5.4705403069532359        1.0090521357785909     
   5.4861927827957340        1.0044941285392861     
   5.5018452586382329       0.99899580865219928     
   5.5174977344807319       0.99389820053895495     
   5.5331502103232300       0.99057732031452783     
   5.5488026861657289       0.98627497955636112     
   5.5644551620082270       0.98410333633361524     
   5.5801076378507259       0.98076602473860230     
   5.5957601136932240       0.97739226714390182     
   5.6114125895357230       0.97320652899259774     
   5.6270650653782210       0.97080952485919925     
   5.6427175412207200       0.97026893105798051     
   5.6583700170632181       0.96856833337940806     
   5.6740224929057170       0.96538032434647147     
   5.6896749687482151       0.96495441736636156     
   5.7053274445907141       0.96408700433559014     
   5.7209799204332121       0.96267417304521286     
   5.7366323962757111       0.96238109279105888     
   5.7522848721182092       0.96195528405996023     
   5.7679373479607081       0.96220101830099192     
   5.7835898238032062       0.96196043378066443     
   5.7992422996457051       0.96270194282715926     
   5.8148947754882032       0.96403629063690088     
   5.8305472513307022       0.96517165356392920     
   5.8461997271732002       0.96760482337819176     
   5.8618522030156992       0.96923107635330819     
   5.8775046788581973       0.97218924565454268     
   5.8931571547006962       0.97415000944882113     
   5.9088096305431943       0.97814510281315015     
   5.9244621063856933       0.98099407869181743     
   5.9401145822281913       0.98456477368415751     
   5.9557670580706903       0.98753780210639375     
   5.9714195339131884       0.99138714006224038     
   5.9870720097556873       0.99386099284834539     
   6.0027244855981854       0.99877302046376948     
   6.0183769614406843        1.0022893429762145     
   6.0340294372831833        1.0055479984379041     
   6.0496819131256814        1.0086660960666942     
   6.0653343889681803        1.0106558407718103     
   6.0809868648106784        1.0152524076727478     
   6.0966393406531774        1.0181309368110034     
   6.1122918164956754        1.0204075448551437     
   6.1279442923381744        1.0225519963888432     
   6.1435967681806725        1.0245882885040645     
   6.1592492440231714        1.0256330466604453     
   6.1749017198656695        1.0266938013669469     
   6.1905541957081685        1.0283108542571886     
   6.2062066715506665        1.0283669124937636     
   6.2218591473931655        1.0297010724373077     
   6.2375116232356635        1.0312747234673834     
   6.2531640990781625        1.0306038815405714     
   6.2688165749206606        1.0313069610571239     
   6.2844690507631595        1.0295764947569392     
   6.3001215266056576        1.0301101276929263     
   6.3157740024481566        1.0294107839855078     
   6.3314264782906546        1.0284054477003941     
   6.3470789541331536        1.0271610867783969     
   6.3627314299756517        1.0257131408650852     
   6.3783839058181506        1.0239648747091790     
   6.3940363816606487        1.0222409078943748     
   6.4096888575031477        1.0205491663837070     
   6.4253413333456457        1.0169120604699327     
   6.4409938091881447        1.0145330670239403     
   6.4566462850306428        1.0112218240847457     
   6.4722987608731417        1.0092019126348406     
   6.4879512367156398        1.0067138759400345     
   6.5036037125581387        1.0046311728980775     
   6.5192561884006368        1.0025963177805883     
   6.5349086642431358        1.0006308256795724     
   6.5505611400856347       0.99784309921461900     
   6.5662136159281328       0.99385682804568354     
   6.5818660917706318       0.99212368830808118     
   6.5975185676131298       0.99055623748426280     
   6.6131710434556288       0.98945987499311239     
   6.6288235192981269       0.98801435238569957     
   6.6444759951406258       0.98654461406869709     
   6.6601284709831239       0.98507617833070726     
   6.6757809468256228       0.98320442603492042     
   6.6914334226681209       0.98233093978453134     
   6.7070858985106199       0.98165272637761525     
   6.7227383743531179       0.98097042742511376     
   6.7383908501956169       0.98037248013887457     
   6.7540433260381150       0.97903634389252514     
   6.7696958018806139       0.97902566568449012     
   6.7853482777231120       0.97950928314035079     
   6.8010007535656110       0.98161989101496949     
   6.8166532294081090       0.98163931162748863     
   6.8323057052506080       0.98147712872108539     
   6.8479581810931061       0.98197964024087359     
   6.8636106569356050       0.98242499160735541     
   6.8792631327781031       0.98326827317994914     
   6.8949156086206020       0.98568861873602565     
   6.9105680844631001       0.98621462145246164     
   6.9262205603055991       0.98772022766798739     
   6.9418730361480971       0.98640297478254613     
   6.9575255119905961       0.99016400855901632     
   6.9731779878330942       0.99118760200962219     
   6.9888304636755931       0.99433669841026884     
   7.0044829395180912       0.99676721764463327     
   7.0201354153605902       0.99728597555848397     
   7.0357878912030891        1.0012199812018165     
   7.0514403670455872        1.0036487317006768     
   7.0670928428880861        1.0062486391234746     
   7.0827453187305842        1.0068147383290247     
   7.0983977945730832        1.0096754147535938     
   7.1140502704155812        1.0100847665694435     
   7.1297027462580802        1.0116709906103134     
   7.1453552221005783        1.0113279059620304     
   7.1610076979430772        1.0132789520774870     
   7.1766601737855753        1.0142970713292496     
   7.1923126496280743        1.0160528355097049     
   7.2079651254705723        1.0157376714993631     
   7.2236176013130713        1.0154807260160892     
   7.2392700771555694        1.0149425881297658     
   7.2549225529980683        1.0158837104005054     
   7.2705750288405664        1.0167464339275483     
   7.2862275046830653        1.0162030299917488     
   7.3018799805255634        1.0167783751206421     
   7.3175324563680624        1.0157358913179728     
   7.3331849322105604        1.0153012762274287     
   7.3488374080530594        1.0155631966205259     
   7.3644898838955575        1.0147329455644183     
   7.3801423597380564        1.0141573972056217     
   7.3957948355805545        1.0138652230100935     
   7.4114473114230535        1.0129369368610772     
   7.4270997872655515        1.0122724284912059     
   7.4427522631080505        1.0110779015799334     
   7.4584047389505486        1.0090744135557530     
   7.4740572147930475        1.0088424212610156     
   7.4897096906355456        1.0080309939200465     
   7.5053621664780445        1.0055359774394832     
   7.5210146423205435        1.0053542367416237     
   7.5366671181630416        1.0036337124496504     
   7.5523195940055405        1.0018803421535287     
   7.5679720698480386        1.0000917557819886     
   7.5836245456905376       0.99896853216181947     
   7.5992770215330356       0.99756818955616933     
   7.6149294973755346       0.99742148187972901     
   7.6305819732180327       0.99589071989658773     
   7.6462344490605316       0.99338903580195570     
   7.6618869249030297       0.99243970428456152     
   7.6775394007455287       0.99195917465208694     
   7.6931918765880267       0.99115017717850495     
   7.7088443524305257       0.99068621974259252     
   7.7244968282730238       0.99038469191076006     
   7.7401493041155227       0.98964733099626567     
   7.7558017799580208       0.98832692060013094     
   7.7714542558005197       0.98966535619669438     
   7.7871067316430178       0.98772339804567721     
   7.8027592074855168       0.98900712187765616     
   7.8184116833280148       0.98980755943579690     
   7.8340641591705138       0.98966471371812181     
   7.8497166350130119       0.99010021136572812     
   7.8653691108555108       0.99124887374439385     
   7.8810215866980089       0.99086838749428052     
   7.8966740625405079       0.99250226480715975     
   7.9123265383830059       0.99403243446587042     
   7.9279790142255049       0.99319006728001424     
   7.9436314900680030       0.99442411046608081     
   7.9592839659105019       0.99434214278385313     
   7.9749364417530000       0.99631242300144407     
   7.9905889175954989       0.99692691269171441     
   8.0062413934379961       0.99852171942536994     
   8.0218938692804951       0.99956981917692167     
   8.0375463451229940        1.0007445038118021     
   8.0531988209654930        1.0011984587241196     
   8.0688512968079902        1.0022907907026151     
   8.0845037726504891        1.0035351039191656     
   8.1001562484929881        1.0033042929409592     
   8.1158087243354871        1.0036154015921823     
   8.1314612001779842        1.0046409711395421     
   8.1471136760204832        1.0057050385894366     
   8.1627661518629822        1.0049907940752960     
   8.1784186277054811        1.0063025851473739     
   8.1940711035479783        1.0067931904651151     
   8.2097235793904773        1.0077857227852607     
   8.2253760552329762        1.0075420483110138     
   8.2410285310754752        1.0072770416690520     
   8.2566810069179724        1.0079282050386273     
   8.2723334827604713        1.0087124966156540     
   8.2879859586029703        1.0089922392226536     
   8.3036384344454692        1.0095240822905489     
   8.3192909102879664        1.0084529746342907     
   8.3349433861304654        1.0083008364141794     
   8.3505958619729643        1.0089095172415696     
   8.3662483378154633        1.0077316793480458     
   8.3819008136579605        1.0079136758526814     
   8.3975532895004594        1.0075991785790721     
   8.4132057653429584        1.0074421334876629     
   8.4288582411854573        1.0066437945318061     
   8.4445107170279545        1.0082694944633064     
   8.4601631928704535        1.0079225135077341     
   8.4758156687129524        1.0073525495036297     
   8.4914681445554514        1.0062461821676318     
   8.5071206203979486        1.0050219580562521     
   8.5227730962404475        1.0044659847050130     
   8.5384255720829465        1.0041873306691342     
   8.5540780479254455        1.0027322153836964     
   8.5697305237679444        1.0035728418423109     
   8.5853829996104416        1.0012621764954530     
   8.6010354754529406        1.0006618635138274     
   8.6166879512954395       0.99967528283853868     
   8.6323404271379385       0.99915072839413333     
   8.6479929029804357       0.99931994413891767     
   8.6636453788229346       0.99824164526374637     
   8.6792978546654336       0.99784856943030387     
   8.6949503305079325       0.99926928355997768     
   8.7106028063504297       0.99815067302818539     
   8.7262552821929287       0.99757925108053680     
   8.7419077580354276       0.99707913627825517     
   8.7575602338779266       0.99662010426658532     
   8.7732127097204238       0.99556304931999617     
   8.7888651855629227       0.99481709012398245     
   8.8045176614054217       0.99412190263567435     
   8.8201701372479206       0.99383277868377540     
   8.8358226130904178       0.99375484601410213     
   8.8514750889329168       0.99519050247503327     
   8.8671275647754157       0.99460519227033639     
   8.8827800406179147       0.99529510265570809     
   8.8984325164604119       0.99443657863068624     
   8.9140849923029108       0.99510505968686824     
   8.9297374681454098       0.99570884663216175     
   8.9453899439879088       0.99653226734029776     
   8.9610424198304059       0.99618877247699344     
   8.9766948956729049       0.99674827137781496     
   8.9923473715154039       0.99730600301640604     
   9.0079998473579028       0.99856241752699004     
   9.0236523232004000       0.99894003610565751     
   9.0393047990428990       0.99935998408488014     
   9.0549572748853979       0.99971161383976426     
   9.0706097507278969        1.0005124649745472     
   9.0862622265703958       0.99994192856751574     
   9.1019147024128930        1.0008015137240320     
   9.1175671782553920        1.0010610167782654     
   9.1332196540978909        1.0003751716262046     
   9.1488721299403899        1.0025294280984567     
   9.1645246057828871        1.0027265539240560     
   9.1801770816253860        1.0029592558804521     
   9.1958295574678850        1.0030711319195287     
   9.2114820333103840        1.0053443216474944     
   9.2271345091528811        1.0050614027895530     
   9.2427869849953801        1.0045360281252773     
   9.2584394608378791        1.0046330856659211     
   9.2740919366803780        1.0055242794100703     
   9.2897444125228752        1.0042001416287785     
   9.3053968883653742        1.0049849237674724     
   9.3210493642078731        1.0058142645276611     
   9.3367018400503721        1.0065069548101280     
   9.3523543158928693        1.0060110035811669     
   9.3680067917353682        1.0056608752085376     
   9.3836592675778672        1.0050453421555510     
   9.3993117434203661        1.0049522006154141     
   9.4149642192628633        1.0046633367004103     
   9.4306166951053623        1.0046642582801533     
   9.4462691709478612        1.0050717509570579     
   9.4619216467903602        1.0060296196358753     
   9.4775741226328574        1.0054132399204092     
   9.4932265984753563        1.0050945350259439     
   9.5088790743178553        1.0046442385955294     
   9.5245315501603542        1.0056316214824506     
   9.5401840260028532        1.0052314347194171     
   9.5558365018453504        1.0041979247324944     
   9.5714889776878493        1.0029235822437692     
   9.5871414535303483        1.0045028080619438     
   9.6027939293728473        1.0040519636426075     
   9.6184464052153444        1.0043989849943920     
   9.6340988810578434        1.0023021100957210     
   9.6497513569003424        1.0017994991049266     
   9.6654038327428413        1.0006866948236419     
   9.6810563085853385        1.0012104542539857     
   9.6967087844278375        1.0006209726106616     
   9.7123612602703364       0.99866591412409667     
   9.7280137361128354       0.99849224021953631     
   9.7436662119553326       0.99770621991585851     
   9.7593186877978315       0.99904839509334353     
   9.7749711636403305       0.99824722926204112     
   9.7906236394828294       0.99748791884866339     
   9.8062761153253266       0.99773216824259037     
   9.8219285911678256       0.99683099352042093     
   9.8375810670103245       0.99559129122265921     
   9.8532335428528235       0.99620707245756779     
   9.8688860186953207       0.99677764173232375     
   9.8845384945378196       0.99664074593368124     
   9.9001909703803186       0.99605158542489902     
   9.9158434462228175       0.99593247447933630     
   9.9314959220653147       0.99604370558453825     
   9.9471483979078137       0.99631304164057144     
   9.9628008737503126       0.99733622807567934     
   9.9784533495928116       0.99745677175986580     
   9.9941058254353088       0.99816100272249209     
   10.009758301277808       0.99769413348000113     
   10.025410777120307       0.99807747283392900     
   10.041063252962806       0.99798885981326024     
   10.056715728805305       0.99897195907442049     
   10.072368204647802       0.99967867771010777     
   10.088020680490301       0.99918829567561351     
   10.103673156332800        1.0005634030041535     
   10.119325632175299        1.0002103208073487     
   10.134978108017796        1.0009713027459299     
   10.150630583860295        1.0008041832098924     
   10.166283059702794        1.0016486082988727     
   10.181935535545293        1.0013921619409814     
   10.197588011387790        1.0020237708809872     
   10.213240487230289        1.0024358607195800     
   10.228892963072788        1.0031905762689379     
   10.244545438915287        1.0024511774457869     
   10.260197914757784        1.0024949513838148     
   10.275850390600283        1.0026267377954292     
   10.291502866442782        1.0044988005039981     
   10.307155342285281        1.0057977493486039     
   10.322807818127778        1.0051795121528853     
   10.338460293970277        1.0053266904172165     
   10.354112769812776        1.0047318853923248     
   10.369765245655275        1.0039162806940005     
   10.385417721497772        1.0042694515141186     
   10.401070197340271        1.0041820785094373     
   10.416722673182770        1.0048893952178217     
   10.432375149025269        1.0051489586881204     
   10.448027624867766        1.0047747905798956     
   10.463680100710265        1.0046108595904883     
   10.479332576552764        1.0038789349212323     
   10.494985052395263        1.0044519711746438     
   10.510637528237760        1.0048355031715843     
   10.526290004080259        1.0039078882273205     
   10.541942479922758        1.0034714528836470     
   10.557594955765257        1.0035547628715802     
   10.573247431607756        1.0034939739886726     
   10.588899907450253        1.0041610670905110     
   10.604552383292752        1.0053564289545933     
   10.620204859135251        1.0040183697875904     
   10.635857334977750        1.0040094526797287     
   10.651509810820247        1.0028999563452223     
   10.667162286662746        1.0020747788301514     
   10.682814762505245        1.0020407899390493     
   10.698467238347744        1.0007076594846289     
   10.714119714190241        1.0010421078320479     
   10.729772190032740       0.99915805013190484     
   10.745424665875239       0.99918107834279724     
   10.761077141717738       0.99945730754558137     
   10.776729617560235       0.99935059757638545     
   10.792382093402734       0.99815810824182816     
   10.808034569245233       0.99836658311584492     
   10.823687045087732       0.99811584072302928     
   10.839339520930229       0.99770169056652236     
   10.854991996772728       0.99778939292750635     
   10.870644472615227       0.99699060390203620     
   10.886296948457726       0.99674626418525913     
   10.901949424300224       0.99786531646666643     
   10.917601900142722       0.99763454807735075     
   10.933254375985221       0.99822591961664697     
   10.948906851827720       0.99861649145236164     
   10.964559327670218       0.99772624596428339     
   10.980211803512717       0.99765118264582764     
   10.995864279355215       0.99785430838329281     
   11.011516755197714       0.99882267143680536     
   11.027169231040213       0.99867747970622067     
   11.042821706882711       0.99930075325621293     
   11.058474182725210       0.99899515029935160     
   11.074126658567709       0.99901508678758422     
   11.089779134410207        1.0002074186952727     
   11.105431610252705        1.0008275068503636     
   11.121084086095204        1.0007290327491414     
   11.136736561937703        1.0003757618955720     
   11.152389037780202        1.0001079026941220     
   11.168041513622699        1.0007131715350110     
   11.183693989465198        1.0005026316029579     
   11.199346465307697        1.0007833070565029     
   11.214998941150196        1.0010966337977556     
   11.230651416992693        1.0016508983106669     
   11.246303892835192        1.0012016374888901     
   11.261956368677691        1.0018210943237269     
   11.277608844520190        1.0018053709315398     
   11.293261320362687        1.0028966031005377     
   11.308913796205186        1.0028333592011247     
   11.324566272047685        1.0030704415754745     
   11.340218747890184        1.0029410011987607     
   11.355871223732681        1.0024818607544193     
   11.371523699575180        1.0020171324380913     
   11.387176175417679        1.0025940166054290     
   11.402828651260178        1.0034970182362293     
   11.418481127102675        1.0044475844668090     
   11.434133602945174        1.0046188562588565     
   11.449786078787673        1.0033783276341801     
   11.465438554630172        1.0031721544940413     
   11.481091030472669        1.0034407475441511     
   11.496743506315168        1.0046214163689167     
   11.512395982157667        1.0048086305139643     
   11.528048458000166        1.0045560130674283     
   11.543700933842665        1.0033137095777485     
   11.559353409685162        1.0034044773627220     
   11.575005885527661        1.0028938015578561     
   11.590658361370160        1.0033911708015091     
   11.606310837212659        1.0033972716293986     
   11.621963313055156        1.0037019723454439     
   11.637615788897655        1.0029715868686540     
   11.653268264740154        1.0028701332561991     
   11.668920740582653        1.0032373311992484     
   11.684573216425150        1.0019028565188579     
   11.700225692267649        1.0024612675935152     
   11.715878168110148        1.0018010137298570     
   11.731530643952647        1.0015480736541538     
   11.747183119795144        1.0012609857618082     
   11.762835595637643        1.0014413717049830     
   11.778488071480142        1.0009807151229457     
   11.794140547322641        1.0012174233004105     
   11.809793023165138        1.0002274547920866     
   11.825445499007637        1.0004939086306521     
   11.841097974850136       0.99968586274639315     
   11.856750450692635        1.0007782765829740     
   11.872402926535132       0.99913632557770160     
   11.888055402377631       0.99936526298172779     
   11.903707878220130       0.99879872643163559     
   11.919360354062629       0.99868186588059116     
   11.935012829905126       0.99907819565020806     
   11.950665305747625       0.99882435931059388     
   11.966317781590124       0.99818675049434458     
   11.981970257432623       0.99788746132123207     
   11.997622733275120       0.99905909695017336     
   12.013275209117619       0.99895064775916897     
   12.028927684960118       0.99980734117262582     
   12.044580160802617       0.99957057415272965     
   12.060232636645116       0.99912014611358613     
   12.075885112487613       0.99924513125768721     
   12.091537588330112       0.99948886969092698     
   12.107190064172611       0.99949372982275431     
   12.122842540015110       0.99988568257090238     
   12.138495015857607       0.99952895442291390     
   12.154147491700106       0.99904012409516041     
   12.169799967542605       0.99931883904804608     
   12.185452443385104       0.99885577904672829     
   12.201104919227602       0.99940302470092046     
   12.216757395070101       0.99921249835606329     
   12.232409870912599        1.0006058447272868     
   12.248062346755098        1.0002211703213995     
   12.263714822597596        1.0001994879047034     
   12.279367298440095        1.0001003955078427     
   12.295019774282594        1.0010935340207441     
   12.310672250125092        1.0008233293307789     
   12.326324725967590        1.0026399070641157     
   12.341977201810089        1.0031766333570378     
   12.357629677652588        1.0019153115910298     
   12.373282153495087        1.0015614730533962     
   12.388934629337584        1.0017427141060240     
   12.404587105180083        1.0029971944541054     
   12.420239581022582        1.0016385554316267     
   12.435892056865081        1.0024318507158552     
   12.451544532707578        1.0025225682501651     
   12.467197008550077        1.0030569154496582     
   12.482849484392576        1.0039254216571554     
   12.498501960235075        1.0053743742082539     
   12.514154436077572        1.0043229844124693     
   12.529806911920071        1.0027391755824526     
   12.545459387762570        1.0033898631035094     
   12.561111863605069        1.0043707869620633     
   12.576764339447568        1.0033171036555306     
   12.592416815290065        1.0032427675959428     
   12.608069291132564        1.0039616969617668     
   12.623721766975063        1.0035967817360945     
   12.639374242817562        1.0039553063327658     
   12.655026718660059        1.0040071503472778     
   12.670679194502558        1.0032753411578128     
   12.686331670345057        1.0033893134578660     
   12.701984146187556        1.0025350857317556     
   12.717636622030053        1.0028720334205499     
   12.733289097872552        1.0026946601032862     
   12.748941573715051        1.0039348414981908     
   12.764594049557550        1.0030808284093669     
   12.780246525400047        1.0032546593190310     
   12.795899001242546        1.0012374977728860     
   12.811551477085045        1.0010765086859017     
   12.827203952927544        1.0010206937693356     
   12.842856428770041       0.99968920193284838     
   12.858508904612540       0.99996595873239125     
   12.874161380455039        1.0002697814566233     
   12.889813856297538        1.0000337481871961     
   12.905466332140035       0.99980118040702259     
   12.921118807982534       0.99913475568761856     
   12.936771283825033       0.99884361008496092     
   12.952423759667532       0.99859790883040589     
   12.968076235510029       0.99856947472522628     
   12.983728711352528       0.99846947165931688     
   12.999381187195027       0.99959294875438365     
   13.015033663037526       0.99845664522982769     
   13.030686138880023       0.99755340392884628     
   13.046338614722522       0.99867704692304105     
   13.061991090565021       0.99845982782321674     
   13.077643566407520       0.99913657341660000     
   13.093296042250019        1.0007281288874026     
   13.108948518092516       0.99947267792877459     
   13.124600993935015       0.99906099765171552     
   13.140253469777514       0.99881064347014969     
   13.155905945620013       0.99873115718380434     
   13.171558421462510       0.99961793036130286     
   13.187210897305009       0.99945581789980309     
   13.202863373147508       0.99954404065262981     
   13.218515848990007       0.99994654836805164     
   13.234168324832504       0.99997756028488760     
   13.249820800675003        1.0003993092465682     
   13.265473276517502        1.0003439348207601     
   13.281125752360001        1.0001713575102611     
   13.296778228202498        1.0012152096872242     
   13.312430704044997        1.0010623769017490     
   13.328083179887496        1.0010683540739833     
   13.343735655729995        1.0009914743752071     
   13.359388131572492        1.0014666564128529     
   13.375040607414991        1.0016577051873510     
   13.390693083257490        1.0014721547324166     
   13.406345559099989        1.0025161277613810     
   13.421998034942487        1.0028589983751350     
   13.437650510784986        1.0034362651493427     
   13.453302986627484        1.0037163350447298     
   13.468955462469983        1.0034952433067414     
   13.484607938312481        1.0041167087426370     
   13.500260414154980        1.0042204294026229     
   13.515912889997479        1.0041569720022010     
   13.531565365839977        1.0039233178780944     
   13.547217841682476        1.0031528036687252     
   13.562870317524974        1.0028065501310222     
   13.578522793367473        1.0030286963600854     
   13.594175269209972        1.0027249369739548     
   13.609827745052471        1.0030580646534055     
   13.625480220894968        1.0033163259894391     
   13.641132696737467        1.0031533413193232     
   13.656785172579966        1.0034567815327584     
   13.672437648422465        1.0026382952789614     
   13.688090124264962        1.0020115410690233     
   13.703742600107461        1.0022866985010810     
   13.719395075949960        1.0024126208214053     
   13.735047551792459        1.0023413631874494     
   13.750700027634956        1.0025223013610713     
   13.766352503477455        1.0022075880436854     
   13.782004979319954        1.0012978564338679     
   13.797657455162453        1.0011517163733616     
   13.813309931004950        1.0019753934877420     
   13.828962406847449        1.0011529407785538     
   13.844614882689948        1.0023708168873344     
   13.860267358532447        1.0011566190746879     
   13.875919834374944        1.0007648619669567     
   13.891572310217443        1.0008288902096365     
   13.907224786059942        1.0001832341200716     
   13.922877261902441        1.0008820146414759     
   13.938529737744938       0.99980790345821002     
   13.954182213587437       0.99981362366925197     
   13.969834689429936        1.0003905544063603     
   13.985487165272435       0.99892179440229889     
   14.001139641114932       0.99959164552786772     
   14.016792116957431        1.0000000127646449     
   14.032444592799930       0.99865841265010813     
   14.048097068642429       0.99976783258665070     
   14.063749544484928       0.99943871698432818     
   14.079402020327425       0.99926528630290057     
   14.095054496169924       0.99903938030907480     
   14.110706972012423       0.99883744298823951     
   14.126359447854922       0.99989892102446587     
   14.142011923697419        1.0011202364564447     
   14.157664399539918        1.0006057234701173     
   14.173316875382417       0.99934825477258304     
   14.188969351224916        1.0000210091828907     
   14.204621827067413        1.0004372165343509     
   14.220274302909912        1.0004637114353698     
   14.235926778752411        1.0010815950867822     
   14.251579254594910        1.0009057217084614     
   14.267231730437407        1.0003551191068485     
   14.282884206279906        1.0006279810271304     
   14.298536682122405        1.0004571551922627     
   14.314189157964904        1.0004478464046536     
   14.329841633807401        1.0004118244449818     
   14.345494109649900        1.0008557671163978     
   14.361146585492399        1.0013137751417636     
   14.376799061334898        1.0011362452156087     
   14.392451537177395        1.0003004382158005     
   14.408104013019894        1.0014271087213036     
   14.423756488862393        1.0012419308857774     
   14.439408964704892        1.0010736799683682     
   14.455061440547389        1.0009762031998790     
   14.470713916389888        1.0009239194088599     
   14.486366392232387        1.0015923654060424     
   14.502018868074886        1.0026556101165720     
   14.517671343917383        1.0035084800012737     
   14.533323819759882        1.0032570053207419     
   14.548976295602381        1.0026111089613599     
   14.564628771444880        1.0024961069599161     
   14.580281247287379        1.0027798085796111     
   14.595933723129876        1.0022090124357681     
   14.611586198972375        1.0021040315046685     
   14.627238674814874        1.0021923707908913     
   14.642891150657373        1.0032410869142001     
   14.658543626499871        1.0027654771446040     
   14.674196102342369        1.0020359044545721     
   14.689848578184868        1.0021958762709091     
   14.705501054027367        1.0024570606769452     
   14.721153529869865        1.0019387672748836     
   14.736806005712364        1.0013412759851168     
   14.752458481554863        1.0011132212915657     
   14.768110957397361        1.0011080098216247     
   14.783763433239859        1.0015170828753308     
   14.799415909082358        1.0025164839601777     
   14.815068384924857        1.0023591511402936     
   14.830720860767356        1.0020947781632354     
   14.846373336609853        1.0016367811084752     
   14.862025812452352        1.0018606343307328     
   14.877678288294851        1.0017816827308770     
   14.893330764137350        1.0019079105079647     
   14.908983239979847        1.0020104646218306     
   14.924635715822346        1.0012215987354842     
   14.940288191664845        1.0013639879867180     
   14.955940667507344        1.0012792401082795     
   14.971593143349841        1.0013999122372839     
   14.987245619192340        1.0015176245911070     
   15.002898095034839        1.0009867824239522     
   15.018550570877338        1.0013661327176797     
   15.034203046719837        1.0012741578694755     
   15.049855522562334        1.0010890770276799     
   15.065507998404833        1.0009327179938607     
   15.081160474247332        1.0004527043648297     
   15.096812950089831        1.0012105194455896     
   15.112465425932328        1.0008016742407126     
   15.128117901774827        1.0000734913390048     
   15.143770377617326       0.99991245151747754     
   15.159422853459825        1.0000093753561001     
   15.175075329302322        1.0000481225113902     
   15.190727805144821        1.0013733592983720     
   15.206380280987320        1.0015473667962203     
   15.222032756829819        1.0003463437739515     
   15.237685232672316        1.0000246253392060     
   15.253337708514815        1.0002372600377440     
   15.268990184357314       0.99955677185306413     
   15.284642660199813       0.99992333592132776     
   15.300295136042310       0.99991241478255077     
   15.315947611884809        1.0006947023439237     
   15.331600087727308        1.0006470181266063     
   15.347252563569807        1.0007995444184501     
   15.362905039412304        1.0007057826417012     
   15.378557515254803       0.99978847771374135     
   15.394209991097302        1.0001989095358981     
   15.409862466939801        1.0001956865139536     
   15.425514942782298        1.0016113060487715     
   15.441167418624797        1.0008432414927861     
   15.456819894467296        1.0002397209911045     
   15.472472370309795        1.0000430117928534     
   15.488124846152292        1.0003829929262080     
   15.503777321994791        1.0008015456833157     
   15.519429797837290        1.0019456641844291     
   15.535082273679789        1.0014645494875478     
   15.550734749522288        1.0017730253284971     
   15.566387225364785        1.0024349085430062     
   15.582039701207284        1.0016028511144415     
   15.597692177049783        1.0013188304418144     
   15.613344652892282        1.0009079174879600     
   15.628997128734779        1.0005823707853476     
   15.644649604577278        1.0014416598511995     
