   7.8262379212492642E-003   0.0000000000000000     
   2.3478713763747792E-002   0.0000000000000000     
   3.9131189606246321E-002   0.0000000000000000     
   5.4783665448744849E-002   0.0000000000000000     
   7.0436141291243370E-002   0.0000000000000000     
   8.6088617133741913E-002   0.0000000000000000     
  0.10174109297624043        0.0000000000000000     
  0.11739356881873897        0.0000000000000000     
  0.13304604466123748        0.0000000000000000     
  0.14869852050373600        0.0000000000000000     
  0.16435099634623454        0.0000000000000000     
  0.18000347218873308        0.0000000000000000     
  0.19565594803123160        0.0000000000000000     
  0.21130842387373011        0.0000000000000000     
  0.22696089971622865        0.0000000000000000     
  0.24261337555872720        0.0000000000000000     
  0.25826585140122571        0.0000000000000000     
  0.27391832724372422        0.0000000000000000     
  0.28957080308622274        0.0000000000000000     
  0.30522327892872131        0.0000000000000000     
  0.32087575477121982        0.0000000000000000     
  0.33652823061371834        0.0000000000000000     
  0.35218070645621691        0.0000000000000000     
  0.36783318229871542        0.0000000000000000     
  0.38348565814121394        0.0000000000000000     
  0.39913813398371245        0.0000000000000000     
  0.41479060982621097        0.0000000000000000     
  0.43044308566870954        0.0000000000000000     
  0.44609556151120805        0.0000000000000000     
  0.46174803735370656        0.0000000000000000     
  0.47740051319620513        0.0000000000000000     
  0.49305298903870365        0.0000000000000000     
  0.50870546488120216        0.0000000000000000     
  0.52435794072370068        0.0000000000000000     
  0.54001041656619919        0.0000000000000000     
  0.55566289240869771        0.0000000000000000     
  0.57131536825119622        0.0000000000000000     
  0.58696784409369485        0.0000000000000000     
  0.60262031993619336        0.0000000000000000     
  0.61827279577869187        0.0000000000000000     
  0.63392527162119039        0.0000000000000000     
  0.64957774746368890        0.0000000000000000     
  0.66523022330618742        0.0000000000000000     
  0.68088269914868593        0.0000000000000000     
  0.69653517499118456        0.0000000000000000     
  0.71218765083368307        0.0000000000000000     
  0.72784012667618159        0.0000000000000000     
  0.74349260251868010        0.0000000000000000     
  0.75914507836117862        0.0000000000000000     
  0.77479755420367713        0.0000000000000000     
  0.79045003004617564        0.0000000000000000     
  0.80610250588867416        0.0000000000000000     
  0.82175498173117267        0.0000000000000000     
  0.83740745757367130        0.0000000000000000     
  0.85305993341616981        0.0000000000000000     
  0.86871240925866833        0.0000000000000000     
  0.88436488510116684        4.4051945385005212E-006
  0.90001736094366536        1.4103964514099231E-004
  0.91566983678616387        1.8429463937729466E-003
  0.93132231262866239        1.3960519595721782E-002
  0.94697478847116101        6.5775076122388684E-002
  0.96262726431365953       0.21535526208275094     
  0.97827974015615804       0.52312998186345905     
  0.99393221599865655        1.0126251296550266     
   1.0095846918411551        1.6363790396952433     
   1.0252371676836536        2.2957682322359014     
   1.0408896435261521        2.8883501754801948     
   1.0565421193686506        3.3340644408721261     
   1.0721945952111491        3.6038071335966637     
   1.0878470710536476        3.7046174212890532     
   1.1034995468961462        3.6646148004369645     
   1.1191520227386447        3.5171516384657044     
   1.1348044985811432        3.3044218511909413     
   1.1504569744236419        3.0570347317192610     
   1.1661094502661404        2.7941681201439792     
   1.1817619261086389        2.5344729454513453     
   1.1974144019511375        2.2854163601817765     
   1.2130668777936360        2.0570320457880831     
   1.2287193536361345        1.8483595584767507     
   1.2443718294786330        1.6612343906251363     
   1.2600243053211315        1.4937250132549782     
   1.2756767811636300        1.3455085439368064     
   1.2913292570061286        1.2155645118789664     
   1.3069817328486271        1.1004181133937363     
   1.3226342086911256       0.99859824253332241     
   1.3382866845336241       0.91049181189912887     
   1.3539391603761226       0.83283131164959145     
   1.3695916362186211       0.76431860784746830     
   1.3852441120611199       0.70493843433467140     
   1.4008965879036184       0.65256860774437964     
   1.4165490637461169       0.60579942425093025     
   1.4322015395886154       0.56575032017853000     
   1.4478540154311139       0.53048586980039480     
   1.4635064912736124       0.49854220378777531     
   1.4791589671161109       0.47217575478978197     
   1.4948114429586095       0.44916403213498102     
   1.5104639188011080       0.43008440677303189     
   1.5261163946436065       0.41214517884013857     
   1.5417688704861050       0.39741204907194005     
   1.5574213463286035       0.38540740240183552     
   1.5730738221711020       0.37549318647668689     
   1.5887262980136005       0.36801201600313421     
   1.6043787738560991       0.36257235599486259     
   1.6200312496985976       0.36040438869589764     
   1.6356837255410961       0.35970002034528475     
   1.6513362013835948       0.36184945768545473     
   1.6669886772260933       0.36671992344404952     
   1.6826411530685919       0.37535810735503106     
   1.6982936289110904       0.38734412811687319     
   1.7139461047535889       0.40185104340568395     
   1.7295985805960874       0.42139188488405821     
   1.7452510564385859       0.44484772786441390     
   1.7609035322810844       0.47383255140804248     
   1.7765560081235829       0.50793496623222611     
   1.7922084839660815       0.54723681204269214     
   1.8078609598085800       0.59153767271649849     
   1.8235134356510785       0.64098361589953901     
   1.8391659114935770       0.69493278134532166     
   1.8548183873360755       0.75188570883385408     
   1.8704708631785740       0.80923744077966753     
   1.8861233390210728       0.86850178954261925     
   1.9017758148635713       0.92722453534597638     
   1.9174282907060698       0.98429892122425489     
   1.9330807665485683        1.0378737672519376     
   1.9487332423910668        1.0887297683612502     
   1.9643857182335653        1.1388491073970712     
   1.9800381940760639        1.1862862260646183     
   1.9956906699185624        1.2336670250156545     
   2.0113431457610611        1.2811569725967928     
   2.0269956216035596        1.3283762760348123     
   2.0426480974460581        1.3756252677658540     
   2.0583005732885566        1.4237413538659953     
   2.0739530491310552        1.4708672383982846     
   2.0896055249735537        1.5154155220109355     
   2.1052580008160522        1.5549892284814371     
   2.1209104766585507        1.5869257674490518     
   2.1365629525010492        1.6111991769979004     
   2.1522154283435477        1.6268797866044544     
   2.1678679041860462        1.6312977364750620     
   2.1835203800285448        1.6272214884157574     
   2.1991728558710433        1.6129939081342903     
   2.2148253317135418        1.5899357274753769     
   2.2304778075560403        1.5590977950860441     
   2.2461302833985388        1.5229679278413122     
   2.2617827592410373        1.4801542350265287     
   2.2774352350835363        1.4324311518625268     
   2.2930877109260348        1.3826614624886839     
   2.3087401867685333        1.3307446282065383     
   2.3243926626110318        1.2788348715484184     
   2.3400451384535303        1.2261601199498153     
   2.3556976142960289        1.1737994836681271     
   2.3713500901385274        1.1227375933374490     
   2.3870025659810259        1.0727807947448911     
   2.4026550418235244        1.0245812049619238     
   2.4183075176660229       0.97903926224282611     
   2.4339599935085214       0.93537955498026104     
   2.4496124693510199       0.89525371985694535     
   2.4652649451935185       0.85668086231154927     
   2.4809174210360170       0.82083601310237486     
   2.4965698968785155       0.78791109854893837     
   2.5122223727210140       0.75830047916092702     
   2.5278748485635125       0.73108302038515094     
   2.5435273244060110       0.70613802200102038     
   2.5591798002485096       0.68437401006533272     
   2.5748322760910081       0.66461333021333080     
   2.5904847519335066       0.64721274703758458     
   2.6061372277760051       0.63333807804886599     
   2.6217897036185036       0.62113036266500088     
   2.6374421794610021       0.61213766319884577     
   2.6530946553035006       0.60546437662026620     
   2.6687471311459992       0.60173863902183722     
   2.6843996069884977       0.60143539989414907     
   2.7000520828309962       0.60411326036101176     
   2.7157045586734947       0.60947632326493684     
   2.7313570345159932       0.61802987708050594     
   2.7470095103584917       0.63013987877335575     
   2.7626619862009907       0.64626070523789259     
   2.7783144620434892       0.66602992707018771     
   2.7939669378859877       0.68966411128773053     
   2.8096194137284862       0.71609811982733307     
   2.8252718895709847       0.74592810579238789     
   2.8409243654134833       0.77948996171504270     
   2.8565768412559818       0.81553856342856623     
   2.8722293170984803       0.85442055521081661     
   2.8878817929409788       0.89456688258235217     
   2.9035342687834773       0.93505634066976129     
   2.9191867446259758       0.97654707031504118     
   2.9348392204684743        1.0167037510008183     
   2.9504916963109729        1.0562014823448160     
   2.9661441721534714        1.0940129286115012     
   2.9817966479959699        1.1283260890659139     
   2.9974491238384684        1.1603299762978712     
   3.0131015996809669        1.1891633233316641     
   3.0287540755234654        1.2152102523068020     
   3.0444065513659639        1.2376162212264663     
   3.0600590272084625        1.2555337221974852     
   3.0757115030509610        1.2686038454033066     
   3.0913639788934595        1.2809043615783418     
   3.1070164547359580        1.2884555678766441     
   3.1226689305784565        1.2933654113794171     
   3.1383214064209550        1.2953388143903057     
   3.1539738822634535        1.2951575811433529     
   3.1696263581059521        1.2923976859300232     
   3.1852788339484506        1.2872084422324963     
   3.2009313097909491        1.2792259808912976     
   3.2165837856334476        1.2704383726331048     
   3.2322362614759461        1.2604362144418380     
   3.2478887373184446        1.2486896503302920     
   3.2635412131609431        1.2342713790699598     
   3.2791936890034421        1.2191646220383663     
   3.2948461648459406        1.2032533159150327     
   3.3104986406884391        1.1848869349978568     
   3.3261511165309376        1.1679599403892098     
   3.3418035923734362        1.1482357808289601     
   3.3574560682159347        1.1286059897444045     
   3.3731085440584332        1.1081219952067789     
   3.3887610199009317        1.0869361752284714     
   3.4044134957434302        1.0657884407775087     
   3.4200659715859287        1.0442218692811018     
   3.4357184474284272        1.0227331214334157     
   3.4513709232709258        1.0011992784250825     
   3.4670233991134243       0.98044450943704931     
   3.4826758749559228       0.95969093511119330     
   3.4983283507984213       0.93929257694710699     
   3.5139808266409198       0.92002943254480030     
   3.5296333024834183       0.90101922713242399     
   3.5452857783259168       0.88292603517965329     
   3.5609382541684154       0.86652100375621932     
   3.5765907300109139       0.85090957081792717     
   3.5922432058534124       0.83606468829118563     
   3.6078956816959109       0.82301662999842540     
   3.6235481575384094       0.81184621975700200     
   3.6392006333809079       0.80130108766504049     
   3.6548531092234064       0.79260572038447930     
   3.6705055850659050       0.78598220712384148     
   3.6861580609084035       0.78101575416696711     
   3.7018105367509020       0.77879470684464558     
   3.7174630125934005       0.77763762841167094     
   3.7331154884358990       0.77936092020496961     
   3.7487679642783975       0.78198165130520736     
   3.7644204401208965       0.78713459264640429     
   3.7800729159633950       0.79420637727901167     
   3.7957253918058935       0.80339799808625800     
   3.8113778676483920       0.81543989924628046     
   3.8270303434908906       0.82820038816417729     
   3.8426828193333891       0.84273097337967406     
   3.8583352951758876       0.85968665984583525     
   3.8739877710183861       0.87805961604609661     
   3.8896402468608846       0.89795446620808284     
   3.9052927227033831       0.91911220589391596     
   3.9209451985458816       0.94073161792781113     
   3.9365976743883802       0.96321401821057429     
   3.9522501502308787       0.98589307674451032     
   3.9679026260733772        1.0086348193926500     
   3.9835551019158757        1.0311186701447452     
   3.9992075777583742        1.0527042763400634     
   4.0148600536008727        1.0732354061476175     
   4.0305125294433717        1.0931143584139917     
   4.0461650052858698        1.1111481639341083     
   4.0618174811283687        1.1266908411803043     
   4.0774699569708668        1.1409023657735236     
   4.0931224328133657        1.1526653374558997     
   4.1087749086558638        1.1624891708142073     
   4.1244273844983628        1.1708934154516328     
   4.1400798603408608        1.1768718978310908     
   4.1557323361833598        1.1804973378728276     
   4.1713848120258579        1.1814843287155476     
   4.1870372878683568        1.1817806073713035     
   4.2026897637108549        1.1794530318992407     
   4.2183422395533539        1.1747201740942141     
   4.2339947153958519        1.1688558227285171     
   4.2496471912383509        1.1625113300398824     
   4.2652996670808490        1.1547294415924876     
   4.2809521429233479        1.1451650967572693     
   4.2966046187658460        1.1342281926501221     
   4.3122570946083449        1.1234556448659463     
   4.3279095704508430        1.1122648061538145     
   4.3435620462933420        1.0995387577533560     
   4.3592145221358400        1.0870108211227716     
   4.3748669979783390        1.0745083028470785     
   4.3905194738208371        1.0611047529893713     
   4.4061719496633360        1.0486220988277577     
   4.4218244255058341        1.0355922579969548     
   4.4374769013483331        1.0233616583345932     
   4.4531293771908311        1.0105943306801075     
   4.4687818530333301       0.99885898201612322     
   4.4844343288758282       0.98639100486149467     
   4.5000868047183271       0.97478872594608035     
   4.5157392805608252       0.96340228919853288     
   4.5313917564033241       0.95235859738228490     
   4.5470442322458231       0.94251410009191183     
   4.5626967080883212       0.93346817331777410     
   4.5783491839308201       0.92406147646778636     
   4.5940016597733182       0.91537012280196350     
   4.6096541356158172       0.90758261587193356     
   4.6253066114583152       0.90091765117616884     
   4.6409590873008142       0.89454031174022752     
   4.6566115631433123       0.88948091886202840     
   4.6722640389858112       0.88505570138904965     
   4.6879165148283093       0.88134334905217770     
   4.7035689906708082       0.87927323615726727     
   4.7192214665133063       0.87751280333687010     
   4.7348739423558053       0.87744119533229747     
   4.7505264181983033       0.87788182167771067     
   4.7661788940408023       0.87958619292937235     
   4.7818313698833004       0.88225573274172076     
   4.7974838457257993       0.88648874627468777     
   4.8131363215682974       0.89182622124262878     
   4.8287887974107964       0.89722442867181573     
   4.8444412732532944       0.90465841385183232     
   4.8600937490957934       0.91224497920453984     
   4.8757462249382915       0.92125135953446524     
   4.8913987007807904       0.93054440169346009     
   4.9070511766232885       0.94095206603565784     
   4.9227036524657874       0.95086721423593346     
   4.9383561283082855       0.96186888272163140     
   4.9540086041507845       0.97323066328898500     
   4.9696610799932825       0.98452087358502582     
   4.9853135558357815       0.99594385451094969     
   5.0009660316782796        1.0078562168202050     
   5.0166185075207785        1.0194470968259826     
   5.0322709833632775        1.0306766573288344     
   5.0479234592057756        1.0414616612269725     
   5.0635759350482745        1.0520333897356982     
   5.0792284108907726        1.0619350490387076     
   5.0948808867332716        1.0706615828148567     
   5.1105333625757696        1.0783065942252534     
   5.1261858384182686        1.0855353782065866     
   5.1418383142607667        1.0912474999327841     
   5.1574907901032656        1.0968391845564525     
   5.1731432659457637        1.1007003698310305     
   5.1887957417882626        1.1036629719118458     
   5.2044482176307607        1.1050955231365671     
   5.2201006934732597        1.1056402089412070     
   5.2357531693157577        1.1053720211093381     
   5.2514056451582567        1.1042769925612030     
   5.2670581210007548        1.1010521673725902     
   5.2827105968432537        1.0983081957771266     
   5.2983630726857518        1.0941410578378215     
   5.3140155485282508        1.0888815025216914     
   5.3296680243707488        1.0830089822332478     
   5.3453205002132478        1.0764423338475533     
   5.3609729760557459        1.0696229586965382     
   5.3766254518982448        1.0618475638665734     
   5.3922779277407429        1.0537785274787155     
   5.4079304035832418        1.0458602662333085     
   5.4235828794257399        1.0373779560989111     
   5.4392353552682389        1.0290542885226335     
   5.4548878311107369        1.0204030852373844     
   5.4705403069532359        1.0119353300896687     
   5.4861927827957340        1.0035402143496106     
   5.5018452586382329       0.99530884515653173     
   5.5174977344807319       0.98753932487345253     
   5.5331502103232300       0.98026173535272887     
   5.5488026861657289       0.97292983594894789     
   5.5644551620082270       0.96581287360791024     
   5.5801076378507259       0.95938265284871116     
   5.5957601136932240       0.95340551951485930     
   5.6114125895357230       0.94793981866973076     
   5.6270650653782210       0.94324647459790156     
   5.6427175412207200       0.93837733808266099     
   5.6583700170632181       0.93433690072038100     
   5.6740224929057170       0.93135744232205553     
   5.6896749687482151       0.92857188916294719     
   5.7053274445907141       0.92695987973812788     
   5.7209799204332121       0.92569944462119802     
   5.7366323962757111       0.92552830277538956     
   5.7522848721182092       0.92567253904566638     
   5.7679373479607081       0.92694510327035540     
   5.7835898238032062       0.92846287253077697     
   5.7992422996457051       0.93048624638001765     
   5.8148947754882032       0.93287148124842423     
   5.8305472513307022       0.93682051333663852     
   5.8461997271732002       0.94086459961067459     
   5.8618522030156992       0.94443554687577280     
   5.8775046788581973       0.94903613022616740     
   5.8931571547006962       0.95425310125664098     
   5.9088096305431943       0.95954264942257306     
   5.9244621063856933       0.96570578776128813     
   5.9401145822281913       0.97265302850131863     
   5.9557670580706903       0.97920360409112039     
   5.9714195339131884       0.98529789392274425     
   5.9870720097556873       0.99225031576282230     
   6.0027244855981854       0.99836568857966057     
   6.0183769614406843        1.0053551994099281     
   6.0340294372831833        1.0114713783769937     
   6.0496819131256814        1.0176025691153860     
   6.0653343889681803        1.0231156630544873     
   6.0809868648106784        1.0291312095313154     
   6.0966393406531774        1.0342306021862253     
   6.1122918164956754        1.0392060676562920     
   6.1279442923381744        1.0438004702955332     
   6.1435967681806725        1.0479169803368238     
   6.1592492440231714        1.0514442821149228     
   6.1749017198656695        1.0539179071044193     
   6.1905541957081685        1.0565086093837137     
   6.2062066715506665        1.0585951264173656     
   6.2218591473931655        1.0598418133542629     
   6.2375116232356635        1.0609333080677807     
   6.2531640990781625        1.0607703801384962     
   6.2688165749206606        1.0604033404166047     
   6.2844690507631595        1.0596113991312863     
   6.3001215266056576        1.0578444634223769     
   6.3157740024481566        1.0563662523847668     
   6.3314264782906546        1.0538095561672758     
   6.3470789541331536        1.0514450303795120     
   6.3627314299756517        1.0481272804621982     
   6.3783839058181506        1.0446716170818457     
   6.3940363816606487        1.0408200555760538     
   6.4096888575031477        1.0369207258532618     
   6.4253413333456457        1.0321737889837308     
   6.4409938091881447        1.0277115439230524     
   6.4566462850306428        1.0225025570426243     
   6.4722987608731417        1.0172914777852551     
   6.4879512367156398        1.0120374395131140     
   6.5036037125581387        1.0067585483341126     
   6.5192561884006368        1.0018176914930375     
   6.5349086642431358       0.99676646856899220     
   6.5505611400856347       0.99188112870660627     
   6.5662136159281328       0.98726295517377549     
   6.5818660917706318       0.98287109989304655     
   6.5975185676131298       0.97899715725170644     
   6.6131710434556288       0.97468642626021407     
   6.6288235192981269       0.97090062300170765     
   6.6444759951406258       0.96716798214452360     
   6.6601284709831239       0.96394894254006158     
   6.6757809468256228       0.96127269313208774     
   6.6914334226681209       0.95878217077096528     
   6.7070858985106199       0.95690737920649760     
   6.7227383743531179       0.95581936344425100     
   6.7383908501956169       0.95438442955902447     
   6.7540433260381150       0.95343929701452901     
   6.7696958018806139       0.95351413076975655     
   6.7853482777231120       0.95372041033662780     
   6.8010007535656110       0.95464401818425693     
   6.8166532294081090       0.95579182255758011     
   6.8323057052506080       0.95723648021714935     
   6.8479581810931061       0.95904161607112026     
   6.8636106569356050       0.96189740393670853     
   6.8792631327781031       0.96502240761002323     
   6.8949156086206020       0.96804095897823461     
   6.9105680844631001       0.97164178538472579     
   6.9262205603055991       0.97532160542352708     
   6.9418730361480971       0.97884920697189892     
   6.9575255119905961       0.98231992066572971     
   6.9731779878330942       0.98689721548473264     
   6.9888304636755931       0.99069768789678003     
   7.0044829395180912       0.99482260398984024     
   7.0201354153605902       0.99923598808285852     
   7.0357878912030891        1.0031910340061305     
   7.0514403670455872        1.0069440842895612     
   7.0670928428880861        1.0113229103901040     
   7.0827453187305842        1.0145735460160048     
   7.0983977945730832        1.0184430104254905     
   7.1140502704155812        1.0218756736016243     
   7.1297027462580802        1.0249383205534828     
   7.1453552221005783        1.0278214161036909     
   7.1610076979430772        1.0299467008964296     
   7.1766601737855753        1.0314802219891750     
   7.1923126496280743        1.0333702072879614     
   7.2079651254705723        1.0349192028639127     
   7.2236176013130713        1.0357160410203357     
   7.2392700771555694        1.0364265810071798     
   7.2549225529980683        1.0370470631178652     
   7.2705750288405664        1.0370206931430925     
   7.2862275046830653        1.0368355697017135     
   7.3018799805255634        1.0363495265979163     
   7.3175324563680624        1.0360964658845706     
   7.3331849322105604        1.0344291306312807     
   7.3488374080530594        1.0328600794057476     
   7.3644898838955575        1.0308851456952532     
   7.3801423597380564        1.0290157403843463     
   7.3957948355805545        1.0267828391116247     
   7.4114473114230535        1.0247565523552740     
   7.4270997872655515        1.0227198573716620     
   7.4427522631080505        1.0198010383135834     
   7.4584047389505486        1.0171976215602623     
   7.4740572147930475        1.0145986805077309     
   7.4897096906355456        1.0117825366477755     
   7.5053621664780445        1.0092892990762083     
   7.5210146423205435        1.0064530630887834     
   7.5366671181630416        1.0034053447021960     
   7.5523195940055405       0.99987612623915711     
   7.5679720698480386       0.99723499300799356     
   7.5836245456905376       0.99404757734825211     
   7.5992770215330356       0.99151208031295701     
   7.6149294973755346       0.98902390586174027     
   7.6305819732180327       0.98659752620457164     
   7.6462344490605316       0.98419326622393155     
   7.6618869249030297       0.98180088461814186     
   7.6775394007455287       0.97970814733600198     
   7.6931918765880267       0.97802720665362619     
   7.7088443524305257       0.97661485143193905     
   7.7244968282730238       0.97513195910873041     
   7.7401493041155227       0.97392857872915362     
   7.7558017799580208       0.97290040070286210     
   7.7714542558005197       0.97241438037183048     
   7.7871067316430178       0.97199566406691662     
   7.8027592074855168       0.97221950136273361     
   7.8184116833280148       0.97244630412400634     
   7.8340641591705138       0.97309166443668860     
   7.8497166350130119       0.97422177439406876     
   7.8653691108555108       0.97538125325212477     
   7.8810215866980089       0.97660568231993561     
   7.8966740625405079       0.97795406200075907     
   7.9123265383830059       0.98025552732403509     
   7.9279790142255049       0.98175075370052123     
   7.9436314900680030       0.98406678994753549     
   7.9592839659105019       0.98667382078537746     
   7.9749364417530000       0.98875972272926049     
   7.9905889175954989       0.99080813882587404     
   8.0062413934379961       0.99343270312244292     
   8.0218938692804951       0.99598512560785812     
   8.0375463451229940       0.99845348809715684     
   8.0531988209654930        1.0009001412902765     
   8.0688512968079902        1.0035627386406087     
   8.0845037726504891        1.0057144680161552     
   8.1001562484929881        1.0083194166342451     
   8.1158087243354871        1.0106843847707778     
   8.1314612001779842        1.0129075368661773     
   8.1471136760204832        1.0147451004463426     
   8.1627661518629822        1.0165602250193564     
   8.1784186277054811        1.0185262526191954     
   8.1940711035479783        1.0195690891032880     
   8.2097235793904773        1.0205904703921427     
   8.2253760552329762        1.0216977768298723     
   8.2410285310754752        1.0227499991746869     
   8.2566810069179724        1.0231312525415219     
   8.2723334827604713        1.0239337346723887     
   8.2879859586029703        1.0239455126258137     
   8.3036384344454692        1.0236813950875658     
   8.3192909102879664        1.0237129007355661     
   8.3349433861304654        1.0229271267060600     
   8.3505958619729643        1.0220776430054606     
   8.3662483378154633        1.0214169991112505     
   8.3819008136579605        1.0203310441818907     
   8.3975532895004594        1.0192452135501717     
   8.4132057653429584        1.0180892761109712     
   8.4288582411854573        1.0164280588214671     
   8.4445107170279545        1.0149314128704954     
   8.4601631928704535        1.0133812857775817     
   8.4758156687129524        1.0117649316342814     
   8.4914681445554514        1.0101850650412638     
   8.5071206203979486        1.0083129848752546     
   8.5227730962404475        1.0061377497960642     
   8.5384255720829465        1.0044435434390655     
   8.5540780479254455        1.0027036939657632     
   8.5697305237679444        1.0004153797677562     
   8.5853829996104416       0.99907537755757303     
   8.6010354754529406       0.99741575489044632     
   8.6166879512954395       0.99578299705006246     
   8.6323404271379385       0.99433621137312300     
   8.6479929029804357       0.99271266660274582     
   8.6636453788229346       0.99067220287072955     
   8.6792978546654336       0.98990241841573612     
   8.6949503305079325       0.98874985577814567     
   8.7106028063504297       0.98756891667025637     
   8.7262552821929287       0.98687699836639564     
   8.7419077580354276       0.98607882012466552     
   8.7575602338779266       0.98499297104371897     
   8.7732127097204238       0.98424183689557498     
   8.7888651855629227       0.98389676813666638     
   8.8045176614054217       0.98350134080823293     
   8.8201701372479206       0.98331844576650440     
   8.8358226130904178       0.98312839093943094     
   8.8514750889329168       0.98392447759337887     
   8.8671275647754157       0.98422501928008677     
   8.8827800406179147       0.98479788259895906     
   8.8984325164604119       0.98527334328630090     
   8.9140849923029108       0.98628192381140267     
   8.9297374681454098       0.98708270211415927     
   8.9453899439879088       0.98837423695774806     
   8.9610424198304059       0.98984809303855992     
   8.9766948956729049       0.99126250620684586     
   8.9923473715154039       0.99264029703669743     
   9.0079998473579028       0.99468993609632728     
   9.0236523232004000       0.99586498903922038     
   9.0393047990428990       0.99725069255462562     
   9.0549572748853979       0.99930019741595177     
   9.0706097507278969        1.0005304143685578     
   9.0862622265703958        1.0018916835747411     
   9.1019147024128930        1.0030985174434786     
   9.1175671782553920        1.0045362856208770     
   9.1332196540978909        1.0061344504267189     
   9.1488721299403899        1.0079340789394196     
   9.1645246057828871        1.0089165308048469     
   9.1801770816253860        1.0097753763669619     
   9.1958295574678850        1.0108571381520357     
   9.2114820333103840        1.0123010216114168     
   9.2271345091528811        1.0127781389595585     
   9.2427869849953801        1.0136495130502983     
   9.2584394608378791        1.0140695959098194     
   9.2740919366803780        1.0146534021247795     
   9.2897444125228752        1.0149325813485439     
   9.3053968883653742        1.0153769248014861     
   9.3210493642078731        1.0156021769682675     
   9.3367018400503721        1.0152604568431147     
   9.3523543158928693        1.0153149165247564     
   9.3680067917353682        1.0147683080805516     
   9.3836592675778672        1.0144747519981270     
   9.3993117434203661        1.0141314001779260     
   9.4149642192628633        1.0130578886566353     
   9.4306166951053623        1.0123558589425536     
   9.4462691709478612        1.0114018149271524     
   9.4619216467903602        1.0103129791794785     
   9.4775741226328574        1.0091966539209494     
   9.4932265984753563        1.0084796643392477     
   9.5088790743178553        1.0075901610794296     
   9.5245315501603542        1.0062101573945241     
   9.5401840260028532        1.0047869212887712     
   9.5558365018453504        1.0039476892682446     
   9.5714889776878493        1.0031151366172804     
   9.5871414535303483        1.0012464346175995     
   9.6027939293728473        1.0005557910497298     
   9.6184464052153444       0.99952573211417350     
   9.6340988810578434       0.99836655337082669     
   9.6497513569003424       0.99724099361416274     
   9.6654038327428413       0.99613856093701125     
   9.6810563085853385       0.99507223840775505     
   9.6967087844278375       0.99391087572994830     
   9.7123612602703364       0.99319647463605520     
   9.7280137361128354       0.99241235424365815     
   9.7436662119553326       0.99194606818127118     
   9.7593186877978315       0.99155521070093200     
   9.7749711636403305       0.99108548012626640     
   9.7906236394828294       0.99138589997944948     
   9.8062761153253266       0.99078981764247742     
   9.8219285911678256       0.99025728010456315     
   9.8375810670103245       0.99026606943923456     
   9.8532335428528235       0.99037904717334302     
   9.8688860186953207       0.99000619921818567     
   9.8845384945378196       0.99065340903484556     
   9.9001909703803186       0.99079863746031627     
   9.9158434462228175       0.99140958339373875     
   9.9314959220653147       0.99192324997107573     
   9.9471483979078137       0.99233356892056857     
   9.9628008737503126       0.99307652578547156     
   9.9784533495928116       0.99371237252572797     
   9.9941058254353088       0.99464334377623675     
   10.009758301277808       0.99575007876589727     
   10.025410777120307       0.99624707266357737     
   10.041063252962806       0.99752665444736388     
   10.056715728805305       0.99833198643878340     
   10.072368204647802       0.99887568838715002     
   10.088020680490301       0.99976357626169043     
   10.103673156332800        1.0012118081436083     
   10.119325632175299        1.0021984048913124     
   10.134978108017796        1.0030265159260905     
   10.150630583860295        1.0037172957044624     
   10.166283059702794        1.0047539330221442     
   10.181935535545293        1.0054236083696371     
   10.197588011387790        1.0062113927316341     
   10.213240487230289        1.0070161208114969     
   10.228892963072788        1.0071727769161760     
   10.244545438915287        1.0081002420983811     
   10.260197914757784        1.0086565524557694     
   10.275850390600283        1.0092335362256610     
   10.291502866442782        1.0094895724158999     
   10.307155342285281        1.0094235876509861     
   10.322807818127778        1.0097988703115024     
   10.338460293970277        1.0102124577210756     
   10.354112769812776        1.0095664015999193     
   10.369765245655275        1.0095144745022677     
   10.385417721497772        1.0097270868361754     
   10.401070197340271        1.0099821489780711     
   10.416722673182770        1.0096447226001068     
   10.432375149025269        1.0090430775431791     
   10.448027624867766        1.0087808727058323     
   10.463680100710265        1.0081726706561676     
   10.479332576552764        1.0077340887764679     
   10.494985052395263        1.0071369800878280     
   10.510637528237760        1.0063429952658702     
   10.526290004080259        1.0058068962199826     
   10.541942479922758        1.0053557847948800     
   10.557594955765257        1.0044775814628422     
   10.573247431607756        1.0035154366768673     
   10.588899907450253        1.0031227538384033     
   10.604552383292752        1.0020422422074244     
   10.620204859135251        1.0008265904671902     
   10.635857334977750        1.0000608096344730     
   10.651509810820247       0.99922821348071933     
   10.667162286662746       0.99880643111709000     
   10.682814762505245       0.99795220531113338     
   10.698467238347744       0.99755538791153531     
   10.714119714190241       0.99716582047663915     
   10.729772190032740       0.99632344494135849     
   10.745424665875239       0.99577698097381995     
   10.761077141717738       0.99568335816178077     
   10.776729617560235       0.99521833901685874     
   10.792382093402734       0.99471843568638063     
   10.808034569245233       0.99435178631679566     
   10.823687045087732       0.99452557160557609     
   10.839339520930229       0.99455712646727534     
   10.854991996772728       0.99438458858428003     
   10.870644472615227       0.99431900075640545     
   10.886296948457726       0.99421204473149849     
   10.901949424300224       0.99463687783470989     
   10.917601900142722       0.99465579552979333     
   10.933254375985221       0.99498144062668770     
   10.948906851827720       0.99509531866936385     
   10.964559327670218       0.99543675746428695     
   10.980211803512717       0.99620249716241538     
   10.995864279355215       0.99651574560503087     
   11.011516755197714       0.99704433009402049     
   11.027169231040213       0.99767466327554533     
   11.042821706882711       0.99785391651628152     
   11.058474182725210       0.99859177726653936     
   11.074126658567709       0.99942409003206234     
   11.089779134410207        1.0000897490423928     
   11.105431610252705        1.0007250144166149     
   11.121084086095204        1.0010340046357142     
   11.136736561937703        1.0018531042245948     
   11.152389037780202        1.0020501743480856     
   11.168041513622699        1.0027494208740220     
   11.183693989465198        1.0032520134970415     
   11.199346465307697        1.0035090328494780     
   11.214998941150196        1.0036105796420609     
   11.230651416992693        1.0044540287369179     
   11.246303892835192        1.0051793145905459     
   11.261956368677691        1.0052115402592148     
   11.277608844520190        1.0055945627531138     
   11.293261320362687        1.0053281872969122     
   11.308913796205186        1.0058772376081970     
   11.324566272047685        1.0061314846401110     
   11.340218747890184        1.0062984295394422     
   11.355871223732681        1.0063890683154517     
   11.371523699575180        1.0062343754203826     
   11.387176175417679        1.0062863073600121     
   11.402828651260178        1.0064261148271507     
   11.418481127102675        1.0063249618583510     
   11.434133602945174        1.0066331019378374     
   11.449786078787673        1.0063875060869010     
   11.465438554630172        1.0058212561926227     
   11.481091030472669        1.0057979119891878     
   11.496743506315168        1.0053923254131545     
   11.512395982157667        1.0051319720925598     
   11.528048458000166        1.0048311814657895     
   11.543700933842665        1.0043881279392926     
   11.559353409685162        1.0037276428963584     
   11.575005885527661        1.0036054647316988     
   11.590658361370160        1.0028927255925670     
   11.606310837212659        1.0023881173321525     
   11.621963313055156        1.0019597179054667     
   11.637615788897655        1.0015695454498243     
   11.653268264740154        1.0010716451568933     
   11.668920740582653        1.0006587406538623     
   11.684573216425150        1.0001908038231515     
   11.700225692267649       0.99957171682316437     
   11.715878168110148       0.99923651295598270     
   11.731530643952647       0.99879354442325030     
   11.747183119795144       0.99813850000987148     
   11.762835595637643       0.99794344940333524     
   11.778488071480142       0.99793138397160353     
   11.794140547322641       0.99734843976424270     
   11.809793023165138       0.99735653406933977     
   11.825445499007637       0.99713434065953033     
   11.841097974850136       0.99674022554822106     
   11.856750450692635       0.99699695742281635     
   11.872402926535132       0.99728523834318772     
   11.888055402377631       0.99682677603322078     
   11.903707878220130       0.99701149879777717     
   11.919360354062629       0.99702064209688357     
   11.935012829905126       0.99712604103246227     
   11.950665305747625       0.99714825370838367     
   11.966317781590124       0.99731923160598435     
   11.981970257432623       0.99785044972649140     
   11.997622733275120       0.99821696400894777     
   12.013275209117619       0.99812044879029482     
   12.028927684960118       0.99828078362957684     
   12.044580160802617       0.99877772142906984     
   12.060232636645116       0.99898874079470312     
   12.075885112487613       0.99947113289256140     
   12.091537588330112       0.99992377549180145     
   12.107190064172611        1.0002735397851421     
   12.122842540015110        1.0007920522951643     
   12.138495015857607        1.0012053079857288     
   12.154147491700106        1.0016216127707129     
   12.169799967542605        1.0019905492845391     
   12.185452443385104        1.0020388422610078     
   12.201104919227602        1.0025721860061869     
   12.216757395070101        1.0025876944688832     
   12.232409870912599        1.0029445358736833     
   12.248062346755098        1.0033033278964452     
   12.263714822597596        1.0033867514572306     
   12.279367298440095        1.0036816566431475     
   12.295019774282594        1.0036273706305381     
   12.310672250125092        1.0036780358837341     
   12.326324725967590        1.0043064136013056     
   12.341977201810089        1.0045222943526881     
   12.357629677652588        1.0045327915605440     
   12.373282153495087        1.0044138433668139     
   12.388934629337584        1.0041819908642180     
   12.404587105180083        1.0042540018987405     
   12.420239581022582        1.0043173232571878     
   12.435892056865081        1.0039375728001516     
   12.451544532707578        1.0042230666743743     
   12.467197008550077        1.0038527470502225     
   12.482849484392576        1.0039423136448962     
   12.498501960235075        1.0033589135751220     
   12.514154436077572        1.0034215821555315     
   12.529806911920071        1.0033916853931240     
   12.545459387762570        1.0033138468183085     
   12.561111863605069        1.0030093033800740     
   12.576764339447568        1.0027519822324829     
   12.592416815290065        1.0025621132488205     
   12.608069291132564        1.0019641374351476     
   12.623721766975063        1.0020069803460416     
   12.639374242817562        1.0020109061985143     
   12.655026718660059        1.0014847628343009     
   12.670679194502558        1.0012633496135552     
   12.686331670345057        1.0010453872799034     
   12.701984146187556        1.0008356170490844     
   12.717636622030053        1.0004472236807029     
   12.733289097872552        1.0002691341332222     
   12.748941573715051        1.0000807866444732     
   12.764594049557550        1.0000696139277299     
   12.780246525400047       0.99982378777395586     
   12.795899001242546       0.99941283700669592     
   12.811551477085045       0.99913384962599605     
   12.827203952927544       0.99909958984215508     
   12.842856428770041       0.99896635921628263     
   12.858508904612540       0.99869832635556677     
   12.874161380455039       0.99858445478330193     
   12.889813856297538       0.99842682108272074     
   12.905466332140035       0.99841328600009194     
   12.921118807982534       0.99871027243596455     
   12.936771283825033       0.99880175140945204     
   12.952423759667532       0.99869121255868698     
   12.968076235510029       0.99893470376831650     
   12.983728711352528       0.99906988907571737     
   12.999381187195027       0.99906785241643825     
   13.015033663037526       0.99912552466183491     
   13.030686138880023       0.99926018045773346     
   13.046338614722522       0.99939708867680399     
   13.061991090565021       0.99974659772915553     
   13.077643566407520        1.0000145646950742     
   13.093296042250019        1.0002327966221898     
   13.108948518092516        1.0003113870810740     
   13.124600993935015        1.0005822607925083     
   13.140253469777514        1.0010465712572496     
   13.155905945620013        1.0011033569541761     
   13.171558421462510        1.0011853949226464     
   13.187210897305009        1.0014284649945282     
   13.202863373147508        1.0018710054593924     
   13.218515848990007        1.0019528131283442     
   13.234168324832504        1.0022612304357363     
   13.249820800675003        1.0023987756796775     
   13.265473276517502        1.0025366571122534     
   13.281125752360001        1.0027503580372774     
   13.296778228202498        1.0025122563216888     
   13.312430704044997        1.0027972908615264     
   13.328083179887496        1.0030229401409672     
   13.343735655729995        1.0029923420475502     
   13.359388131572492        1.0030981335651263     
   13.375040607414991        1.0031273637276350     
   13.390693083257490        1.0030276541982608     
   13.406345559099989        1.0031747583490231     
   13.421998034942487        1.0032440455558931     
   13.437650510784986        1.0033813984128810     
   13.453302986627484        1.0033013315718979     
   13.468955462469983        1.0030540876678868     
   13.484607938312481        1.0028071408791635     
   13.500260414154980        1.0026060605266458     
   13.515912889997479        1.0024282647470497     
   13.531565365839977        1.0021549480953937     
   13.547217841682476        1.0023554626089619     
   13.562870317524974        1.0018107248302890     
   13.578522793367473        1.0020080895907797     
   13.594175269209972        1.0020167057916762     
   13.609827745052471        1.0016521885505316     
   13.625480220894968        1.0015800282192739     
   13.641132696737467        1.0013375350209364     
   13.656785172579966        1.0011203087395424     
   13.672437648422465        1.0006650865798403     
   13.688090124264962        1.0004537747196742     
   13.703742600107461        1.0006368729547643     
   13.719395075949960        1.0006182000283335     
   13.735047551792459        1.0008992464069326     
   13.750700027634956        1.0005122420573835     
   13.766352503477455        1.0007298625304959     
   13.782004979319954        1.0006851158036432     
   13.797657455162453        1.0005257061837118     
   13.813309931004950        1.0003235186437305     
   13.828962406847449        1.0002643943008178     
   13.844614882689948        1.0002744156644054     
   13.860267358532447        1.0002442438367809     
   13.875919834374944        1.0000994029398966     
   13.891572310217443       0.99997643584407503     
   13.907224786059942       0.99979771999850486     
   13.922877261902441       0.99991049291827072     
   13.938529737744938       0.99983537584012439     
   13.954182213587437       0.99989391264278993     
   13.969834689429936       0.99995567635733684     
   13.985487165272435        1.0003621592828666     
   14.001139641114932        1.0001682812453552     
   14.016792116957431        1.0002320910062308     
   14.032444592799930        1.0005795057858202     
   14.048097068642429        1.0002945878138376     
   14.063749544484928        1.0005191945172212     
   14.079402020327425        1.0005730493533160     
   14.095054496169924        1.0003240056231604     
   14.110706972012423        1.0003896452294812     
   14.126359447854922        1.0008062216844822     
   14.142011923697419        1.0010440326246066     
   14.157664399539918        1.0010937532961039     
   14.173316875382417        1.0012601947439865     
   14.188969351224916        1.0013365204248008     
   14.204621827067413        1.0016508865645082     
   14.220274302909912        1.0014524706233063     
   14.235926778752411        1.0014711040508231     
   14.251579254594910        1.0016136079656497     
   14.267231730437407        1.0016469509635362     
   14.282884206279906        1.0018973037384005     
   14.298536682122405        1.0020513495649543     
   14.314189157964904        1.0022407119095220     
   14.329841633807401        1.0021796682895252     
   14.345494109649900        1.0021106107933659     
   14.361146585492399        1.0019198454873688     
   14.376799061334898        1.0020739766229461     
   14.392451537177395        1.0021053671678244     
   14.408104013019894        1.0022577338544882     
   14.423756488862393        1.0023193214404940     
   14.439408964704892        1.0024303518490680     
   14.455061440547389        1.0023795249851819     
   14.470713916389888        1.0022334706967619     
   14.486366392232387        1.0020963153377620     
   14.502018868074886        1.0019679293541732     
   14.517671343917383        1.0019914149106814     
   14.533323819759882        1.0017804986298888     
   14.548976295602381        1.0017486062110177     
   14.564628771444880        1.0020960517980537     
   14.580281247287379        1.0016517719747537     
   14.595933723129876        1.0010143792831578     
   14.611586198972375        1.0013946117325101     
   14.627238674814874        1.0012824469039674     
   14.642891150657373        1.0013759931379285     
   14.658543626499871        1.0010599764641053     
   14.674196102342369        1.0010347995223947     
   14.689848578184868        1.0012573984102602     
   14.705501054027367        1.0011088103297008     
   14.721153529869865        1.0010270950713769     
   14.736806005712364        1.0007600618778170     
   14.752458481554863        1.0006714958621550     
   14.768110957397361        1.0005298853308768     
   14.783763433239859        1.0004881628035129     
   14.799415909082358        1.0004791154588446     
   14.815068384924857        1.0004163662953127     
   14.830720860767356        1.0006838891785310     
   14.846373336609853        1.0004856760447454     
   14.862025812452352        1.0006853367209469     
   14.877678288294851        1.0006029736935655     
   14.893330764137350        1.0007266800466892     
   14.908983239979847        1.0009003844072528     
   14.924635715822346        1.0011947560009606     
   14.940288191664845        1.0009566188332564     
   14.955940667507344        1.0006567893088187     
   14.971593143349841        1.0005211629522808     
   14.987245619192340        1.0006616389333904     
   15.002898095034839        1.0007070315060991     
   15.018550570877338        1.0003622904038396     
   15.034203046719837        1.0005087013331837     
   15.049855522562334        1.0007913237894979     
   15.065507998404833        1.0009156402369817     
   15.081160474247332        1.0010292903984814     
   15.096812950089831        1.0012277875874260     
   15.112465425932328        1.0013376244626033     
   15.128117901774827        1.0014335210871577     
   15.143770377617326        1.0014377227125399     
   15.159422853459825        1.0016495517693280     
   15.175075329302322        1.0018691589938440     
   15.190727805144821        1.0016884085344913     
   15.206380280987320        1.0015468010321507     
   15.222032756829819        1.0013895743383323     
   15.237685232672316        1.0013413511661466     
   15.253337708514815        1.0017784883937029     
   15.268990184357314        1.0017293062850090     
   15.284642660199813        1.0014558214484088     
   15.300295136042310        1.0014577081113467     
   15.315947611884809        1.0016887501359422     
   15.331600087727308        1.0014513587146434     
   15.347252563569807        1.0013569105716729     
   15.362905039412304        1.0012979031740272     
   15.378557515254803        1.0011414639997627     
   15.394209991097302        1.0015441512303380     
   15.409862466939801        1.0015893025636438     
   15.425514942782298        1.0016506415751940     
   15.441167418624797        1.0016619534843474     
   15.456819894467296        1.0015362775502341     
   15.472472370309795        1.0011161682644176     
   15.488124846152292        1.0014702198135241     
   15.503777321994791        1.0014217482265628     
   15.519429797837290        1.0013675380308087     
   15.535082273679789        1.0014923227411250     
   15.550734749522288        1.0016079835992182     
   15.566387225364785        1.0014403877967886     
   15.582039701207284        1.0009539174855548     
   15.597692177049783        1.0012016373657591     
   15.613344652892282        1.0013264099570636     
   15.628997128734779        1.0010671335469394     
   15.644649604577278        1.0010948400311068     
