   1.2780193008453877E-002   0.0000000000000000     
   3.8340579025361629E-002   0.0000000000000000     
   6.3900965042269386E-002   0.0000000000000000     
   8.9461351059177130E-002   0.0000000000000000     
  0.11502173707608489        0.0000000000000000     
  0.14058212309299264        0.0000000000000000     
  0.16614250910990039        0.0000000000000000     
  0.19170289512680816        0.0000000000000000     
  0.21726328114371590        0.0000000000000000     
  0.24282366716062365        0.0000000000000000     
  0.26838405317753145        0.0000000000000000     
  0.29394443919443919        0.0000000000000000     
  0.31950482521134693        0.0000000000000000     
  0.34506521122825468        0.0000000000000000     
  0.37062559724516247        0.0000000000000000     
  0.39618598326207022        0.0000000000000000     
  0.42174636927897796        0.0000000000000000     
  0.44730675529588571        0.0000000000000000     
  0.47286714131279345        0.0000000000000000     
  0.49842752732970125        0.0000000000000000     
  0.52398791334660899        0.0000000000000000     
  0.54954829936351668        0.0000000000000000     
  0.57510868538042448        0.0000000000000000     
  0.60066907139733228        0.0000000000000000     
  0.62622945741423997        0.0000000000000000     
  0.65178984343114776        0.0000000000000000     
  0.67735022944805545        0.0000000000000000     
  0.70291061546496325        0.0000000000000000     
  0.72847100148187105        0.0000000000000000     
  0.75403138749877874        0.0000000000000000     
  0.77959177351568654        0.0000000000000000     
  0.80515215953259422        0.0000000000000000     
  0.83071254554950202        6.3818843955199896E-007
  0.85627293156640982        5.6341561491792265E-005
  0.88183331758331751        2.1594816937188549E-003
  0.90739370360022531        2.5120422794778406E-002
  0.93295408961713300       0.12950871653824789     
  0.95851447563404080       0.38537700293157018     
  0.98407486165094860       0.77961764900636699     
   1.0096352476678563        1.2111338449409292     
   1.0351956336847641        1.5798463155567009     
   1.0607560197016719        1.8312203689360604     
   1.0863164057185795        1.9582427477564541     
   1.1118767917354873        1.9928899474384905     
   1.1374371777523951        1.9644979171588492     
   1.1629975637693029        1.8980503693870434     
   1.1885579497862107        1.8120217834792904     
   1.2141183358031182        1.7209541786463027     
   1.2396787218200260        1.6292439653084714     
   1.2652391078369338        1.5412888681302896     
   1.2907994938538416        1.4608546782124081     
   1.3163598798707494        1.3876766641416709     
   1.3419202658876570        1.3247360031800874     
   1.3674806519045648        1.2643800994941152     
   1.3930410379214726        1.2128939476831873     
   1.4186014239383804        1.1677505229619654     
   1.4441618099552882        1.1279873221868657     
   1.4697221959721958        1.0918874504329874     
   1.4952825819891036        1.0621772612729952     
   1.5208429680060114        1.0347546466569653     
   1.5464033540229192        1.0105975676680343     
   1.5719637400398270       0.98836448580112590     
   1.5975241260567346       0.96968140985915574     
   1.6230845120736423       0.95298100542735897     
   1.6486448980905501       0.93803406733557859     
   1.6742052841074579       0.92551488108230573     
   1.6997656701243657       0.91554114070554138     
   1.7253260561412733       0.90780628508872030     
   1.7508864421581811       0.90203497726034310     
   1.7764468281750889       0.89763377995838822     
   1.8020072141919967       0.89458366635324205     
   1.8275676002089045       0.89334575051148224     
   1.8531279862258121       0.89407405555999742     
   1.8786883722427199       0.89497147043996939     
   1.9042487582596277       0.89912036005847440     
   1.9298091442765355       0.90628878263141999     
   1.9553695302934433       0.91625638179809588     
   1.9809299163103509       0.92758496173455973     
   2.0064903023272587       0.94157728896902626     
   2.0320506883441665       0.95553172512386741     
   2.0576110743610743       0.97192521920994435     
   2.0831714603779821       0.98734381123695703     
   2.1087318463948899        1.0020934667310593     
   2.1342922324117977        1.0151443963487508     
   2.1598526184287050        1.0258495025449179     
   2.1854130044456128        1.0359628780479710     
   2.2109733904625206        1.0418809834316420     
   2.2365337764794284        1.0471324894912930     
   2.2620941624963362        1.0499014151868027     
   2.2876545485132440        1.0508482508164023     
   2.3132149345301518        1.0506461197609902     
   2.3387753205470596        1.0492173134718796     
   2.3643357065639674        1.0477464139570829     
   2.3898960925808752        1.0437966360043547     
   2.4154564785977826        1.0418200883737456     
   2.4410168646146904        1.0392094904681020     
   2.4665772506315982        1.0349220278099041     
   2.4921376366485060        1.0309399226320763     
   2.5176980226654138        1.0273591596016334     
   2.5432584086823216        1.0240252642027114     
   2.5688187946992294        1.0215737389154700     
   2.5943791807161372        1.0185043514154459     
   2.6199395667330450        1.0149054017686565     
   2.6454999527499528        1.0115559538503949     
   2.6710603387668601        1.0082701139993657     
   2.6966207247837679        1.0047961969722659     
   2.7221811108006757        1.0023039249628061     
   2.7477414968175835        1.0000010863270816     
   2.7733018828344913       0.99824192423651148     
   2.7988622688513991       0.99694486877888877     
   2.8244226548683069       0.99530836668877143     
   2.8499830408852147       0.99330453326809087     
   2.8755434269021225       0.99238831337642441     
   2.9011038129190303       0.99158710130873817     
   2.9266641989359377       0.99089525715432980     
   2.9522245849528455       0.99083843480961709     
   2.9777849709697533       0.98985208592935803     
   3.0033453569866611       0.98971252397805254     
   3.0289057430035689       0.98962108800061399     
   3.0544661290204767       0.99137028654102810     
   3.0800265150373844       0.99253775771909614     
   3.1055869010542922       0.99398065472565678     
   3.1311472870712000       0.99423612085589175     
   3.1567076730881078       0.99555062143977724     
   3.1822680591050152       0.99744191635212875     
   3.2078284451219230       0.99821659978338706     
   3.2333888311388308       0.99883335550087882     
   3.2589492171557386        1.0003563809348845     
   3.2845096031726464        1.0009495486054161     
   3.3100699891895542        1.0014045439905961     
   3.3356303752064620        1.0029330914269958     
   3.3611907612233698        1.0032731814448952     
   3.3867511472402776        1.0035330786391872     
   3.4123115332571849        1.0041297959920412     
   3.4378719192740927        1.0035114937292402     
   3.4634323052910005        1.0043735598841150     
   3.4889926913079083        1.0043149440533721     
   3.5145530773248161        1.0039781184170344     
   3.5401134633417239        1.0040738581397912     
   3.5656738493586317        1.0042990653171930     
   3.5912342353755395        1.0041277972671840     
   3.6167946213924473        1.0038357491545660     
   3.6423550074093551        1.0032882084178132     
   3.6679153934262625        1.0027827710930157     
   3.6934757794431703        1.0023531555242258     
   3.7190361654600781        1.0026485422413249     
   3.7445965514769859        1.0024975370385327     
   3.7701569374938937        1.0019438110503074     
   3.7957173235108015        1.0020811617273631     
   3.8212777095277093        1.0012213090763737     
   3.8468380955446171        1.0007456031093269     
   3.8723984815615249        1.0001354386351424     
   3.8979588675784327        1.0002206575779129     
   3.9235192535953400        1.0004665064091969     
   3.9490796396122478        1.0002196419241565     
   3.9746400256291556        1.0002978734676327     
   4.0002004116460634        1.0003076468938765     
   4.0257607976629712       0.99942299160978620     
   4.0513211836798790       0.99928891697770261     
   4.0768815696967868        1.0001360377559447     
   4.1024419557136946       0.99975650064230304     
   4.1280023417306024       0.99995169141948625     
   4.1535627277475102        1.0004926754612788     
   4.1791231137644180       0.99987809784717230     
   4.2046834997813258       0.99933951996729087     
   4.2302438857982336        1.0001977325286033     
   4.2558042718151414       0.99991403038643933     
   4.2813646578320492        1.0001238254036984     
   4.3069250438489561        1.0006076580807364     
   4.3324854298658639        1.0005574643893156     
   4.3580458158827717        1.0011240107676065     
   4.3836062018996795        1.0008650688351657     
   4.4091665879165873        1.0005201527107879     
   4.4347269739334951        1.0008063476541347     
   4.4602873599504029        1.0007380302069513     
   4.4858477459673107        1.0003462561239691     
   4.5114081319842185        1.0010144859903041     
   4.5369685180011263        1.0015179629414093     
   4.5625289040180341        1.0009050156263581     
   4.5880892900349419        1.0009420459848457     
   4.6136496760518497        1.0005549955347048     
   4.6392100620687575        1.0003289970042479     
   4.6647704480856653        1.0007074223742622     
   4.6903308341025731        1.0009218978779029     
   4.7158912201194809        1.0008076989381547     
   4.7414516061363887        1.0011561234336661     
   4.7670119921532965        1.0003627187368807     
   4.7925723781702043       0.99999016588397227     
   4.8181327641871112        1.0005367610785441     
   4.8436931502040190        1.0009299916478631     
   4.8692535362209268        1.0004739338266082     
   4.8948139222378346        1.0010758873826422     
   4.9203743082547424        1.0007892540613912     
   4.9459346942716502        1.0007823996553933     
   4.9714950802885580        1.0010914246755589     
   4.9970554663054658        1.0008505395471550     
   5.0226158523223736        1.0005708878091726     
   5.0481762383392814        1.0004811581795381     
   5.0737366243561892       0.99979831100677163     
   5.0992970103730970        1.0001185071786376     
   5.1248573963900048        1.0007855223114808     
   5.1504177824069126        1.0009535854456859     
   5.1759781684238204        1.0006352609406353     
   5.2015385544407282        1.0003751537657519     
   5.2270989404576360        1.0006300331180047     
   5.2526593264745438        1.0003728360944824     
   5.2782197124914516        1.0001201389089045     
   5.3037800985083585        1.0004186925052911     
   5.3293404845252663        1.0004806094145755     
   5.3549008705421741        1.0007033595903327     
   5.3804612565590819        1.0005166101047747     
   5.4060216425759897        1.0002588610199188     
   5.4315820285928975        1.0006080561770943     
   5.4571424146098053        1.0003078965924808     
   5.4827028006267131        1.0009020656096304     
   5.5082631866436209        1.0002914405794807     
   5.5338235726605287        1.0007200158699616     
   5.5593839586774365        1.0002998904704952     
   5.5849443446943443        1.0001666771232731     
   5.6105047307112521        1.0001592660496950     
   5.6360651167281599       0.99995062511751787     
   5.6616255027450677        1.0011103008354278     
   5.6871858887619755        1.0013007998580536     
   5.7127462747788833        1.0014197610995323     
   5.7383066607957911        1.0010416771374788     
   5.7638670468126989        1.0013073459281996     
   5.7894274328296067        1.0013698050337276     
   5.8149878188465136        1.0012191982978473     
   5.8405482048634214        1.0006126973407004     
   5.8661085908803292        1.0011114391966158     
   5.8916689768972370        1.0003836119641105     
   5.9172293629141448        1.0012105790126091     
   5.9427897489310526        1.0010548858515345     
   5.9683501349479604        1.0010144914004628     
   5.9939105209648682        1.0009888143122849     
   6.0194709069817760        1.0013949996627221     
   6.0450312929986838        1.0008289246720317     
   6.0705916790155916        1.0004160794129899     
   6.0961520650324994        1.0008362976576535     
   6.1217124510494072        1.0010388405919353     
   6.1472728370663150        1.0009563952552936     
   6.1728332230832228        1.0010298261184742     
   6.1983936091001306        1.0006011010454454     
   6.2239539951170384        1.0007535823586589     
   6.2495143811339462        1.0011214741782057     
   6.2750747671508540        1.0013046834257979     
   6.3006351531677618        1.0012494188597973     
   6.3261955391846687        1.0008019022563661     
   6.3517559252015765        1.0008947944016215     
   6.3773163112184843        1.0010190303932827     
   6.4028766972353921        1.0011801135778404     
   6.4284370832522999        1.0011978205257661     
   6.4539974692692077        1.0008090254707558     
   6.4795578552861155        1.0007042234743235     
   6.5051182413030233        1.0012429346806724     
   6.5306786273199311        1.0009505846587339     
   6.5562390133368389        1.0014352942172640     
   6.5817993993537467        1.0012794663887821     
   6.6073597853706545        1.0010407162656916     
   6.6329201713875623        1.0010109776816709     
   6.6584805574044701        1.0003894496448635     
   6.6840409434213779        1.0006538358578563     
   6.7096013294382857        1.0000625425309964     
   6.7351617154551935        1.0001790069331211     
   6.7607221014721013        1.0005684597955959     
   6.7862824874890091        1.0009434560797015     
   6.8118428735059160        1.0006802125822061     
   6.8374032595228238        1.0004141299717531     
   6.8629636455397316        1.0004016651548966     
   6.8885240315566394        1.0001697216814847     
   6.9140844175735472        1.0005945062714527     
   6.9396448035904550        1.0004524080037991     
   6.9652051896073628        1.0005187258449959     
   6.9907655756242706        1.0008966235426513     
   7.0163259616411784        1.0003646364934988     
   7.0418863476580862        1.0006156022529153     
   7.0674467336749940        1.0001382132536534     
   7.0930071196919018        1.0002937486750028     
   7.1185675057088096        1.0003657239691468     
   7.1441278917257174        1.0006444470613294     
   7.1696882777426252        1.0005789357864876     
   7.1952486637595330        1.0016976444950187     
   7.2208090497764408        1.0011356706458032     
   7.2463694357933486        1.0008896561341638     
   7.2719298218102564        1.0013876044182317     
   7.2974902078271642        1.0015968830702484     
   7.3230505938440711        1.0013866205353457     
   7.3486109798609789        1.0008854249511747     
   7.3741713658778867        1.0004497115537285     
   7.3997317518947945        1.0003291998000239     
   7.4252921379117023        1.0003661292842982     
   7.4508525239286101        1.0005166147525388     
   7.4764129099455179        1.0006945415556805     
   7.5019732959624257        1.0006994967875409     
   7.5275336819793335        1.0011832601468786     
   7.5530940679962413        1.0013981506093810     
   7.5786544540131491        1.0007719083019868     
   7.6042148400300569        1.0004992681087450     
   7.6297752260469647        1.0010574395191010     
   7.6553356120638725        1.0009113945189161     
   7.6808959980807803        1.0000876967933234     
   7.7064563840976881        1.0004912287949812     
   7.7320167701145959        1.0005272547261397     
   7.7575771561315037        1.0003389229341946     
   7.7831375421484115       0.99983996199955161     
   7.8086979281653193        1.0007381661862447     
   7.8342583141822262        1.0007325506108884     
   7.8598187001991340        1.0005581084550161     
   7.8853790862160418        1.0010727503787802     
   7.9109394722329496        1.0011294037999028     
   7.9364998582498574        1.0011199619774389     
   7.9620602442667652        1.0007623429595722     
   7.9876206302836730        1.0010840030000967     
   8.0131810163005799        1.0012306690408082     
   8.0387414023174877        1.0006414279536557     
   8.0643017883343955        1.0002518288080775     
   8.0898621743513033        1.0010040444653303     
   8.1154225603682111        1.0007527141349744     
   8.1409829463851189        1.0006331068738339     
   8.1665433324020267        1.0008095902526273     
   8.1921037184189345        1.0009583745086446     
   8.2176641044358423        1.0012620980734748     
   8.2432244904527501        1.0010306821680284     
   8.2687848764696579        1.0010680875629043     
   8.2943452624865657        1.0006984615361947     
   8.3199056485034735        1.0009049125486367     
   8.3454660345203813        1.0009285108633916     
   8.3710264205372891        1.0008997480984432     
   8.3965868065541969        1.0009777388900358     
   8.4221471925711047        1.0006665883963641     
   8.4477075785880125        1.0005642299988118     
   8.4732679646049203        1.0006913923252212     
   8.4988283506218281        1.0004242074386025     
   8.5243887366387359        1.0003896380720185     
   8.5499491226556437        1.0004281018570231     
   8.5755095086725497        1.0006488953363168     
   8.6010698946894575        1.0009399072042751     
   8.6266302807063653        1.0003553018542659     
   8.6521906667232731        1.0001860319492664     
   8.6777510527401809       0.99985644275449803     
   8.7033114387570887        1.0000210942201566     
   8.7288718247739965        1.0008596119493705     
   8.7544322107909043        1.0005695790316509     
   8.7799925968078121        1.0009671410692298     
   8.8055529828247199        1.0006521394863162     
   8.8311133688416277        1.0007554347279932     
   8.8566737548585355        1.0002065990670204     
   8.8822341408754433        1.0006027184317221     
   8.9077945268923511        1.0006231052465799     
   8.9333549129092589        1.0006589534963313     
   8.9589152989261667        1.0005675467094481     
   8.9844756849430745        1.0009525552310596     
   9.0100360709599823        1.0005440098005260     
   9.0355964569768901        1.0003738197699139     
   9.0611568429937979        1.0002939902977486     
   9.0867172290107057        1.0002718449377308     
   9.1122776150276135        1.0005899724356506     
   9.1378380010445213        1.0009075095504685     
   9.1633983870614291        1.0008266481945542     
   9.1889587730783369        1.0007005139087808     
   9.2145191590952447        1.0007309111173170     
   9.2400795451121525        1.0005898752680134     
   9.2656399311290603        1.0006068781822881     
   9.2912003171459681        1.0008059784941274     
   9.3167607031628759        1.0006370192417660     
   9.3423210891797837        1.0006517674581841     
   9.3678814751966915        1.0007294508600291     
   9.3934418612135993        1.0007086214977903     
   9.4190022472305071        1.0006144810421247     
   9.4445626332474149        1.0009413701223071     
   9.4701230192643227        1.0010449760528644     
   9.4956834052812304        1.0006281561673895     
   9.5212437912981382        1.0003453430212232     
   9.5468041773150460        1.0004145609400694     
   9.5723645633319538        1.0003150433350800     
   9.5979249493488599        1.0001635539500309     
   9.6234853353657677        1.0002339151359101     
   9.6490457213826755       0.99973996474029048     
   9.6746061073995833        1.0004288409366873     
   9.7001664934164911        1.0008585254346607     
   9.7257268794333989        1.0004195938279365     
   9.7512872654503067        1.0005921216977014     
   9.7768476514672145        1.0009564094598757     
   9.8024080374841223        1.0010331540057844     
   9.8279684235010301        1.0012719220526858     
   9.8535288095179379        1.0010835723164841     
   9.8790891955348457        1.0011601702900974     
   9.9046495815517535        1.0008008895975875     
   9.9302099675686613        1.0009109212489813     
   9.9557703535855691        1.0004917688077601     
   9.9813307396024769        1.0003599602122064     
   10.006891125619385        1.0008369398983938     
   10.032451511636292        1.0001516771509500     
   10.058011897653200       0.99982515824896911     
   10.083572283670108       0.99996719344592810     
   10.109132669687016        1.0002397484737557     
   10.134693055703924        1.0001791230188917     
   10.160253441720831        1.0005584100747560     
   10.185813827737739        1.0005880088832249     
   10.211374213754647        1.0006248058680880     
   10.236934599771555        1.0006222414185153     
   10.262494985788463        1.0006191731523677     
   10.288055371805370        1.0000685802165266     
   10.313615757822278        1.0002080777387190     
   10.339176143839186        1.0004789467579249     
   10.364736529856094        1.0008328764850329     
   10.390296915873002        1.0007177900358013     
   10.415857301889909        1.0000121591105462     
   10.441417687906817        1.0006977850076766     
   10.466978073923725        1.0003192766233260     
   10.492538459940633        1.0007343119495657     
   10.518098845957541        1.0005889578578546     
   10.543659231974448        1.0002253325223145     
   10.569219617991356        1.0009729280046185     
   10.594780004008262        1.0010703636368194     
   10.620340390025170        1.0005471182342722     
   10.645900776042078        1.0005204126019021     
   10.671461162058986        1.0004481547479374     
   10.697021548075893        1.0003750527571149     
   10.722581934092801        1.0002309784950170     
   10.748142320109709        1.0005527233780698     
   10.773702706126617        1.0006515799162234     
   10.799263092143525        1.0001636205927660     
   10.824823478160432       0.99981519503293204     
   10.850383864177340        1.0001658160893456     
   10.875944250194248        1.0004650445266658     
   10.901504636211156        1.0005340365813113     
   10.927065022228064        1.0002635702900495     
   10.952625408244971        1.0005327885462381     
   10.978185794261879        1.0009076218700452     
   11.003746180278787        1.0009283555907609     
   11.029306566295695        1.0006908707602751     
   11.054866952312603        1.0006017341188747     
   11.080427338329510        1.0005449696673117     
   11.105987724346418        1.0006072088419513     
   11.131548110363326        1.0002330746919530     
   11.157108496380234        1.0000043221171346     
   11.182668882397142        1.0005245757663437     
   11.208229268414049        1.0005353514206552     
   11.233789654430957        1.0000763470251741     
   11.259350040447865        1.0003494153405905     
   11.284910426464773       0.99985744241968399     
   11.310470812481681        1.0004790658224199     
   11.336031198498588        1.0007098609163187     
   11.361591584515496        1.0003203001895473     
   11.387151970532404        1.0001059362752986     
   11.412712356549312       0.99994664993686022     
   11.438272742566220        1.0001424126886138     
   11.463833128583127        1.0005396498301760     
   11.489393514600035        1.0002687272582000     
   11.514953900616943        1.0003536323331299     
   11.540514286633851        1.0007664131410683     
   11.566074672650759        1.0007174895035444     
   11.591635058667665        1.0003217165289422     
   11.617195444684572        1.0002790292789228     
   11.642755830701480        1.0011068825867340     
   11.668316216718388        1.0008725392005657     
   11.693876602735296        1.0005456925300584     
   11.719436988752204        1.0007980826617697     
   11.744997374769111        1.0003969654591547     
   11.770557760786019        1.0005584339547100     
   11.796118146802927        1.0010714422652081     
   11.821678532819835        1.0009923097409912     
   11.847238918836743        1.0005633360020485     
   11.872799304853650        1.0004400701172289     
   11.898359690870558        1.0004416469145276     
   11.923920076887466        1.0004819426092713     
   11.949480462904374        1.0008687643453353     
   11.975040848921282        1.0009060726822501     
   12.000601234938189        1.0009496498517270     
   12.026161620955097        1.0006551664442720     
   12.051722006972005        1.0005603475287532     
   12.077282392988913        1.0002552045300113     
   12.102842779005821        1.0002102311839078     
   12.128403165022728        1.0002501822131882     
   12.153963551039636        1.0004070402361631     
   12.179523937056544        1.0005098091802618     
   12.205084323073452        1.0004906546426544     
   12.230644709090360        1.0008501869580633     
   12.256205095107267        1.0009870747216814     
   12.281765481124175        1.0009309168064349     
   12.307325867141083        1.0004940705293492     
   12.332886253157991        1.0007284037534931     
   12.358446639174899        1.0002022821662275     
   12.384007025191806        1.0001554210593582     
   12.409567411208714        1.0002717983109832     
   12.435127797225622        1.0002458346673091     
   12.460688183242530        1.0001700924781227     
   12.486248569259438        1.0003330240987964     
   12.511808955276345        1.0004387021245276     
   12.537369341293253        1.0004314482089478     
   12.562929727310161       0.99994371758153344     
   12.588490113327069        1.0005286939097977     
   12.614050499343975        1.0005524029160677     
   12.639610885360883        1.0002734556674424     
   12.665171271377790        1.0006263235835113     
   12.690731657394698        1.0005093924636883     
   12.716292043411606        1.0005128964139576     
   12.741852429428514        1.0000643046895110     
   12.767412815445422        1.0004419221043150     
   12.792973201462329        1.0005834755864376     
   12.818533587479237        1.0002375961232912     
   12.844093973496145        1.0003752160852606     
   12.869654359513053        1.0003824256515752     
   12.895214745529961        1.0003580735499822     
   12.920775131546868        1.0011235396943770     
   12.946335517563776        1.0007202419929115     
   12.971895903580684        1.0005814657072822     
   12.997456289597592        1.0005673964715107     
   13.023016675614500        1.0004554778433676     
   13.048577061631407        1.0007020410859822     
   13.074137447648315        1.0003520070634668     
   13.099697833665223        1.0004667260967821     
   13.125258219682131        1.0004196941702135     
   13.150818605699039        1.0003214860949827     
   13.176378991715946        1.0005452571129898     
   13.201939377732854        1.0004886283087566     
   13.227499763749762        1.0005171667905748     
   13.253060149766670        1.0005856173608445     
   13.278620535783578        1.0005072790432483     
   13.304180921800485        1.0003448626199092     
   13.329741307817393        1.0001027295365317     
   13.355301693834301       0.99999414738598580     
   13.380862079851209       0.99982546035856312     
   13.406422465868117        1.0002335413268879     
   13.431982851885024        1.0002846874807449     
   13.457543237901932        1.0003848822823684     
   13.483103623918840       0.99993506723484049     
   13.508664009935748        1.0008891682332008     
   13.534224395952656        1.0004564733633796     
   13.559784781969563        1.0004113588858736     
   13.585345167986471        1.0001816952402176     
   13.610905554003377        1.0005628779874385     
   13.636465940020285        1.0006690510680527     
   13.662026326037193        1.0005112457897367     
   13.687586712054101        1.0002195321201512     
   13.713147098071008        1.0000993388117059     
   13.738707484087916        1.0004564456520499     
   13.764267870104824        1.0005177677034562     
   13.789828256121732        1.0000844201653576     
   13.815388642138640        1.0001266904492583     
   13.840949028155547        1.0001791272935441     
   13.866509414172455       0.99991948930825014     
   13.892069800189363        1.0002887648024585     
   13.917630186206271        1.0002739730299888     
   13.943190572223179        1.0002783796802523     
   13.968750958240086        1.0002286686984068     
   13.994311344256994        1.0002946266469166     
   14.019871730273902        1.0001480548093205     
   14.045432116290810        1.0003783385728977     
   14.070992502307718        1.0003070488185508     
   14.096552888324625        1.0005739305623638     
   14.122113274341533        1.0001518415400830     
   14.147673660358441        1.0005961094923788     
   14.173234046375349        1.0009931408214923     
   14.198794432392257        1.0008759085957959     
   14.224354818409164        1.0005855841155449     
   14.249915204426072        1.0006138728835146     
   14.275475590442980        1.0004496339647466     
   14.301035976459888        1.0003357311793244     
   14.326596362476796        1.0005892842679076     
   14.352156748493703        1.0004734883798880     
   14.377717134510611        1.0003392436148979     
   14.403277520527519        1.0009027967010482     
   14.428837906544427        1.0005236907977491     
   14.454398292561335        1.0006173965547331     
   14.479958678578242        1.0005386183260472     
   14.505519064595150        1.0008305158339743     
   14.531079450612058        1.0007362071595631     
   14.556639836628966        1.0009394705715513     
   14.582200222645874        1.0012854641834417     
   14.607760608662781        1.0010999238218123     
   14.633320994679687        1.0008863201235378     
   14.658881380696595        1.0005696472188350     
   14.684441766713503        1.0009184064703793     
   14.710002152730411        1.0007564716786213     
   14.735562538747319        1.0002293317342039     
   14.761122924764226        1.0002377556476507     
   14.786683310781134        1.0001764516554144     
   14.812243696798042        1.0002731456862957     
   14.837804082814950        1.0008760652150153     
   14.863364468831858        1.0001717004788431     
   14.888924854848765        1.0002796015971267     
   14.914485240865673        1.0002424426491883     
   14.940045626882581        1.0000888950550646     
   14.965606012899489       0.99985788462584613     
   14.991166398916397        1.0001380739710757     
   15.016726784933304        1.0000730950771644     
   15.042287170950212        1.0004560069537538     
   15.067847556967120        1.0004209676556226     
   15.093407942984028        1.0004477786614447     
   15.118968329000936        1.0004712554728690     
   15.144528715017843        1.0003619798544794     
   15.170089101034751        1.0003337129901713     
   15.195649487051659        1.0001647492825176     
   15.221209873068567        1.0005352565621748     
   15.246770259085475        1.0006588270459220     
   15.272330645102382        1.0005167925757481     
   15.297891031119290        1.0004435380971373     
   15.323451417136198        1.0005521815034240     
   15.349011803153106        1.0004337786390700     
   15.374572189170014        1.0000575312626248     
   15.400132575186921        1.0001132597232119     
   15.425692961203829        1.0005453915184084     
   15.451253347220737        1.0005750470608328     
   15.476813733237645        1.0003939220978852     
   15.502374119254553        1.0004527124485001     
   15.527934505271460        1.0002024798848348     
   15.553494891288368        1.0007826977068275     
   15.579055277305276        1.0005565826779133     
   15.604615663322184        1.0005433420308112     
   15.630176049339090        1.0005038409411728     
   15.655736435355998        1.0007170533997269     
   15.681296821372905        1.0006314192404944     
   15.706857207389813        1.0008931443153117     
   15.732417593406721        1.0007861883304319     
   15.757977979423629        1.0008078950543127     
   15.783538365440537        1.0001749180784310     
   15.809098751457444        1.0002248903539026     
   15.834659137474352        1.0007125080969923     
   15.860219523491260        1.0007113800683103     
   15.885779909508168        1.0008851619164383     
   15.911340295525076        1.0004112956706805     
   15.936900681541983        1.0002645867595206     
   15.962461067558891        1.0001046143782728     
   15.988021453575799        1.0001199360191317     
   16.013581839592707        1.0001474580954111     
   16.039142225609616        1.0002656410681519     
   16.064702611626522        1.0002013484803580     
   16.090262997643432        1.0005887873500228     
   16.115823383660338        1.0003215120060269     
   16.141383769677244        1.0003295951219926     
   16.166944155694154        1.0002891528797073     
   16.192504541711060        1.0003622842447162     
   16.218064927727969        1.0003156580308961     
   16.243625313744875        1.0003181674269379     
   16.269185699761785        1.0004196332653610     
   16.294746085778691        1.0003598459228151     
   16.320306471795600        1.0005717807924857     
   16.345866857812506        1.0005229698524654     
   16.371427243829416        1.0001217931713391     
   16.396987629846322        1.0001523385200524     
   16.422548015863232        1.0004814932575841     
   16.448108401880138        1.0003982512916401     
   16.473668787897047        1.0004809391808802     
   16.499229173913953        1.0004993963122784     
   16.524789559930863        1.0006114602465972     
   16.550349945947769        1.0005351785650092     
   16.575910331964678        1.0005451990095822     
   16.601470717981584        1.0006124302692316     
   16.627031103998494        1.0004497719803656     
   16.652591490015400        1.0002777916343020     
   16.678151876032310        1.0002965210312145     
   16.703712262049216        1.0007390769416697     
   16.729272648066125        1.0006272419548172     
   16.754833034083031        1.0003580776737755     
   16.780393420099941        1.0003163060833282     
   16.805953806116847        1.0002907654999209     
   16.831514192133756        1.0004141598209018     
   16.857074578150662        1.0004706636694805     
   16.882634964167572        1.0005212969326425     
   16.908195350184478        1.0005517884976254     
   16.933755736201388        1.0004091992093522     
   16.959316122218294        1.0001265877765051     
   16.984876508235203        1.0001687724028741     
   17.010436894252109        1.0000082497757565     
   17.035997280269019        1.0000985493836814     
   17.061557666285925       0.99960473520274573     
   17.087118052302834        1.0002985983472947     
   17.112678438319740        1.0003642669905493     
   17.138238824336646        1.0002831753291985     
   17.163799210353556        1.0005693025524367     
   17.189359596370462        1.0004449840425611     
   17.214919982387372        1.0001911216636750     
   17.240480368404278       0.99991785515993870     
   17.266040754421187       0.99990494580881906     
   17.291601140438093        1.0000962206332451     
   17.317161526455003        1.0003305101303968     
   17.342721912471909        1.0002447996382808     
   17.368282298488818        1.0002826435133989     
   17.393842684505724        1.0002857060268344     
   17.419403070522634       0.99985305898737575     
   17.444963456539540       0.99940812587121031     
   17.470523842556450       0.99983380117288534     
   17.496084228573356       0.99964363487573205     
   17.521644614590265       0.99967821211314301     
   17.547205000607171       0.99968507406706497     
   17.572765386624081       0.99977531800537411     
   17.598325772640987        1.0000494996583138     
   17.623886158657896       0.99983004741272385     
   17.649446544674802       0.99990714852034046     
   17.675006930691712       0.99995221757514430     
   17.700567316708618        1.0000746249402079     
   17.726127702725528       0.99970617488122859     
   17.751688088742434       0.99951091181993645     
   17.777248474759343       0.99987225430721416     
   17.802808860776249       0.99984803692045454     
   17.828369246793159       0.99981171192694485     
   17.853929632810065        1.0002698037494842     
   17.879490018826974        1.0003787309069772     
   17.905050404843880        1.0001619882593566     
   17.930610790860790        1.0006516087640380     
   17.956171176877696        1.0003571051593190     
   17.981731562894606        1.0002540301332910     
   18.007291948911512        1.0002327843389409     
   18.032852334928421        1.0004687828349963     
   18.058412720945327        1.0000768153435626     
   18.083973106962237        1.0003541132501987     
   18.109533492979143        1.0002757019307940     
   18.135093878996049        1.0002905178271089     
   18.160654265012958        1.0003981527023953     
   18.186214651029864        1.0005634523083788     
   18.211775037046774        1.0001476383217005     
   18.237335423063680        1.0004669379074571     
   18.262895809080590        1.0001473908632987     
   18.288456195097496        1.0004851044771539     
   18.314016581114405        1.0004636893699193     
   18.339576967131311        1.0006052132105423     
   18.365137353148221        1.0005166174758950     
   18.390697739165127        1.0003172258841371     
   18.416258125182036       0.99997846794748935     
   18.441818511198942       0.99998695251903980     
   18.467378897215852        1.0005537302206644     
   18.492939283232758        1.0003746974412651     
   18.518499669249668        1.0002934661070673     
   18.544060055266574        1.0003084310746446     
   18.569620441283483        1.0002515817043940     
   18.595180827300389        1.0001552737863804     
   18.620741213317299        1.0001649430960278     
   18.646301599334205        1.0001013167019017     
   18.671861985351114        1.0004256710043413     
   18.697422371368020        1.0005270113952875     
   18.722982757384930        1.0003252405165894     
   18.748543143401836        1.0004441570003386     
   18.774103529418745        1.0005830954679182     
   18.799663915435652        1.0006730392716092     
   18.825224301452561        1.0004669701148499     
   18.850784687469467        1.0005198027967337     
   18.876345073486377        1.0002775527676533     
   18.901905459503283        1.0003338784277878     
   18.927465845520192        1.0001817584134025     
   18.953026231537098        1.0003995567965842     
   18.978586617554008        1.0003244513523568     
   19.004147003570914        1.0006682759503793     
   19.029707389587823        1.0004918408874710     
   19.055267775604730        1.0006125565273709     
   19.080828161621639        1.0001571429094394     
   19.106388547638545        1.0000149248207912     
   19.131948933655455        1.0003699315746479     
   19.157509319672361        1.0009595598187366     
   19.183069705689267        1.0009324441421950     
   19.208630091706176        1.0005174739864993     
   19.234190477723082        1.0006594137463962     
   19.259750863739992        1.0006693731550196     
   19.285311249756898        1.0002925096238475     
   19.310871635773807        1.0003958996118194     
   19.336432021790714        1.0004716538800125     
   19.361992407807623        1.0006306381114547     
   19.387552793824529        1.0008493482946477     
   19.413113179841439        1.0009376832519090     
   19.438673565858345        1.0006043088013836     
   19.464233951875254        1.0001395188659559     
   19.489794337892160        1.0003752163559398     
   19.515354723909070        1.0002812229434859     
   19.540915109925976        1.0002567526803940     
   19.566475495942885        1.0003351578407220     
   19.592035881959792        1.0004842949605977     
   19.617596267976701        1.0003349793057636     
   19.643156653993607        1.0002082237875562     
   19.668717040010517        1.0006470371554053     
   19.694277426027423        1.0004675789183419     
   19.719837812044332        1.0004366503748148     
   19.745398198061238        1.0005775840580557     
   19.770958584078148        1.0004866491390454     
   19.796518970095054        1.0005817086402902     
   19.822079356111963        1.0005238196332211     
   19.847639742128869        1.0004074623465087     
   19.873200128145779        1.0007338238896892     
   19.898760514162685        1.0003136389700342     
   19.924320900179595        1.0003898046427719     
   19.949881286196501        1.0005246900352265     
   19.975441672213410        1.0008704897954863     
   20.001002058230316        1.0005588464273325     
   20.026562444247226        1.0003596062074624     
   20.052122830264132        1.0003645969800430     
   20.077683216281041        1.0002051775409631     
   20.103243602297947        1.0001688960945285     
   20.128803988314857        1.0001142965745207     
   20.154364374331763       0.99992123695967872     
   20.179924760348669        1.0000797943375916     
   20.205485146365579        1.0003575301585383     
   20.231045532382485        1.0001856099043593     
   20.256605918399394        1.0004889840344624     
   20.282166304416300        1.0006306047521718     
   20.307726690433210        1.0005682300244139     
   20.333287076450116        1.0006294941578389     
   20.358847462467025        1.0007417867300792     
   20.384407848483932        1.0005304052019159     
   20.409968234500841        1.0004941188382068     
   20.435528620517747        1.0003760613113266     
   20.461089006534657        1.0003112851263796     
   20.486649392551563        1.0002712028131635     
   20.512209778568472        1.0001144885707156     
   20.537770164585378        1.0003208565874013     
   20.563330550602288        1.0004131445687019     
   20.588890936619194        1.0003306097453639     
   20.614451322636103        1.0003575401869111     
   20.640011708653009       0.99996852833219529     
   20.665572094669919        1.0001449400784759     
   20.691132480686825        1.0001632244956555     
   20.716692866703735        1.0000530889019625     
   20.742253252720641        1.0000960291958496     
   20.767813638737550        1.0002279548966064     
   20.793374024754456        1.0002750747378941     
   20.818934410771366        1.0003021398953291     
   20.844494796788272        1.0001946965140915     
   20.870055182805181       0.99994761215889216     
   20.895615568822087        1.0002697816108121     
   20.921175954838997        1.0002706203473350     
   20.946736340855903        1.0002681668036504     
   20.972296726872813        1.0001653251210110     
   20.997857112889719        1.0002778330326689     
   21.023417498906628        1.0002776492143719     
   21.048977884923534        1.0001450979266813     
   21.074538270940444        1.0002608183116346     
   21.100098656957350        1.0002263719882964     
   21.125659042974259        1.0005268909712783     
   21.151219428991165        1.0002748443943859     
   21.176779815008071        1.0004497571540010     
   21.202340201024981        1.0005774149994444     
   21.227900587041887        1.0005045967137831     
   21.253460973058797        1.0003342595145330     
   21.279021359075703        1.0005698609992906     
   21.304581745092612        1.0006408344871347     
   21.330142131109518        1.0005626969692276     
   21.355702517126428        1.0003541307854855     
   21.381262903143334        1.0007698714847271     
   21.406823289160243        1.0002839964142738     
   21.432383675177149        1.0003429524956522     
   21.457944061194059        1.0002468952956176     
   21.483504447210965        1.0004457855812949     
   21.509064833227875        1.0001613527471591     
   21.534625219244781        1.0003760221895228     
   21.560185605261690        1.0003041346222203     
   21.585745991278596        1.0002491673886185     
   21.611306377295506        1.0004173800569400     
   21.636866763312412        1.0002564613380054     
   21.662427149329321        1.0002026504426580     
   21.687987535346227        1.0000486463211893     
   21.713547921363137       0.99984303599047408     
   21.739108307380043       0.99986807345713380     
   21.764668693396953       0.99982040337462763     
   21.790229079413859        1.0000157778272007     
   21.815789465430768        1.0002997099708726     
   21.841349851447674        1.0001524869664435     
   21.866910237464584       0.99998915828484491     
   21.892470623481490        1.0000285973832059     
   21.918031009498399        1.0000051164250248     
   21.943591395515305        1.0000774472409439     
   21.969151781532215        1.0002055468345461     
   21.994712167549121        1.0002230025394678     
   22.020272553566031        1.0002135854708754     
   22.045832939582937        1.0004600695815755     
   22.071393325599846        1.0004746958416064     
   22.096953711616752        1.0003718831842010     
   22.122514097633662        1.0001908848492069     
   22.148074483650568        1.0005996011540395     
   22.173634869667474        1.0003918001228707     
   22.199195255684383        1.0004437357035021     
   22.224755641701289        1.0001992841249920     
   22.250316027718199        1.0004176555854969     
   22.275876413735105        1.0001938696658472     
   22.301436799752015        1.0006097918173742     
   22.326997185768921        1.0004762556801163     
   22.352557571785830        1.0006686688953044     
   22.378117957802736        1.0004733840927167     
   22.403678343819646        1.0002330280032405     
   22.429238729836552        1.0005082023497167     
   22.454799115853461        1.0001368477760650     
   22.480359501870367        1.0002842644141297     
   22.505919887887277        1.0003444713989962     
   22.531480273904183        1.0002970361707828     
   22.557040659921093        1.0005347608251218     
   22.582601045937999        1.0008348867300063     
   22.608161431954908        1.0006561742888527     
   22.633721817971814        1.0002567400420141     
   22.659282203988724        1.0004885593079056     
   22.684842590005630        1.0003839901723961     
   22.710402976022539        1.0001000128391739     
   22.735963362039445        1.0001598760820751     
   22.761523748056355        1.0000940750736318     
   22.787084134073261        1.0000863409534957     
   22.812644520090171        1.0000793445846266     
   22.838204906107077       0.99992038610295941     
   22.863765292123986        1.0003227904478027     
   22.889325678140892        1.0004694848123645     
   22.914886064157802        1.0004033508273693     
   22.940446450174708        1.0005069330177663     
   22.966006836191617        1.0005625812095915     
   22.991567222208523       0.99995731812289346     
   23.017127608225433        1.0002905618558506     
   23.042687994242339        1.0001625051855922     
   23.068248380259249        1.0001446315289189     
   23.093808766276155        1.0003219614311976     
   23.119369152293064        1.0004244306800669     
   23.144929538309970        1.0003128144010778     
   23.170489924326876        1.0004050231480810     
   23.196050310343786        1.0004116872387061     
   23.221610696360692        1.0005508538363721     
   23.247171082377601        1.0005489735053565     
   23.272731468394507        1.0006813621993682     
   23.298291854411417        1.0004818072138022     
   23.323852240428323        1.0002612097596708     
   23.349412626445233        1.0003756778802144     
   23.374973012462139        1.0005319562563582     
   23.400533398479048        1.0002742601558292     
   23.426093784495954        1.0005078186319727     
   23.451654170512864        1.0004236135602425     
   23.477214556529770        1.0003302430936034     
   23.502774942546679        1.0003585900573992     
   23.528335328563585        1.0004433642942314     
   23.553895714580495        1.0003240657985761     
   23.579456100597401        1.0003129022746280     
   23.605016486614311        1.0003747330547959     
   23.630576872631217        1.0004253135497894     
   23.656137258648126        1.0003417013839619     
   23.681697644665032        1.0006188384276706     
   23.707258030681942        1.0007716131787159     
   23.732818416698848        1.0008001929015815     
   23.758378802715757        1.0006893584441263     
   23.783939188732663        1.0007050590528894     
   23.809499574749573        1.0008097246348693     
   23.835059960766479        1.0006479898249050     
   23.860620346783389        1.0006393548532722     
   23.886180732800295        1.0003333601343998     
   23.911741118817204        1.0001863217135882     
   23.937301504834110        1.0002044078557364     
   23.962861890851020        1.0003648667389415     
   23.988422276867926        1.0001977667474142     
   24.013982662884835        1.0004776796633121     
   24.039543048901741        1.0002259319308850     
   24.065103434918651        1.0001509799827097     
   24.090663820935557        1.0002523711060731     
   24.116224206952467        1.0004289605809094     
   24.141784592969373        1.0002400049687235     
   24.167344978986282        1.0002092285713948     
   24.192905365003188        1.0003615058572572     
   24.218465751020094        1.0001087854136477     
   24.244026137037004        1.0002028117187325     
   24.269586523053910        1.0006200660739066     
   24.295146909070819        1.0003956824677680     
   24.320707295087725        1.0004213179451238     
   24.346267681104635        1.0003935061704810     
   24.371828067121541        1.0002919569645188     
   24.397388453138451        1.0004050505170141     
   24.422948839155357        1.0003565259894276     
   24.448509225172266        1.0003350566280251     
   24.474069611189172        1.0003641689707277     
   24.499629997206082        1.0005583921918713     
   24.525190383222988        1.0002385570057188     
   24.550750769239897        1.0003876988449054     
   24.576311155256803        1.0000119191493533     
   24.601871541273713        1.0002188785309511     
   24.627431927290619        1.0004827989073541     
   24.652992313307529        1.0007616552804597     
   24.678552699324435        1.0006172167950744     
   24.704113085341344        1.0005257401265202     
   24.729673471358250        1.0008670148674683     
   24.755233857375160        1.0007738415854077     
   24.780794243392066        1.0006370784483980     
   24.806354629408975        1.0005033220293631     
   24.831915015425881        1.0006267512323073     
   24.857475401442791        1.0006753758510136     
   24.883035787459697        1.0003202422877748     
   24.908596173476607        1.0002328862039715     
   24.934156559493513        1.0001417013247462     
   24.959716945510422        1.0002120655403790     
   24.985277331527328        1.0001212582769248     
   25.010837717544238        1.0001646007530567     
   25.036398103561144        1.0004488922160337     
   25.061958489578053        1.0005040812328156     
   25.087518875594959        1.0008055576986261     
   25.113079261611869        1.0001725948912841     
   25.138639647628775        1.0001105145969338     
   25.164200033645685        1.0001327257724757     
   25.189760419662591        1.0002038245092686     
   25.215320805679497        1.0005475254126295     
   25.240881191696406        1.0005616652473259     
   25.266441577713312        1.0005545107885143     
   25.292001963730222        1.0004252612204481     
   25.317562349747128        1.0003960729320192     
   25.343122735764037        1.0007883345519946     
   25.368683121780943        1.0005711138039075     
   25.394243507797853        1.0006098313456810     
   25.419803893814759        1.0006444771325924     
   25.445364279831669        1.0005544607247399     
   25.470924665848575        1.0002902767355912     
   25.496485051865484        1.0005139192989938     
   25.522045437882390        1.0006223885879295     
   25.547605823899300        1.0004138795574726     
