   9.0369611411506394E-003   0.0000000000000000     
   2.7110883423451918E-002   0.0000000000000000     
   4.5184805705753200E-002   0.0000000000000000     
   6.3258727988054472E-002   0.0000000000000000     
   8.1332650270355758E-002   0.0000000000000000     
   9.9406572552657044E-002   0.0000000000000000     
  0.11748049483495832        0.0000000000000000     
  0.13555441711725957        0.0000000000000000     
  0.15362833939956086        0.0000000000000000     
  0.17170226168186214        0.0000000000000000     
  0.18977618396416343        0.0000000000000000     
  0.20785010624646469        0.0000000000000000     
  0.22592402852876597        0.0000000000000000     
  0.24399795081106726        0.0000000000000000     
  0.26207187309336855        0.0000000000000000     
  0.28014579537566986        0.0000000000000000     
  0.29821971765797112        0.0000000000000000     
  0.31629363994027238        0.0000000000000000     
  0.33436756222257369        0.0000000000000000     
  0.35244148450487495        0.0000000000000000     
  0.37051540678717626        0.0000000000000000     
  0.38858932906947752        0.0000000000000000     
  0.40666325135177878        0.0000000000000000     
  0.42473717363408009        0.0000000000000000     
  0.44281109591638135        0.0000000000000000     
  0.46088501819868261        0.0000000000000000     
  0.47895894048098392        0.0000000000000000     
  0.49703286276328518        0.0000000000000000     
  0.51510678504558638        0.0000000000000000     
  0.53318070732788769        0.0000000000000000     
  0.55125462961018901        0.0000000000000000     
  0.56932855189249021        0.0000000000000000     
  0.58740247417479152        0.0000000000000000     
  0.60547639645709284        0.0000000000000000     
  0.62355031873939404        0.0000000000000000     
  0.64162424102169535        0.0000000000000000     
  0.65969816330399667        0.0000000000000000     
  0.67777208558629787        0.0000000000000000     
  0.69584600786859918        0.0000000000000000     
  0.71391993015090049        0.0000000000000000     
  0.73199385243320181        0.0000000000000000     
  0.75006777471550301        0.0000000000000000     
  0.76814169699780432        0.0000000000000000     
  0.78621561928010564        0.0000000000000000     
  0.80428954156240684        4.6609268057168637E-006
  0.82236346384470815        1.0028675478674322E-004
  0.84043738612700947        9.5230753439601355E-004
  0.85851130840931067        6.1546557221742893E-003
  0.87658523069161198        2.7805936103903403E-002
  0.89465915297391330        8.9310443147881530E-002
  0.91273307525621450       0.22189306547429424     
  0.93080699753851581       0.43961114978198362     
  0.94888091982081713       0.73297355414092180     
  0.96695484210311833        1.0648027986665649     
  0.98502876438541964        1.3905744063015366     
   1.0031026866677211        1.6663718222083339     
   1.0211766089500223        1.8851204053536936     
   1.0392505312323237        2.0337267541961954     
   1.0573244535146249        2.1161265008144867     
   1.0753983757969261        2.1421990906520927     
   1.0934722980792275        2.1262395020580547     
   1.1115462203615287        2.0827545636629172     
   1.1296201426438299        2.0186042020863155     
   1.1476940649261314        1.9419473715421383     
   1.1657679872084326        1.8643907209145354     
   1.1838419094907338        1.7777122627534674     
   1.2019158317730352        1.6929311107363592     
   1.2199897540553364        1.6164218798861203     
   1.2380636763376376        1.5363783431098081     
   1.2561375986199390        1.4671540157584899     
   1.2742115209022402        1.4014086308862232     
   1.2922854431845414        1.3404538992915569     
   1.3103593654668428        1.2767306335579784     
   1.3284332877491440        1.2217030150024930     
   1.3465072100314452        1.1702977534903616     
   1.3645811323137467        1.1256688904244643     
   1.3826550545960479        1.0881891859662745     
   1.4007289768783491        1.0512618772019420     
   1.4188028991606505        1.0159399002224065     
   1.4368768214429517       0.98233878035519351     
   1.4549507437252531       0.95053867236133616     
   1.4730246660075543       0.92419268661888765     
   1.4910985882898555       0.90079205586799294     
   1.5091725105721570       0.87815808852619193     
   1.5272464328544582       0.85686739022086533     
   1.5453203551367594       0.83761271676443860     
   1.5633942774190608       0.82183288090637974     
   1.5814681997013620       0.80554971103342088     
   1.5995421219836632       0.79416827437004089     
   1.6176160442659646       0.78509790308497940     
   1.6356899665482658       0.77560116459163064     
   1.6537638888305670       0.76869440088764396     
   1.6718378111128684       0.76163090088915308     
   1.6899117333951696       0.75551375308916247     
   1.7079856556774708       0.75245177441430844     
   1.7260595779597723       0.75404194451305750     
   1.7441335002420735       0.75067609604232499     
   1.7622074225243747       0.75453657396672169     
   1.7802813448066761       0.75620981010870225     
   1.7983552670889773       0.76410301867560471     
   1.8164291893712785       0.77311973230774944     
   1.8345031116535799       0.78468679650094686     
   1.8525770339358811       0.79666152499294451     
   1.8706509562181823       0.81178556082514897     
   1.8887248785004838       0.83067210364895427     
   1.9067988007827850       0.84953580790649452     
   1.9248727230650862       0.87122654368223351     
   1.9429466453473876       0.89632913305046646     
   1.9610205676296888       0.92377048737414680     
   1.9790944899119900       0.95024371767946769     
   1.9971684121942914       0.97674365268469188     
   2.0152423344765928        1.0018121146061467     
   2.0333162567588938        1.0262772824377919     
   2.0513901790411952        1.0486931728138105     
   2.0694641013234967        1.0713080525734091     
   2.0875380236057977        1.0910567639159292     
   2.1056119458880991        1.1043446943036004     
   2.1236858681704005        1.1193013915715047     
   2.1417597904527015        1.1284283055492121     
   2.1598337127350029        1.1352224802048809     
   2.1779076350173043        1.1404700829550933     
   2.1959815572996053        1.1428188772435524     
   2.2140554795819067        1.1411055457587709     
   2.2321294018642082        1.1396424867650894     
   2.2502033241465091        1.1395082054963936     
   2.2682772464288106        1.1356137399104140     
   2.2863511687111120        1.1283999616636138     
   2.3044250909934130        1.1197262687866443     
   2.3224990132757144        1.1133593402132897     
   2.3405729355580158        1.1066438874730533     
   2.3586468578403168        1.0952712257913082     
   2.3767207801226182        1.0885367888387207     
   2.3947947024049197        1.0802948055936872     
   2.4128686246872206        1.0673429166555448     
   2.4309425469695221        1.0591805942067989     
   2.4490164692518235        1.0486038926195445     
   2.4670903915341245        1.0415516440301220     
   2.4851643138164259        1.0331659335787466     
   2.5032382360987273        1.0230069104825379     
   2.5213121583810283        1.0129712341788093     
   2.5393860806633297        1.0068915336252611     
   2.5574600029456311       0.99934328026649311     
   2.5755339252279321       0.99172557744773082     
   2.5936078475102335       0.98705854174796781     
   2.6116817697925350       0.97925737536790791     
   2.6297556920748359       0.97373377565456498     
   2.6478296143571374       0.96828770711044365     
   2.6659035366394388       0.96016851500138778     
   2.6839774589217398       0.95768894040276153     
   2.7020513812040412       0.95354925695661730     
   2.7201253034863426       0.94885820088611261     
   2.7381992257686436       0.94652976333547034     
   2.7562731480509450       0.94380275941093084     
   2.7743470703332465       0.94423866968466885     
   2.7924209926155474       0.94341440114289765     
   2.8104949148978489       0.94364312567750452     
   2.8285688371801503       0.94486887470836178     
   2.8466427594624513       0.94622852645669364     
   2.8647166817447527       0.94779609890073779     
   2.8827906040270541       0.95179458885123192     
   2.9008645263093555       0.95210289530623093     
   2.9189384485916565       0.95608235134957575     
   2.9370123708739579       0.95727500106672503     
   2.9550862931562594       0.96166191035184556     
   2.9731602154385603       0.96554031339235757     
   2.9912341377208618       0.97120032487539742     
   3.0093080600031632       0.97575840630119992     
   3.0273819822854642       0.97984414469825643     
   3.0454559045677656       0.98555237143583585     
   3.0635298268500670       0.99092036713723985     
   3.0816037491323680       0.99695407159563487     
   3.0996776714146694        1.0018954733769261     
   3.1177515936969709        1.0057822060015884     
   3.1358255159792718        1.0082559378614628     
   3.1538994382615733        1.0137203693954211     
   3.1719733605438747        1.0173220095245143     
   3.1900472828261757        1.0201789322896941     
   3.2081212051084771        1.0238759601098779     
   3.2261951273907785        1.0249351477182898     
   3.2442690496730795        1.0279549627157736     
   3.2623429719553809        1.0297273006602190     
   3.2804168942376823        1.0296871156518961     
   3.2984908165199833        1.0292927830394576     
   3.3165647388022848        1.0285534836214607     
   3.3346386610845862        1.0285203141798942     
   3.3527125833668872        1.0280218054188206     
   3.3707865056491886        1.0281280777699373     
   3.3888604279314900        1.0254610961514490     
   3.4069343502137910        1.0248101483444143     
   3.4250082724960924        1.0217121603745010     
   3.4430821947783938        1.0212287222122847     
   3.4611561170606948        1.0196136327547760     
   3.4792300393429962        1.0165742193574983     
   3.4973039616252977        1.0150127403221152     
   3.5153778839075986        1.0137259151914400     
   3.5334518061899001        1.0121323849995780     
   3.5515257284722015        1.0108363721441256     
   3.5695996507545025        1.0079230735731397     
   3.5876735730368039        1.0068499275513023     
   3.6057474953191053        1.0059767571597700     
   3.6238214176014063        1.0047905765151333     
   3.6418953398837077        1.0037098389692019     
   3.6599692621660092        1.0016518833065369     
   3.6780431844483101       0.99942559757701466     
   3.6961171067306116       0.99824495596055152     
   3.7141910290129130       0.99516368506744934     
   3.7322649512952140       0.99303782338534541     
   3.7503388735775154       0.99201498868818361     
   3.7684127958598168       0.99146354241346202     
   3.7864867181421178       0.99187768944719346     
   3.8045606404244192       0.99058180863734979     
   3.8226345627067206       0.99013518199959083     
   3.8407084849890216       0.98936041289164967     
   3.8587824072713230       0.98746258316147018     
   3.8768563295536245       0.98890683041215999     
   3.8949302518359254       0.98764614014476904     
   3.9130041741182269       0.98585437787487351     
   3.9310780964005283       0.98841708580399956     
   3.9491520186828293       0.98816126823910688     
   3.9672259409651307       0.98864009918599827     
   3.9852998632474321       0.98982900349825087     
   4.0033737855297327       0.98875561371536458     
   4.0214477078120350       0.99113210245524053     
   4.0395216300943355       0.99313235952682322     
   4.0575955523766369       0.99373359511865078     
   4.0756694746589384       0.99656411294249714     
   4.0937433969412398       0.99734405811803617     
   4.1118173192235412       0.99678606788738777     
   4.1298912415058426       0.99883218301500643     
   4.1479651637881432       0.99994767685490049     
   4.1660390860704446        1.0015304026732461     
   4.1841130083527460        1.0021340742116014     
   4.2021869306350474        1.0023516298627735     
   4.2202608529173489        1.0022848519527892     
   4.2383347751996503        1.0029775299156558     
   4.2564086974819508        1.0053187712066829     
   4.2744826197642523        1.0064093395085840     
   4.2925565420465537        1.0055777374354269     
   4.3106304643288551        1.0067206894129990     
   4.3287043866111565        1.0071249099900155     
   4.3467783088934580        1.0080000983109652     
   4.3648522311757585        1.0064671354681596     
   4.3829261534580599        1.0077376728774159     
   4.4010000757403613        1.0082230702448052     
   4.4190739980226628        1.0084830887609664     
   4.4371479203049642        1.0063213319754500     
   4.4552218425872656        1.0061435248374868     
   4.4732957648695661        1.0064452479149533     
   4.4913696871518676        1.0058472907822871     
   4.5094436094341690        1.0060052132976540     
   4.5275175317164704        1.0051637342230342     
   4.5455914539987718        1.0059078288366390     
   4.5636653762810733        1.0040655051981695     
   4.5817392985633738        1.0046910602933108     
   4.5998132208456752        1.0041352824248382     
   4.6178871431279767        1.0045328325353202     
   4.6359610654102781        1.0039702800877761     
   4.6540349876925795        1.0060472266145748     
   4.6721089099748809        1.0046884261003499     
   4.6901828322571824        1.0028369559277710     
   4.7082567545394829        1.0001274585912694     
   4.7263306768217843        1.0001715154877406     
   4.7444045991040857        1.0006245282318731     
   4.7624785213863872        1.0002110041514209     
   4.7805524436686886        1.0003848087064597     
   4.7986263659509900       0.99933236679102311     
   4.8167002882332906       0.99921747689594653     
   4.8347742105155920       0.99884020817036900     
   4.8528481327978934       0.99816950304185337     
   4.8709220550801948       0.99724133660146075     
   4.8889959773624962       0.99703657917891708     
   4.9070698996447977       0.99612095078354834     
   4.9251438219270982       0.99518958890242526     
   4.9432177442093996       0.99619923286650269     
   4.9612916664917011       0.99686528014204190     
   4.9793655887740025       0.99623610068512147     
   4.9974395110563039       0.99589839739201558     
   5.0155134333386053       0.99622348054809218     
   5.0335873556209059       0.99718075118210492     
   5.0516612779032073       0.99776829502175657     
   5.0697352001855087       0.99677591570204305     
   5.0878091224678101       0.99880854955947196     
   5.1058830447501116       0.99820533523879240     
   5.1239569670324130       0.99840053831758013     
   5.1420308893147135       0.99942948189737857     
   5.1601048115970150        1.0012198377636043     
   5.1781787338793164        1.0018136777505438     
   5.1962526561616178        1.0006809715730010     
   5.2143265784439192        1.0010126695215331     
   5.2324005007262206        1.0012926411431271     
   5.2504744230085212        1.0023332160835690     
   5.2685483452908226        1.0022114812378689     
   5.2866222675731240        1.0036796679816848     
   5.3046961898554255        1.0023584687233411     
   5.3227701121377269        1.0043468626336012     
   5.3408440344200283        1.0036644079710260     
   5.3589179567023288        1.0029690684121921     
   5.3769918789846303        1.0032126254736511     
   5.3950658012669317        1.0041997719617408     
   5.4131397235492331        1.0044150863418466     
   5.4312136458315345        1.0045972175408344     
   5.4492875681138360        1.0038962128335440     
   5.4673614903961365        1.0038227622537026     
   5.4854354126784379        1.0045637225186690     
   5.5035093349607394        1.0056734287480880     
   5.5215832572430408        1.0054618129709307     
   5.5396571795253422        1.0038741373136093     
   5.5577311018076436        1.0040542188744075     
   5.5758050240899442        1.0041205190857561     
   5.5938789463722456        1.0032900660249400     
   5.6119528686545470        1.0022775905889256     
   5.6300267909368484        1.0031313255932464     
   5.6481007132191499        1.0026295983960314     
   5.6661746355014513        1.0017800938146730     
   5.6842485577837518        1.0019674419931577     
   5.7023224800660532        1.0012250181371987     
   5.7203964023483547        1.0020361529547830     
   5.7384703246306561       0.99974701458093651     
   5.7565442469129575        1.0003681935500821     
   5.7746181691952589        1.0019056888847893     
   5.7926920914775604        1.0012109567490945     
   5.8107660137598609        1.0006069946626219     
   5.8288399360421623        1.0003650046271346     
   5.8469138583244638       0.99922786577229361     
   5.8649877806067652       0.99808718914303851     
   5.8830617028890666       0.99718865107560140     
   5.9011356251713680       0.99716718896932899     
   5.9192095474536686       0.99764111164514990     
   5.9372834697359700       0.99759504146480815     
   5.9553573920182714       0.99788507458775733     
   5.9734313143005728       0.99797755135957489     
   5.9915052365828743       0.99930768090996780     
   6.0095791588651757       0.99881737850479668     
   6.0276530811474762       0.99883315196253264     
   6.0457270034297776       0.99834719973298747     
   6.0638009257120791       0.99876488412138476     
   6.0818748479943805       0.99900287727317227     
   6.0999487702766819       0.99828721203356563     
   6.1180226925589833       0.99849396061341422     
   6.1360966148412839       0.99869399285063043     
   6.1541705371235853       0.99975477940251012     
   6.1722444594058867       0.99962956913934542     
   6.1903183816881882       0.99974489981839276     
   6.2083923039704896       0.99965063820804412     
   6.2264662262527910       0.99960057351591802     
   6.2445401485350915        1.0002126536129468     
   6.2626140708173930       0.99960396914270200     
   6.2806879930996944       0.99889642522155841     
   6.2987619153819958        1.0007654958916881     
   6.3168358376642972        1.0006328416373376     
   6.3349097599465987        1.0002003311694023     
   6.3529836822288992        1.0013307340803133     
   6.3710576045112006        1.0000596383532907     
   6.3891315267935020        1.0017405630487914     
   6.4072054490758035        1.0023848945531959     
   6.4252793713581049        1.0035308560810177     
   6.4433532936404063        1.0053790194902399     
   6.4614272159227069        1.0055534923817806     
   6.4795011382050083        1.0051360000561420     
   6.4975750604873097        1.0039667650051640     
   6.5156489827696111        1.0037829632407542     
   6.5337229050519126        1.0038067289755928     
   6.5517968273342140        1.0044669015412837     
   6.5698707496165145        1.0047354372699415     
   6.5879446718988159        1.0057945885777382     
   6.6060185941811174        1.0038567960723990     
   6.6240925164634188        1.0027181936132488     
   6.6421664387457202        1.0025689451403836     
   6.6602403610280216        1.0029104700294516     
   6.6783142833103222        1.0024101167731023     
   6.6963882055926236        1.0017954632651125     
   6.7144621278749250        1.0021131425030865     
   6.7325360501572264        1.0021011557530950     
   6.7506099724395279        1.0025532013107472     
   6.7686838947218293        1.0013809266659284     
   6.7867578170041298        1.0015256465047155     
   6.8048317392864313        1.0015698859327875     
   6.8229056615687327        1.0010531938318821     
   6.8409795838510341        1.0010814602752467     
   6.8590535061333355        1.0006879235387722     
   6.8771274284156370        1.0005027763657208     
   6.8952013506979375       0.99976133501293474     
   6.9132752729802389       0.99998952060456725     
   6.9313491952625403       0.99966432092850910     
   6.9494231175448418        1.0010767019517188     
   6.9674970398271432       0.99990942561012097     
   6.9855709621094446       0.99992960180103618     
   7.0036448843917460       0.99969783646389176     
   7.0217188066740466       0.99995095688399194     
   7.0397927289563480       0.99730541026116049     
   7.0578666512386494       0.99855181751433253     
   7.0759405735209508       0.99805098042899643     
   7.0940144958032523       0.99825393033331267     
   7.1120884180855537       0.99801282674477332     
   7.1301623403678542       0.99828424442587826     
   7.1482362626501557       0.99955017820002134     
   7.1663101849324571        1.0001435518598834     
   7.1843841072147585       0.99960948407151651     
   7.2024580294970599        1.0001583527200908     
   7.2205319517793614       0.99986937725995784     
   7.2386058740616619        1.0003066189915459     
   7.2566797963439633        1.0006804666615654     
   7.2747537186262647        1.0007175068701759     
   7.2928276409085662        1.0012735341292860     
   7.3109015631908676        1.0003031471420178     
   7.3289754854731690       0.99929125597841462     
   7.3470494077554696       0.99986684267958215     
   7.3651233300377710        1.0001797677541047     
   7.3831972523200724        1.0008925281708687     
   7.4012711746023738        1.0004492695303977     
   7.4193450968846753        1.0003641296180208     
   7.4374190191669767        1.0007360610685336     
   7.4554929414492772        1.0006202183878734     
   7.4735668637315786        1.0016596172221153     
   7.4916407860138801        1.0025984265628360     
   7.5097147082961815        1.0022478155479206     
   7.5277886305784829        1.0030143771764672     
   7.5458625528607843        1.0031734142806168     
   7.5639364751430849        1.0015906263659948     
   7.5820103974253863        1.0017013734071842     
   7.6000843197076877        1.0025825420381194     
   7.6181582419899891        1.0016951807793877     
   7.6362321642722906        1.0006802095887966     
   7.6543060865545920        1.0010161232704069     
   7.6723800088368925        1.0005596531500782     
   7.6904539311191940        1.0024497337060103     
   7.7085278534014954        1.0013683501292792     
   7.7266017756837968        1.0018882431750826     
   7.7446756979660982        1.0036446106433272     
   7.7627496202483997        1.0033399352050936     
   7.7808235425307002        1.0030648600191117     
   7.7988974648130016        1.0025096246191803     
   7.8169713870953030        1.0022267112883942     
   7.8350453093776045        1.0022400721395470     
   7.8531192316599059        1.0033169209709047     
   7.8711931539422073        1.0011435886162823     
   7.8892670762245078        1.0005292650049276     
   7.9073409985068093        1.0009320499679453     
   7.9254149207891107        1.0001590076226854     
   7.9434888430714121        1.0009314995679972     
   7.9615627653537135        1.0006274076169777     
   7.9796366876360150       0.99988966985170669     
   7.9977106099183155       0.99964485077274501     
   8.0157845322006178        1.0006460708519511     
   8.0338584544829192        1.0008059084694010     
   8.0519323767652189        1.0000373811562102     
   8.0700062990475203       0.99911877016741213     
   8.0880802213298217       0.99960492788906541     
   8.1061541436121232        1.0006089487704171     
   8.1242280658944246        1.0006870335144096     
   8.1423019881767260        1.0007790440719841     
   8.1603759104590274        1.0013626458145541     
   8.1784498327413289        1.0008458782086935     
   8.1965237550236303        1.0007427819328902     
   8.2145976773059317        1.0009582155335288     
   8.2326715995882331        1.0005472820445835     
   8.2507455218705346        1.0011131862208418     
   8.2688194441528360        1.0013558657792374     
   8.2868933664351356        1.0009980976693695     
   8.3049672887174371        1.0002372204343675     
   8.3230412109997385       0.99959540170942707     
   8.3411151332820399       0.99923478537321553     
   8.3591890555643413        1.0006487021857078     
   8.3772629778466428        1.0008487446119099     
   8.3953369001289442        1.0002551191230156     
   8.4134108224112456       0.99953148806206316     
   8.4314847446935470        1.0001719150429562     
   8.4495586669758485        1.0003905649696974     
   8.4676325892581499        1.0004570948551756     
   8.4857065115404513        1.0007234633631539     
   8.5037804338227510        1.0001954232238794     
   8.5218543561050524        1.0000758674177008     
   8.5399282783873538        1.0002893341048014     
   8.5580022006696552        1.0001118258285735     
   8.5760761229519566        1.0014684664595863     
   8.5941500452342581        1.0007769127143054     
   8.6122239675165595        1.0010793957107833     
   8.6302978897988609        1.0018062934759482     
   8.6483718120811623        1.0021350530103175     
   8.6664457343634638        1.0006701399611782     
   8.6845196566457652        1.0020347935417273     
   8.7025935789280666        1.0013851419664144     
   8.7206675012103663        1.0010700412358489     
   8.7387414234926677        1.0009981879560648     
   8.7568153457749691        1.0008707650980910     
   8.7748892680572705        1.0015935910717411     
   8.7929631903395720        1.0015758885724508     
   8.8110371126218734        1.0001578605329418     
   8.8291110349041748        1.0011547505037397     
   8.8471849571864762       0.99955100742821434     
   8.8652588794687777       0.99985475615380326     
   8.8833328017510791        1.0004480244090606     
   8.9014067240333805       0.99969081565955853     
   8.9194806463156819        1.0008998325084932     
   8.9375545685979816        1.0000948596972685     
   8.9556284908802830        1.0005618816846598     
   8.9737024131625844        1.0012085333619714     
   8.9917763354448859        1.0008576368293800     
   9.0098502577271873        1.0012660208823945     
   9.0279241800094887        1.0021336836370354     
   9.0459981022917901        1.0022904846193250     
   9.0640720245740916        1.0007975030834761     
   9.0821459468563930        1.0016427567532402     
   9.1002198691386944        1.0019126757297276     
   9.1182937914209958        1.0038922049016719     
   9.1363677137032973        1.0029911230444715     
   9.1544416359855969        1.0017641573153260     
   9.1725155582678983        1.0022634380617685     
   9.1905894805501998        1.0014234930045354     
   9.2086634028325012        1.0017236378113685     
   9.2267373251148026        1.0013075356504921     
   9.2448112473971040        1.0009778091574133     
   9.2628851696794055        1.0013223935908768     
   9.2809590919617069        1.0010169456487004     
   9.2990330142440083        1.0004835047120082     
   9.3171069365263097        1.0008857857363578     
   9.3351808588086111        1.0004928046434329     
   9.3532547810909126       0.99929053469627616     
   9.3713287033732140        1.0013018761860120     
   9.3894026256555136        1.0017156541492722     
   9.4074765479378151        1.0009419519691332     
   9.4255504702201165        1.0018969262742521     
   9.4436243925024179        1.0024453314691590     
   9.4616983147847193        1.0006520743919647     
   9.4797722370670208        1.0012877598822396     
   9.4978461593493222        1.0001397758958588     
   9.5159200816316236        1.0004604406419806     
   9.5339940039139250        1.0000497233834147     
   9.5520679261962265       0.99985464333865037     
   9.5701418484785279       0.99986418597942928     
   9.5882157707608293        1.0011850165056568     
   9.6062896930431290        1.0019693733276538     
   9.6243636153254304        1.0014669767786271     
   9.6424375376077318        1.0024904600141245     
   9.6605114598900332        1.0023399571518579     
   9.6785853821723347        1.0007286482884545     
   9.6966593044546361        1.0002067944592508     
   9.7147332267369375       0.99989275012906331     
   9.7328071490192389        1.0001743740291567     
   9.7508810713015404        1.0003549966856122     
   9.7689549935838418        1.0007822711472611     
   9.7870289158661432        1.0014578951694624     
   9.8051028381484446        1.0022438142489865     
   9.8231767604307443        1.0030171099157197     
   9.8412506827130457        1.0021974123324453     
   9.8593246049953471        1.0018736782166420     
   9.8773985272776486       0.99947170305541500     
   9.8954724495599500        1.0002750977891366     
   9.9135463718422514        1.0000328347441585     
   9.9316202941245528       0.99941456514795191     
   9.9496942164068543       0.99963967818369182     
   9.9677681386891557       0.99945159692404673     
   9.9858420609714571        1.0006552595973213     
   10.003915983253759        1.0001104074463638     
   10.021989905536060        1.0002696140999863     
   10.040063827818360        1.0008776074637222     
   10.058137750100661        1.0015805058445941     
   10.076211672382962        1.0024535082970372     
   10.094285594665264        1.0019695480087691     
   10.112359516947565        1.0013266156861056     
   10.130433439229867        1.0020114852128503     
   10.148507361512168        1.0007062396249082     
   10.166581283794470        1.0005317396847442     
   10.184655206076771        1.0005904835872848     
   10.202729128359072        1.0010618210125248     
   10.220803050641374       0.99991162982775506     
   10.238876972923675        1.0009423105349218     
   10.256950895205975       0.99959536817711070     
   10.275024817488276        1.0004369110942699     
   10.293098739770578        1.0006501692180745     
   10.311172662052879        1.0010095581496685     
   10.329246584335181        1.0017875928033324     
   10.347320506617482        1.0014251364918692     
   10.365394428899783        1.0010572535102646     
   10.383468351182085        1.0009796550644727     
   10.401542273464386        1.0033049449721545     
   10.419616195746688        1.0023429836172943     
   10.437690118028989        1.0021762875667208     
   10.455764040311291        1.0023803529687805     
   10.473837962593592        1.0015845967742358     
   10.491911884875892        1.0010045315583824     
   10.509985807158193        1.0009001366107018     
   10.528059729440495        1.0002322619837312     
   10.546133651722796        1.0004064521563167     
   10.564207574005097        1.0005374640063882     
   10.582281496287399        1.0004007494577309     
   10.600355418569700        1.0007634904807847     
   10.618429340852002        1.0013401747726558     
   10.636503263134303        1.0016140912406726     
   10.654577185416604        1.0023775470464751     
   10.672651107698906        1.0011315683938464     
   10.690725029981207        1.0019588306470324     
   10.708798952263507        1.0007891770024520     
   10.726872874545808        1.0017071877939434     
   10.744946796828110        1.0006898189552715     
   10.763020719110411        1.0014446965221271     
   10.781094641392713        1.0012107530572196     
   10.799168563675014        1.0016119760077509     
   10.817242485957316        1.0019662866368813     
   10.835316408239617        1.0016118989960334     
   10.853390330521918        1.0019738373394791     
   10.871464252804220        1.0024519845799298     
   10.889538175086521        1.0013747676060274     
   10.907612097368823        1.0016347731041484     
   10.925686019651122        1.0002106105816904     
   10.943759941933424        1.0015267197528412     
   10.961833864215725        1.0020030302683689     
   10.979907786498027        1.0022959677668575     
   10.997981708780328        1.0028657405782950     
   11.016055631062629        1.0021423854050997     
   11.034129553344931        1.0017959632467990     
   11.052203475627232        1.0012890527599205     
   11.070277397909534        1.0007431618189604     
   11.088351320191835        1.0007611062049500     
   11.106425242474137        1.0012523758625016     
   11.124499164756438        1.0010985857189336     
   11.142573087038738        1.0000443256190719     
   11.160647009321039        1.0015581579321888     
   11.178720931603340        1.0009931503163501     
   11.196794853885642        1.0010346232813452     
   11.214868776167943        1.0012970786657089     
   11.232942698450245        1.0009661574250419     
   11.251016620732546        1.0003162696682617     
   11.269090543014848        1.0005692999887283     
   11.287164465297149       0.99988559541247002     
   11.305238387579450        1.0000299085971385     
   11.323312309861752        1.0005596155203880     
   11.341386232144053       0.99986812213386900     
   11.359460154426353       0.99990303600147434     
   11.377534076708654       0.99942548869288061     
   11.395607998990956       0.99976577817072199     
   11.413681921273257        1.0003651161447495     
   11.431755843555559       0.99924571856469679     
   11.449829765837860       0.99876731306843969     
   11.467903688120161       0.99935068090095169     
   11.485977610402463       0.99961122309543204     
   11.504051532684764        1.0001463001145261     
   11.522125454967066        1.0004127479902678     
   11.540199377249367        1.0015927898409047     
   11.558273299531669        1.0014904565410461     
   11.576347221813970        1.0009817159743932     
   11.594421144096270        1.0014734656898534     
   11.612495066378571        1.0020634357547671     
   11.630568988660873        1.0021903360005495     
   11.648642910943174        1.0011264402993811     
   11.666716833225475        1.0013098264233298     
   11.684790755507777        1.0017618146516976     
   11.702864677790078        1.0014202399765353     
   11.720938600072380        1.0017524859624285     
   11.739012522354681        1.0008109798307423     
   11.757086444636982        1.0014095392087630     
   11.775160366919284        1.0015249014755760     
   11.793234289201585        1.0008728858825553     
   11.811308211483885        1.0007952699952334     
   11.829382133766186        1.0010379605815767     
   11.847456056048488        1.0004584925599329     
   11.865529978330789        1.0018460627289603     
   11.883603900613091        1.0018024543467579     
   11.901677822895392        1.0037289915002949     
   11.919751745177694        1.0019754094353048     
   11.937825667459995        1.0024814980388055     
   11.955899589742296        1.0027217365215357     
   11.973973512024598        1.0010637108233413     
   11.992047434306899        1.0021870551397978     
   12.010121356589201        1.0010587367462074     
   12.028195278871500        1.0010807264073192     
   12.046269201153802        1.0016428840179583     
   12.064343123436103        1.0012360595846812     
   12.082417045718405        1.0019025682831821     
   12.100490968000706        1.0019869850180656     
   12.118564890283007        1.0024070912030161     
   12.136638812565309        1.0015729845525756     
   12.154712734847610        1.0014010650570486     
   12.172786657129912        1.0026165551698800     
   12.190860579412213        1.0024678910584934     
   12.208934501694515        1.0019039234761933     
   12.227008423976816        1.0016302820140239     
   12.245082346259116        1.0019287094259179     
   12.263156268541417        1.0016893111886724     
   12.281230190823718        1.0009462068699810     
   12.299304113106020        1.0008378832171796     
   12.317378035388321        1.0000423616917218     
   12.335451957670623       0.99990711325606196     
   12.353525879952924       0.99984691041304297     
   12.371599802235226       0.99897087401088014     
   12.389673724517527       0.99942779064677967     
   12.407747646799828       0.99967777766275534     
   12.425821569082130       0.99985659304360153     
   12.443895491364431        1.0002555552720034     
   12.461969413646731       0.99932992912136098     
   12.480043335929032       0.99959407919673138     
   12.498117258211334        1.0000644266075496     
   12.516191180493635        1.0001039170982786     
   12.534265102775937        1.0005032352023275     
   12.552339025058238        1.0001700136808687     
   12.570412947340539        1.0001188216911803     
   12.588486869622841       0.99947159965960841     
   12.606560791905142       0.99860633293982504     
   12.624634714187444        1.0001882348612154     
   12.642708636469745        1.0003183310925197     
   12.660782558752047        1.0004949861953869     
   12.678856481034346        1.0014598325742461     
   12.696930403316648        1.0015335328712454     
   12.715004325598949        1.0020107900929001     
   12.733078247881251        1.0007900125281628     
   12.751152170163552        1.0012425693567619     
   12.769226092445853        1.0002017464891437     
   12.787300014728155        1.0005933177782036     
   12.805373937010456        1.0013321526331331     
   12.823447859292758        1.0015058687798302     
   12.841521781575059        1.0016134132701604     
   12.859595703857361        1.0009044200668624     
   12.877669626139662        1.0014413022699922     
   12.895743548421963        1.0021810384877086     
   12.913817470704263        1.0023104041919466     
   12.931891392986564        1.0017065842170958     
   12.949965315268866        1.0016084315330285     
   12.968039237551167        1.0026922906483613     
   12.986113159833469        1.0022711693673709     
   13.004187082115770        1.0015937923570357     
   13.022261004398072        1.0011278659209288     
   13.040334926680373        1.0014151147566190     
   13.058408848962674        1.0017825234162725     
   13.076482771244976        1.0021342958759796     
   13.094556693527277        1.0021573044736094     
   13.112630615809579        1.0020300158620434     
   13.130704538091878        1.0021805776362689     
   13.148778460374180        1.0032280820405093     
   13.166852382656481        1.0029983486522653     
   13.184926304938783        1.0017909009118824     
   13.203000227221084        1.0017852296965770     
   13.221074149503385        1.0020726150252506     
   13.239148071785687        1.0014786027622047     
   13.257221994067988        1.0018124208338495     
   13.275295916350290        1.0020405653762332     
   13.293369838632591        1.0025072258191092     
   13.311443760914893        1.0011000038720890     
   13.329517683197194        1.0012450812430436     
   13.347591605479494        1.0010468420503327     
   13.365665527761795        1.0005567438416192     
   13.383739450044096        1.0006874020948600     
   13.401813372326398        1.0002283411231678     
   13.419887294608699       0.99993546797765187     
   13.437961216891001        1.0009578705853759     
   13.456035139173302        1.0009829556079843     
   13.474109061455604        1.0015730333389834     
   13.492182983737905        1.0016336247781643     
   13.510256906020206        1.0011221817633553     
   13.528330828302508        1.0002637874508504     
   13.546404750584809        1.0002733039539786     
   13.564478672867109        1.0000985984366288     
   13.582552595149410        1.0001584027595654     
   13.600626517431712        1.0005332305344063     
   13.618700439714013        1.0004300313159944     
   13.636774361996315        1.0011875393057612     
   13.654848284278616        1.0000863613241133     
   13.672922206560918        1.0005256520878598     
   13.690996128843219        1.0006844965819837     
   13.709070051125520        1.0002975277433968     
   13.727143973407822       0.99997206717073372     
   13.745217895690123        1.0009126574550689     
   13.763291817972425        1.0008812694077525     
   13.781365740254724        1.0006860748061568     
   13.799439662537026        1.0000056661729861     
   13.817513584819327        1.0000306622169850     
   13.835587507101629       0.99987161877564146     
   13.853661429383930        1.0002064207200569     
   13.871735351666231        1.0000501300281992     
   13.889809273948533        1.0017857772372414     
   13.907883196230834        1.0016601851470848     
   13.925957118513136        1.0001845251585688     
   13.944031040795437        1.0002785581111673     
   13.962104963077739        1.0016142643813457     
   13.980178885360040        1.0011054237789512     
   13.998252807642341        1.0007715655809415     
   14.016326729924641        1.0011307415710724     
   14.034400652206942        1.0004441900295078     
   14.052474574489244        1.0001316777064633     
   14.070548496771545        1.0007641756202403     
   14.088622419053847        1.0011140676734891     
   14.106696341336148        1.0013127863225857     
   14.124770263618450        1.0012075098424409     
   14.142844185900751        1.0013850588419679     
   14.160918108183052        1.0013118580927802     
   14.178992030465354        1.0019162022839254     
   14.197065952747655        1.0019994894302608     
   14.215139875029957        1.0022344641819256     
   14.233213797312256        1.0020453281678590     
   14.251287719594558        1.0028215221611714     
   14.269361641876859        1.0022832399577930     
   14.287435564159161        1.0020676037142355     
   14.305509486441462        1.0012310647671341     
   14.323583408723763        1.0016274950982598     
   14.341657331006065        1.0016031373805765     
   14.359731253288366        1.0006151422966569     
   14.377805175570668        1.0005942042624179     
   14.395879097852969        1.0023001834072678     
   14.413953020135271        1.0013658758933996     
   14.432026942417572        1.0022038524420003     
   14.450100864699872        1.0023444705366877     
   14.468174786982173        1.0014300621475336     
   14.486248709264474        1.0010864726197306     
   14.504322631546776        1.0007234505641911     
   14.522396553829077        1.0009505245957331     
   14.540470476111379        1.0008300166744692     
   14.558544398393680        1.0020221250351340     
   14.576618320675982        1.0011136332481692     
   14.594692242958283        1.0012194043471738     
   14.612766165240584        1.0020527130513484     
   14.630840087522886        1.0007687269651673     
   14.648914009805187        1.0017824841007339     
   14.666987932087487        1.0021605186627416     
   14.685061854369788        1.0030050318912094     
   14.703135776652090        1.0026705662341386     
   14.721209698934391        1.0028339958223991     
   14.739283621216693        1.0017646381189029     
   14.757357543498994        1.0010483269860433     
   14.775431465781296        1.0010369368095053     
   14.793505388063597        1.0015274412535093     
   14.811579310345898        1.0013805946689716     
   14.829653232628200        1.0014836062074730     
   14.847727154910501        1.0000669502077904     
   14.865801077192803        1.0006863691442578     
   14.883874999475102        1.0000736688695342     
   14.901948921757404       0.99994947504327514     
   14.920022844039705        1.0002493241590384     
   14.938096766322007        1.0004933638786118     
   14.956170688604308        1.0003559540960179     
   14.974244610886609       0.99957849224388506     
   14.992318533168911       0.99921222644751717     
   15.010392455451212       0.99967249177759454     
   15.028466377733514        1.0009646624772031     
   15.046540300015815        1.0012939068651572     
   15.064614222298117        1.0021434399798794     
   15.082688144580418        1.0017227335105465     
   15.100762066862719        1.0013745295557328     
   15.118835989145019        1.0007625941147074     
   15.136909911427320        1.0004363043716611     
   15.154983833709622        1.0003304484546622     
   15.173057755991923        1.0001187302184591     
   15.191131678274225       0.99972465827074353     
   15.209205600556526       0.99998185513854054     
   15.227279522838828       0.99939956452407586     
   15.245353445121129        1.0003403670425492     
   15.263427367403430        1.0000269831601576     
   15.281501289685732       0.99997878684447039     
   15.299575211968033        1.0002106421974768     
   15.317649134250335        1.0000530696146186     
   15.335723056532634        1.0010140802676948     
   15.353796978814936        1.0011422067894182     
   15.371870901097237        1.0014429356840802     
   15.389944823379539        1.0012192539740645     
   15.408018745661840        1.0005744622106372     
   15.426092667944141        1.0004032333328086     
   15.444166590226443        1.0008008746579447     
   15.462240512508744        1.0003495156205895     
   15.480314434791046        1.0009667790960171     
   15.498388357073347        1.0007892397685643     
   15.516462279355649        1.0015286132289229     
   15.534536201637950        1.0024684891612246     
   15.552610123920250        1.0036374543853959     
   15.570684046202551        1.0026165584764748     
   15.588757968484853        1.0031682231496242     
   15.606831890767154        1.0032507037690079     
   15.624905813049455        1.0015879320620291     
   15.642979735331757        1.0017893533321651     
   15.661053657614058        1.0020733699384003     
   15.679127579896360        1.0018645634014982     
   15.697201502178661        1.0024434929327946     
   15.715275424460962        1.0020897081951650     
   15.733349346743264        1.0021695479171795     
   15.751423269025565        1.0027483955593313     
   15.769497191307865        1.0022312128650457     
   15.787571113590166        1.0014340753382531     
   15.805645035872468        1.0014442138043063     
   15.823718958154769        1.0010755163432676     
   15.841792880437071        1.0016158682204033     
   15.859866802719372        1.0012111787341378     
   15.877940725001674        1.0011353493448674     
   15.896014647283975        1.0012724097792201     
   15.914088569566276        1.0014974941718300     
   15.932162491848578        1.0011660692782942     
   15.950236414130879        1.0011143724245304     
   15.968310336413181        1.0017070938500707     
   15.986384258695480        1.0009006475406270     
   16.004458180977782        1.0005640155235933     
   16.022532103260083       0.99992726213691507     
   16.040606025542385       0.99970816838995924     
   16.058679947824686       0.99993403715703255     
   16.076753870106987       0.99922179198935035     
   16.094827792389285        1.0006596754011698     
   16.112901714671587       0.99991645683746033     
   16.130975636953888        1.0007446059789618     
   16.149049559236190       0.99977233138487820     
   16.167123481518491        1.0007489283821702     
   16.185197403800792        1.0010895297791655     
   16.203271326083094        1.0003664031693695     
   16.221345248365395        1.0004930208654175     
   16.239419170647697        1.0009064083389809     
   16.257493092929998        1.0004261666834080     
   16.275567015212300        1.0008055428967568     
   16.293640937494601        1.0014951368007174     
   16.311714859776902        1.0010418086819286     
   16.329788782059204        1.0018437079915545     
   16.347862704341505        1.0009833976735238     
   16.365936626623807        1.0002189009726998     
   16.384010548906108        1.0003849226763788     
   16.402084471188410        1.0005733194492115     
   16.420158393470711        1.0005359686268398     
   16.438232315753012        1.0003250400586858     
   16.456306238035314        1.0004544513382947     
   16.474380160317615        1.0001802474227917     
   16.492454082599917       0.99998494934937876     
   16.510528004882218        1.0002310122280000     
   16.528601927164519        1.0010605544119979     
   16.546675849446817        1.0008735438474572     
   16.564749771729119        1.0009961912039900     
   16.582823694011420        1.0016518498161155     
   16.600897616293722        1.0011270997009758     
   16.618971538576023        1.0012751244370108     
   16.637045460858324        1.0008731483297637     
   16.655119383140626        1.0011588763566572     
   16.673193305422927        1.0006584078106509     
   16.691267227705229        1.0013017501372190     
   16.709341149987530        1.0014763803992190     
   16.727415072269832        1.0011107589654080     
   16.745488994552133        1.0013499154875343     
   16.763562916834434        1.0022801134709101     
   16.781636839116736        1.0030498174610873     
   16.799710761399037        1.0029396867507301     
   16.817784683681339        1.0034696358188360     
   16.835858605963640        1.0035073622415696     
   16.853932528245942        1.0012302315519901     
   16.872006450528243        1.0014306948454783     
   16.890080372810544        1.0010635387084807     
   16.908154295092846        1.0012527768919324     
   16.926228217375147        1.0008828297662526     
   16.944302139657449        1.0009826978182828     
   16.962376061939750        1.0009682050359616     
   16.980449984222048        1.0012971472444065     
   16.998523906504349        1.0017943181903419     
   17.016597828786651        1.0016167595318792     
   17.034671751068952        1.0008221853567860     
   17.052745673351254        1.0007978272424054     
   17.070819595633555        1.0007759362957327     
   17.088893517915857        1.0007716409928831     
   17.106967440198158       0.99989936117629474     
   17.125041362480459        1.0001960075875813     
   17.143115284762761       0.99993299123115065     
   17.161189207045062        1.0009637090405032     
   17.179263129327364        1.0001839287907779     
   17.197337051609665        1.0006291106591803     
   17.215410973891967        1.0011985666492673     
   17.233484896174268        1.0011690661555115     
   17.251558818456569        1.0006069206529864     
   17.269632740738871        1.0006313920138663     
   17.287706663021172        1.0009844392198317     
   17.305780585303474        1.0013783395476938     
   17.323854507585775        1.0012169147733438     
   17.341928429868076        1.0010825229724603     
   17.360002352150378        1.0010370547517891     
   17.378076274432679        1.0015305404791202     
   17.396150196714981        1.0005973043841081     
   17.414224118997282        1.0013976256421051     
   17.432298041279580        1.0011033193372985     
   17.450371963561881        1.0007620394667929     
   17.468445885844183        1.0009224503424692     
   17.486519808126484        1.0008656857205755     
   17.504593730408786        1.0007779855272105     
   17.522667652691087        1.0010027062820104     
   17.540741574973389        1.0015227466852132     
   17.558815497255690        1.0024560052415588     
   17.576889419537991        1.0017347727622277     
   17.594963341820293        1.0016394928433388     
   17.613037264102594        1.0012835747324476     
   17.631111186384896        1.0012607120892307     
   17.649185108667197        1.0015012756276205     
   17.667259030949499        1.0014517138735304     
   17.685332953231800        1.0010937331714171     
   17.703406875514101        1.0011323540823798     
   17.721480797796403        1.0000228892649328     
   17.739554720078704        1.0010877447624524     
   17.757628642361006        1.0014524119796604     
   17.775702564643307        1.0006924997891220     
   17.793776486925609        1.0010917999944995     
   17.811850409207910        1.0007112612187268     
   17.829924331490211        1.0006965923880686     
   17.847998253772513        1.0003356027455432     
   17.866072176054811        1.0011915895808294     
   17.884146098337112        1.0017323712748600     
   17.902220020619414        1.0006616661172401     
   17.920293942901715        1.0012807558280452     
   17.938367865184016        1.0015970419087641     
   17.956441787466318        1.0017685368114733     
   17.974515709748619        1.0015181904758443     
   17.992589632030921        1.0012930364303838     
   18.010663554313222        1.0006929542681176     
   18.028737476595524        1.0010847628636501     
   18.046811398877825        1.0002306960391920     
   18.064885321160126        1.0003895587996050     
