   9.0369611411506394E-003   0.0000000000000000     
   2.7110883423451918E-002   0.0000000000000000     
   4.5184805705753200E-002   0.0000000000000000     
   6.3258727988054472E-002   0.0000000000000000     
   8.1332650270355758E-002   0.0000000000000000     
   9.9406572552657044E-002   0.0000000000000000     
  0.11748049483495832        0.0000000000000000     
  0.13555441711725957        0.0000000000000000     
  0.15362833939956086        0.0000000000000000     
  0.17170226168186214        0.0000000000000000     
  0.18977618396416343        0.0000000000000000     
  0.20785010624646469        0.0000000000000000     
  0.22592402852876597        0.0000000000000000     
  0.24399795081106726        0.0000000000000000     
  0.26207187309336855        0.0000000000000000     
  0.28014579537566986        0.0000000000000000     
  0.29821971765797112        0.0000000000000000     
  0.31629363994027238        0.0000000000000000     
  0.33436756222257369        0.0000000000000000     
  0.35244148450487495        0.0000000000000000     
  0.37051540678717626        0.0000000000000000     
  0.38858932906947752        0.0000000000000000     
  0.40666325135177878        0.0000000000000000     
  0.42473717363408009        0.0000000000000000     
  0.44281109591638135        0.0000000000000000     
  0.46088501819868261        0.0000000000000000     
  0.47895894048098392        0.0000000000000000     
  0.49703286276328518        0.0000000000000000     
  0.51510678504558638        0.0000000000000000     
  0.53318070732788769        0.0000000000000000     
  0.55125462961018901        0.0000000000000000     
  0.56932855189249021        0.0000000000000000     
  0.58740247417479152        0.0000000000000000     
  0.60547639645709284        0.0000000000000000     
  0.62355031873939404        0.0000000000000000     
  0.64162424102169535        0.0000000000000000     
  0.65969816330399667        0.0000000000000000     
  0.67777208558629787        0.0000000000000000     
  0.69584600786859918        0.0000000000000000     
  0.71391993015090049        0.0000000000000000     
  0.73199385243320181        0.0000000000000000     
  0.75006777471550301        0.0000000000000000     
  0.76814169699780432        0.0000000000000000     
  0.78621561928010564        0.0000000000000000     
  0.80428954156240684        0.0000000000000000     
  0.82236346384470815        0.0000000000000000     
  0.84043738612700947        0.0000000000000000     
  0.85851130840931067        6.5498287217179405E-007
  0.87658523069161198        2.7369731015838484E-005
  0.89465915297391330        6.9430389779746046E-004
  0.91273307525621450        6.9224015696821772E-003
  0.93080699753851581        3.9162263202991349E-002
  0.94888091982081713       0.14185309228201579     
  0.96695484210311833       0.36355701711281757     
  0.98502876438541964       0.72064960215543961     
   1.0031026866677211        1.1714497305068232     
   1.0211766089500223        1.6396071665376248     
   1.0392505312323237        2.0505986668355876     
   1.0573244535146249        2.3604115626079336     
   1.0753983757969261        2.5524994883811787     
   1.0934722980792275        2.6366252608908893     
   1.1115462203615287        2.6335959934194153     
   1.1296201426438299        2.5680657879106108     
   1.1476940649261314        2.4603840217521529     
   1.1657679872084326        2.3308182493328715     
   1.1838419094907338        2.1884294308164844     
   1.2019158317730352        2.0461477788683142     
   1.2199897540553364        1.9076323349062982     
   1.2380636763376376        1.7785832004407016     
   1.2561375986199390        1.6601203338902122     
   1.2742115209022402        1.5501467635412469     
   1.2922854431845414        1.4520241779364447     
   1.3103593654668428        1.3614536919546700     
   1.3284332877491440        1.2805090407146402     
   1.3465072100314452        1.2073951335042523     
   1.3645811323137467        1.1413489056673789     
   1.3826550545960479        1.0830152921788361     
   1.4007289768783491        1.0311656011612220     
   1.4188028991606505       0.98344212541206333     
   1.4368768214429517       0.94139162670141385     
   1.4549507437252531       0.90310384994739445     
   1.4730246660075543       0.86942224867374907     
   1.4910985882898555       0.83996148093338674     
   1.5091725105721570       0.81214964678530321     
   1.5272464328544582       0.78841161633813683     
   1.5453203551367594       0.76710854100700077     
   1.5633942774190608       0.74836829825091955     
   1.5814681997013620       0.73098181360595882     
   1.5995421219836632       0.71606188757080014     
   1.6176160442659646       0.70296339853124634     
   1.6356899665482658       0.69165828226120241     
   1.6537638888305670       0.68301077635390661     
   1.6718378111128684       0.67642882883664324     
   1.6899117333951696       0.67185880943041465     
   1.7079856556774708       0.66833499259002449     
   1.7260595779597723       0.66797583484857215     
   1.7441335002420735       0.66936250642011452     
   1.7622074225243747       0.67219856514312248     
   1.7802813448066761       0.67727214434026906     
   1.7983552670889773       0.68443041937018367     
   1.8164291893712785       0.69362426559498491     
   1.8345031116535799       0.70598199498768144     
   1.8525770339358811       0.72004320482523354     
   1.8706509562181823       0.73556804119490815     
   1.8887248785004838       0.75420970087110761     
   1.9067988007827850       0.77568030139523114     
   1.9248727230650862       0.79940373057622904     
   1.9429466453473876       0.82597109124939749     
   1.9610205676296888       0.85496137744171985     
   1.9790944899119900       0.88807091907140612     
   1.9971684121942914       0.92303408901696016     
   2.0152423344765928       0.96069818375800442     
   2.0333162567588938       0.99874007527759756     
   2.0513901790411952        1.0387062757850756     
   2.0694641013234967        1.0781355959397194     
   2.0875380236057977        1.1146950910469029     
   2.1056119458880991        1.1491130312993605     
   2.1236858681704005        1.1801017467816362     
   2.1417597904527015        1.2056447107745505     
   2.1598337127350029        1.2260141048845163     
   2.1779076350173043        1.2406021205494948     
   2.1959815572996053        1.2517870254930517     
   2.2140554795819067        1.2560710579434589     
   2.2321294018642082        1.2556339074309701     
   2.2502033241465091        1.2519125211726054     
   2.2682772464288106        1.2435950903969819     
   2.2863511687111120        1.2334734315441833     
   2.3044250909934130        1.2195972223533065     
   2.3224990132757144        1.2047405371672233     
   2.3405729355580158        1.1901976247402655     
   2.3586468578403168        1.1727274842789641     
   2.3767207801226182        1.1552307020462524     
   2.3947947024049197        1.1363337230668433     
   2.4128686246872206        1.1175687531854959     
   2.4309425469695221        1.0998411395750396     
   2.4490164692518235        1.0816028682866512     
   2.4670903915341245        1.0643889134402333     
   2.4851643138164259        1.0474555122996332     
   2.5032382360987273        1.0300982035347135     
   2.5213121583810283        1.0155446947500963     
   2.5393860806633297        1.0014452539223238     
   2.5574600029456311       0.98823893672325791     
   2.5755339252279321       0.97489986799625938     
   2.5936078475102335       0.96363856033704820     
   2.6116817697925350       0.95238247624447736     
   2.6297556920748359       0.94331673870161470     
   2.6478296143571374       0.93391555841790497     
   2.6659035366394388       0.92562779341212575     
   2.6839774589217398       0.91856594234277456     
   2.7020513812040412       0.91222766538856392     
   2.7201253034863426       0.90604025147420686     
   2.7381992257686436       0.90177869988669435     
   2.7562731480509450       0.89815310894346012     
   2.7743470703332465       0.89632478088667100     
   2.7924209926155474       0.89466295905869797     
   2.8104949148978489       0.89423810108817658     
   2.8285688371801503       0.89509395356095545     
   2.8466427594624513       0.89689882412878830     
   2.8647166817447527       0.89980709138091863     
   2.8827906040270541       0.90341477861947139     
   2.9008645263093555       0.90803485529367212     
   2.9189384485916565       0.91283280487595997     
   2.9370123708739579       0.91951479511300038     
   2.9550862931562594       0.92638544422427838     
   2.9731602154385603       0.93355787800179502     
   2.9912341377208618       0.94229471706232337     
   3.0093080600031632       0.95114523176852717     
   3.0273819822854642       0.95993062222870762     
   3.0454559045677656       0.96893183769055768     
   3.0635298268500670       0.97912894620608126     
   3.0816037491323680       0.98883906110064823     
   3.0996776714146694       0.99796741887996443     
   3.1177515936969709        1.0079631502500026     
   3.1358255159792718        1.0164123401571927     
   3.1538994382615733        1.0243386364264555     
   3.1719733605438747        1.0326837961797530     
   3.1900472828261757        1.0391663445735830     
   3.2081212051084771        1.0454391340254481     
   3.2261951273907785        1.0507913702231659     
   3.2442690496730795        1.0553476904524191     
   3.2623429719553809        1.0587020767405995     
   3.2804168942376823        1.0619749323893990     
   3.2984908165199833        1.0637736804265436     
   3.3165647388022848        1.0652764636410450     
   3.3346386610845862        1.0651987160138343     
   3.3527125833668872        1.0642989262899811     
   3.3707865056491886        1.0628028446829183     
   3.3888604279314900        1.0613744911258496     
   3.4069343502137910        1.0582412096203875     
   3.4250082724960924        1.0553370800261033     
   3.4430821947783938        1.0523768280948986     
   3.4611561170606948        1.0483159911947919     
   3.4792300393429962        1.0441850194984765     
   3.4973039616252977        1.0397559904858262     
   3.5153778839075986        1.0349638133971051     
   3.5334518061899001        1.0297028226333831     
   3.5515257284722015        1.0253007466779327     
   3.5695996507545025        1.0202006639482615     
   3.5876735730368039        1.0148159298823412     
   3.6057474953191053        1.0102209941886757     
   3.6238214176014063        1.0066873807789629     
   3.6418953398837077        1.0018724738650078     
   3.6599692621660092       0.99718188935343577     
   3.6780431844483101       0.99348425920860628     
   3.6961171067306116       0.99020891131533839     
   3.7141910290129130       0.98627174808668416     
   3.7322649512952140       0.98254904185626246     
   3.7503388735775154       0.97930747659254114     
   3.7684127958598168       0.97699499170988524     
   3.7864867181421178       0.97435411250645354     
   3.8045606404244192       0.97290229106828630     
   3.8226345627067206       0.97105761356198128     
   3.8407084849890216       0.96937719368892261     
   3.8587824072713230       0.96834567834642049     
   3.8768563295536245       0.96819157209756568     
   3.8949302518359254       0.96756459323625787     
   3.9130041741182269       0.96803195609511627     
   3.9310780964005283       0.96926282440900513     
   3.9491520186828293       0.97007515024978419     
   3.9672259409651307       0.97057254834261886     
   3.9852998632474321       0.97170737503639792     
   4.0033737855297327       0.97414655834620634     
   4.0214477078120350       0.97595416718656869     
   4.0395216300943355       0.97853292806614756     
   4.0575955523766369       0.98085164775788569     
   4.0756694746589384       0.98395741845802376     
   4.0937433969412398       0.98657021159848179     
   4.1118173192235412       0.98867327968913721     
   4.1298912415058426       0.99200980545765072     
   4.1479651637881432       0.99493144272461231     
   4.1660390860704446       0.99745924841464195     
   4.1841130083527460        1.0003831739034021     
   4.2021869306350474        1.0025555619492965     
   4.2202608529173489        1.0048324127429666     
   4.2383347751996503        1.0074056051660878     
   4.2564086974819508        1.0095318616180649     
   4.2744826197642523        1.0118744284320909     
   4.2925565420465537        1.0129759873042314     
   4.3106304643288551        1.0146136655585283     
   4.3287043866111565        1.0159978243964924     
   4.3467783088934580        1.0175464918290125     
   4.3648522311757585        1.0185400157245925     
   4.3829261534580599        1.0185464928380268     
   4.4010000757403613        1.0191766411151300     
   4.4190739980226628        1.0198955848874733     
   4.4371479203049642        1.0194300182221578     
   4.4552218425872656        1.0193180513846207     
   4.4732957648695661        1.0190710616383101     
   4.4913696871518676        1.0185965301926561     
   4.5094436094341690        1.0179029290423207     
   4.5275175317164704        1.0164468230354144     
   4.5455914539987718        1.0159495018992386     
   4.5636653762810733        1.0145231389913552     
   4.5817392985633738        1.0136123210355172     
   4.5998132208456752        1.0122623802479922     
   4.6178871431279767        1.0103448933350869     
   4.6359610654102781        1.0092171780663701     
   4.6540349876925795        1.0077144102668467     
   4.6721089099748809        1.0062123972574699     
   4.6901828322571824        1.0051792642813240     
   4.7082567545394829        1.0035960035732610     
   4.7263306768217843        1.0022749351645581     
   4.7444045991040857        1.0006511163778620     
   4.7624785213863872       0.99915277388617063     
   4.7805524436686886       0.99843906384107373     
   4.7986263659509900       0.99659106200104886     
   4.8167002882332906       0.99525810133746517     
   4.8347742105155920       0.99416651565241232     
   4.8528481327978934       0.99379629299116656     
   4.8709220550801948       0.99251605441638691     
   4.8889959773624962       0.99271479596759615     
   4.9070698996447977       0.99213640128108882     
   4.9251438219270982       0.99111435757997868     
   4.9432177442093996       0.99068452055603529     
   4.9612916664917011       0.99048249193684679     
   4.9793655887740025       0.99089113930664929     
   4.9974395110563039       0.99072076765764361     
   5.0155134333386053       0.99163950522403455     
   5.0335873556209059       0.99183013691177324     
   5.0516612779032073       0.99196816391366327     
   5.0697352001855087       0.99262506585418120     
   5.0878091224678101       0.99295575795360436     
   5.1058830447501116       0.99382605792816014     
   5.1239569670324130       0.99446418752021248     
   5.1420308893147135       0.99508423458552309     
   5.1601048115970150       0.99602809098274747     
   5.1781787338793164       0.99633295329974625     
   5.1962526561616178       0.99693736096132146     
   5.2143265784439192       0.99782662434165204     
   5.2324005007262206       0.99870691431554248     
   5.2504744230085212       0.99951467221832235     
   5.2685483452908226        1.0004874419876590     
   5.2866222675731240        1.0009943128477035     
   5.3046961898554255        1.0013900666904776     
   5.3227701121377269        1.0029551648867678     
   5.3408440344200283        1.0030645648301011     
   5.3589179567023288        1.0040385129588225     
   5.3769918789846303        1.0044613457327318     
   5.3950658012669317        1.0048901005037036     
   5.4131397235492331        1.0050706651500210     
   5.4312136458315345        1.0056717182140911     
   5.4492875681138360        1.0057550372075232     
   5.4673614903961365        1.0067305307471210     
   5.4854354126784379        1.0072054310188860     
   5.5035093349607394        1.0074639088563544     
   5.5215832572430408        1.0069247581300231     
   5.5396571795253422        1.0071175686886142     
   5.5577311018076436        1.0067099596434830     
   5.5758050240899442        1.0065043028869378     
   5.5938789463722456        1.0064932796894233     
   5.6119528686545470        1.0061386126638390     
   5.6300267909368484        1.0058571687585671     
   5.6481007132191499        1.0051042634167759     
   5.6661746355014513        1.0046247042764809     
   5.6842485577837518        1.0043065066214372     
   5.7023224800660532        1.0042511843277135     
   5.7203964023483547        1.0032470348631060     
   5.7384703246306561        1.0030676522474415     
   5.7565442469129575        1.0031055335462402     
   5.7746181691952589        1.0022651043295665     
   5.7926920914775604        1.0019743983815295     
   5.8107660137598609        1.0005770603495010     
   5.8288399360421623       0.99982834009504207     
   5.8469138583244638       0.99978845316082465     
   5.8649877806067652        1.0001897447158261     
   5.8830617028890666       0.99995732035425700     
   5.9011356251713680        1.0000907346088463     
   5.9192095474536686       0.99930955301534174     
   5.9372834697359700       0.99907994180254023     
   5.9553573920182714       0.99831531915373917     
   5.9734313143005728       0.99841226775269232     
   5.9915052365828743       0.99798706881255383     
   6.0095791588651757       0.99812481209162651     
   6.0276530811474762       0.99819931937436168     
   6.0457270034297776       0.99776477408152831     
   6.0638009257120791       0.99779981908216620     
   6.0818748479943805       0.99732719167191253     
   6.0999487702766819       0.99753011490575982     
   6.1180226925589833       0.99759054218959009     
   6.1360966148412839       0.99820036020195213     
   6.1541705371235853       0.99843803780745533     
   6.1722444594058867       0.99849712804750324     
   6.1903183816881882       0.99856005173895690     
   6.2083923039704896       0.99882920515191875     
   6.2264662262527910       0.99878772614588118     
   6.2445401485350915       0.99921831030729735     
   6.2626140708173930       0.99938150337529430     
   6.2806879930996944       0.99984084769513704     
   6.2987619153819958       0.99973894414925679     
   6.3168358376642972        1.0000783503790802     
   6.3349097599465987        1.0008576265702600     
   6.3529836822288992        1.0008895352573197     
   6.3710576045112006        1.0007168819228465     
   6.3891315267935020        1.0006929749199249     
   6.4072054490758035        1.0016462004356619     
   6.4252793713581049        1.0019243670312301     
   6.4433532936404063        1.0019862020881931     
   6.4614272159227069        1.0026907240847778     
   6.4795011382050083        1.0022369867906056     
   6.4975750604873097        1.0025393775632061     
   6.5156489827696111        1.0028448948332318     
   6.5337229050519126        1.0031315379642760     
   6.5517968273342140        1.0030170254326134     
   6.5698707496165145        1.0030897274855106     
   6.5879446718988159        1.0031555152370737     
   6.6060185941811174        1.0029592530019185     
   6.6240925164634188        1.0028482713053910     
   6.6421664387457202        1.0020061128630053     
   6.6602403610280216        1.0020359375502521     
   6.6783142833103222        1.0025375946980071     
   6.6963882055926236        1.0024523215155936     
   6.7144621278749250        1.0022843754187891     
   6.7325360501572264        1.0019170469545722     
   6.7506099724395279        1.0022350874406825     
   6.7686838947218293        1.0022793025725618     
   6.7867578170041298        1.0016837596026305     
   6.8048317392864313        1.0014111460931370     
   6.8229056615687327        1.0016403736868185     
   6.8409795838510341        1.0015269149630046     
   6.8590535061333355        1.0014898316970808     
   6.8771274284156370        1.0011673645057684     
   6.8952013506979375        1.0007862673196952     
   6.9132752729802389        1.0012918191964661     
   6.9313491952625403        1.0010544359676454     
   6.9494231175448418        1.0011505230923814     
   6.9674970398271432        1.0012382833485489     
   6.9855709621094446        1.0008802321921215     
   7.0036448843917460        1.0011512138773695     
   7.0217188066740466        1.0005705479210441     
   7.0397927289563480        1.0001323536129021     
   7.0578666512386494        1.0001051179219269     
   7.0759405735209508       0.99973103798542029     
   7.0940144958032523        1.0002388691383366     
   7.1120884180855537       0.99984850848537532     
   7.1301623403678542        1.0000659832368017     
   7.1482362626501557       0.99955728419835455     
   7.1663101849324571        1.0000664722971229     
   7.1843841072147585       0.99973213064417810     
   7.2024580294970599       0.99942658399514439     
   7.2205319517793614       0.99953217174748255     
   7.2386058740616619       0.99995684232881488     
   7.2566797963439633       0.99988752547297433     
   7.2747537186262647        1.0000380997816261     
   7.2928276409085662        1.0004386460483838     
   7.3109015631908676        1.0002512558743373     
   7.3289754854731690        1.0001243791161738     
   7.3470494077554696        1.0001319361881309     
   7.3651233300377710        1.0002741844057601     
   7.3831972523200724        1.0003140615148494     
   7.4012711746023738        1.0004299719275829     
   7.4193450968846753        1.0004314814296471     
   7.4374190191669767        1.0005283222016019     
   7.4554929414492772        1.0007445142890459     
   7.4735668637315786        1.0006003903260197     
   7.4916407860138801        1.0006648233670874     
   7.5097147082961815        1.0010896571254264     
   7.5277886305784829        1.0009948689322665     
   7.5458625528607843        1.0008740060469605     
   7.5639364751430849        1.0013437400801459     
   7.5820103974253863        1.0011476422476260     
   7.6000843197076877        1.0013686313621937     
   7.6181582419899891        1.0015483444451820     
   7.6362321642722906        1.0015369284774769     
   7.6543060865545920        1.0015388142950501     
   7.6723800088368925        1.0015673932876219     
   7.6904539311191940        1.0014423390055522     
   7.7085278534014954        1.0014070604104781     
   7.7266017756837968        1.0014135989203823     
   7.7446756979660982        1.0012362442270282     
   7.7627496202483997        1.0014835683630527     
   7.7808235425307002        1.0019213278822596     
   7.7988974648130016        1.0017825076155518     
   7.8169713870953030        1.0014229387714324     
   7.8350453093776045        1.0013018412821646     
   7.8531192316599059        1.0012644805111195     
   7.8711931539422073        1.0014363456564261     
   7.8892670762245078        1.0014477428099116     
   7.9073409985068093        1.0016608338149806     
   7.9254149207891107        1.0018453059622527     
   7.9434888430714121        1.0015208872840402     
   7.9615627653537135        1.0018938639618258     
   7.9796366876360150        1.0020179487950893     
   7.9977106099183155        1.0013275770142080     
   8.0157845322006178        1.0013095062276294     
   8.0338584544829192        1.0010481526690140     
   8.0519323767652189        1.0014463808989142     
   8.0700062990475203        1.0011785287159916     
   8.0880802213298217        1.0011788200185019     
   8.1061541436121232        1.0010689300250550     
   8.1242280658944246        1.0010644112340281     
   8.1423019881767260        1.0011588069214148     
   8.1603759104590274        1.0012784409843989     
   8.1784498327413289        1.0009063139487386     
   8.1965237550236303        1.0004792301606855     
   8.2145976773059317        1.0000964663136298     
   8.2326715995882331        1.0003122766824823     
   8.2507455218705346        1.0003328383356229     
   8.2688194441528360        1.0001908946312577     
   8.2868933664351356        1.0002976040825431     
   8.3049672887174371        1.0000413646383401     
   8.3230412109997385        1.0002292558724437     
   8.3411151332820399       0.99979277330076888     
   8.3591890555643413        1.0000527928678593     
   8.3772629778466428        1.0003606457701766     
   8.3953369001289442        1.0005080983256833     
   8.4134108224112456        1.0004477066199182     
   8.4314847446935470        1.0008323631259106     
   8.4495586669758485        1.0008260176645889     
   8.4676325892581499        1.0002210179176045     
   8.4857065115404513        1.0003481351588324     
   8.5037804338227510        1.0002128581115628     
   8.5218543561050524        1.0002335483508953     
   8.5399282783873538        1.0004584455996368     
   8.5580022006696552        1.0005573767169988     
   8.5760761229519566        1.0006654636699432     
   8.5941500452342581        1.0008496047934257     
   8.6122239675165595        1.0011827531076685     
   8.6302978897988609        1.0012524511613901     
   8.6483718120811623        1.0010815469388537     
   8.6664457343634638        1.0009009525559376     
   8.6845196566457652        1.0008275349277520     
   8.7025935789280666        1.0008850504141988     
   8.7206675012103663        1.0014483034599935     
   8.7387414234926677        1.0011098296850265     
   8.7568153457749691        1.0011589361571778     
   8.7748892680572705        1.0014887533395136     
   8.7929631903395720        1.0009619043969180     
   8.8110371126218734        1.0010377096616043     
   8.8291110349041748        1.0010429352513226     
   8.8471849571864762        1.0014050181813738     
   8.8652588794687777        1.0012603320381013     
   8.8833328017510791        1.0013094246114547     
   8.9014067240333805        1.0016848273401009     
   8.9194806463156819        1.0013664762834502     
   8.9375545685979816        1.0015497583385002     
   8.9556284908802830        1.0013079761332242     
   8.9737024131625844        1.0011339446864194     
   8.9917763354448859        1.0009864194081093     
   9.0098502577271873        1.0009177281012642     
   9.0279241800094887        1.0010287152930961     
   9.0459981022917901        1.0008970374582904     
   9.0640720245740916        1.0009317930746124     
   9.0821459468563930        1.0009429450284693     
   9.1002198691386944        1.0010002928275710     
   9.1182937914209958        1.0017272755384470     
   9.1363677137032973        1.0013926819390555     
   9.1544416359855969        1.0007997666983779     
   9.1725155582678983        1.0011587228696552     
   9.1905894805501998        1.0006895182533964     
   9.2086634028325012        1.0007300585759717     
   9.2267373251148026        1.0008793665255518     
   9.2448112473971040        1.0008505644887766     
   9.2628851696794055        1.0008525514788928     
   9.2809590919617069        1.0009609022018726     
   9.2990330142440083        1.0008978434397162     
   9.3171069365263097        1.0010104738918586     
   9.3351808588086111        1.0008080175283867     
   9.3532547810909126        1.0005734784419322     
   9.3713287033732140        1.0008817334119138     
   9.3894026256555136        1.0014288117865606     
   9.4074765479378151        1.0010397002455449     
   9.4255504702201165        1.0007725306372941     
   9.4436243925024179        1.0008153371238793     
   9.4616983147847193        1.0007418535469426     
   9.4797722370670208        1.0008948450854807     
   9.4978461593493222        1.0001309939735876     
   9.5159200816316236       0.99993880038134331     
   9.5339940039139250        1.0003136566474262     
   9.5520679261962265        1.0004870808369661     
   9.5701418484785279        1.0010017357807730     
   9.5882157707608293        1.0009641948846124     
   9.6062896930431290        1.0008185628757675     
   9.6243636153254304        1.0004448385936533     
   9.6424375376077318        1.0005368871466809     
   9.6605114598900332        1.0006286882829603     
   9.6785853821723347        1.0006932470044267     
   9.6966593044546361        1.0006923841919393     
   9.7147332267369375        1.0005762425270279     
   9.7328071490192389        1.0009061678840521     
   9.7508810713015404        1.0010842423130606     
   9.7689549935838418        1.0012279462951819     
   9.7870289158661432        1.0015028629994001     
   9.8051028381484446        1.0016277550671000     
   9.8231767604307443        1.0014163988611611     
   9.8412506827130457        1.0013828137229981     
   9.8593246049953471        1.0015491585176939     
   9.8773985272776486        1.0014857933649155     
   9.8954724495599500        1.0013014519621106     
   9.9135463718422514        1.0011590191807476     
   9.9316202941245528        1.0012312913590211     
   9.9496942164068543        1.0011458115957002     
   9.9677681386891557        1.0010191971823708     
   9.9858420609714571        1.0008969453134293     
   10.003915983253759        1.0010373502121936     
   10.021989905536060        1.0009955347474300     
   10.040063827818360        1.0010075988664224     
   10.058137750100661        1.0014958268969276     
   10.076211672382962        1.0013386961190762     
   10.094285594665264        1.0010093657914014     
   10.112359516947565        1.0009890858619432     
   10.130433439229867        1.0011545122837435     
   10.148507361512168        1.0008074149399893     
   10.166581283794470        1.0003624921105752     
   10.184655206076771        1.0009877672163443     
   10.202729128359072        1.0009007971379795     
   10.220803050641374        1.0006983071119926     
   10.238876972923675        1.0008047381174419     
   10.256950895205975        1.0009014559611893     
   10.275024817488276        1.0007451822106284     
   10.293098739770578        1.0006606763547847     
   10.311172662052879        1.0005806476961061     
   10.329246584335181        1.0009710131070553     
   10.347320506617482        1.0008526814615912     
   10.365394428899783        1.0009615405452754     
   10.383468351182085        1.0014507980965444     
   10.401542273464386        1.0012529972550539     
   10.419616195746688        1.0013894315651501     
   10.437690118028989        1.0011268764662944     
   10.455764040311291        1.0014305636456251     
   10.473837962593592        1.0011255897882159     
   10.491911884875892        1.0011833768600378     
   10.509985807158193        1.0011487804239330     
   10.528059729440495        1.0009533409672582     
   10.546133651722796        1.0004710748880237     
   10.564207574005097        1.0007798104705585     
   10.582281496287399        1.0009869917562790     
   10.600355418569700        1.0003848456082798     
   10.618429340852002        1.0007939329930704     
   10.636503263134303        1.0007302409181065     
   10.654577185416604        1.0006631409523370     
   10.672651107698906        1.0007774413573591     
   10.690725029981207        1.0006455826061598     
   10.708798952263507        1.0006760547355689     
   10.726872874545808        1.0009276220661671     
   10.744946796828110        1.0008090150042561     
   10.763020719110411        1.0008322673720467     
   10.781094641392713        1.0008929253178551     
   10.799168563675014        1.0011461425059125     
   10.817242485957316        1.0009646653425455     
   10.835316408239617        1.0010572166355560     
   10.853390330521918        1.0008736942584173     
   10.871464252804220        1.0009111931800820     
   10.889538175086521        1.0009552288812698     
   10.907612097368823        1.0007078493385471     
   10.925686019651122        1.0007145564260949     
   10.943759941933424        1.0003671179198559     
   10.961833864215725        1.0008336617542448     
   10.979907786498027        1.0011945884609745     
   10.997981708780328        1.0012514777927011     
   11.016055631062629        1.0010940993778430     
   11.034129553344931        1.0012126807041382     
   11.052203475627232        1.0016733147338044     
   11.070277397909534        1.0017112051168346     
   11.088351320191835        1.0017455742874763     
   11.106425242474137        1.0014871775404377     
   11.124499164756438        1.0012498055324690     
   11.142573087038738        1.0011951804592898     
   11.160647009321039        1.0012969541216534     
   11.178720931603340        1.0012383047045290     
   11.196794853885642        1.0011074264690107     
   11.214868776167943        1.0011382026564768     
   11.232942698450245        1.0008395915137749     
   11.251016620732546        1.0011279556581698     
   11.269090543014848        1.0014166090130661     
   11.287164465297149        1.0014021884129638     
   11.305238387579450        1.0009456847761204     
   11.323312309861752        1.0008019870621179     
   11.341386232144053        1.0006658703962263     
   11.359460154426353        1.0005405986914231     
   11.377534076708654        1.0007762317598288     
   11.395607998990956        1.0005030174036500     
   11.413681921273257        1.0006267203489201     
   11.431755843555559        1.0006922357250403     
   11.449829765837860        1.0008941704870769     
   11.467903688120161        1.0007885523956428     
   11.485977610402463        1.0010086135074594     
   11.504051532684764        1.0009584299967005     
   11.522125454967066        1.0013648550664862     
   11.540199377249367        1.0012244684036136     
   11.558273299531669        1.0011621986538017     
   11.576347221813970        1.0014039055261053     
   11.594421144096270        1.0012367937806261     
   11.612495066378571        1.0015079125839250     
   11.630568988660873        1.0014837518100519     
   11.648642910943174        1.0010365567305228     
   11.666716833225475        1.0012170777707350     
   11.684790755507777        1.0008891474874466     
   11.702864677790078        1.0010778112219232     
   11.720938600072380        1.0010301127425196     
   11.739012522354681        1.0009913270199680     
   11.757086444636982        1.0008900386123254     
   11.775160366919284        1.0008097226781696     
   11.793234289201585        1.0011692058221555     
   11.811308211483885        1.0012742836421777     
   11.829382133766186        1.0013291761073539     
   11.847456056048488        1.0009179931043621     
   11.865529978330789        1.0005799853266533     
   11.883603900613091        1.0010320517044782     
   11.901677822895392        1.0009677919264777     
   11.919751745177694        1.0011369585278753     
   11.937825667459995        1.0005535155449512     
   11.955899589742296        1.0003747129126737     
   11.973973512024598        1.0004322883853780     
   11.992047434306899        1.0006492891165706     
   12.010121356589201        1.0009827639899838     
   12.028195278871500        1.0007744247251593     
   12.046269201153802        1.0011399000842367     
   12.064343123436103        1.0008837712002827     
   12.082417045718405        1.0009825124872804     
   12.100490968000706        1.0013170730366643     
   12.118564890283007        1.0011109024038984     
   12.136638812565309        1.0011619149285209     
   12.154712734847610        1.0012723929819278     
   12.172786657129912        1.0010668374916440     
   12.190860579412213        1.0011065106962029     
   12.208934501694515        1.0008453892213032     
   12.227008423976816        1.0013097526957062     
   12.245082346259116        1.0009359825813366     
   12.263156268541417        1.0008565940241958     
   12.281230190823718        1.0008103898979310     
   12.299304113106020        1.0010542248779850     
   12.317378035388321        1.0010300074653815     
   12.335451957670623        1.0008359813348671     
   12.353525879952924        1.0008302855024269     
   12.371599802235226        1.0006071502445926     
   12.389673724517527        1.0006353143945663     
   12.407747646799828        1.0010575382801881     
   12.425821569082130        1.0010455044565512     
   12.443895491364431        1.0012833178960912     
   12.461969413646731        1.0012925749276576     
   12.480043335929032        1.0013159980231803     
   12.498117258211334        1.0010729131603873     
   12.516191180493635        1.0011101536491720     
   12.534265102775937        1.0011894120076352     
   12.552339025058238        1.0009476938484612     
   12.570412947340539        1.0010257650006971     
   12.588486869622841        1.0011486081508285     
   12.606560791905142        1.0009821060641593     
   12.624634714187444        1.0014035875404439     
   12.642708636469745        1.0013121259767954     
   12.660782558752047        1.0010693569297926     
   12.678856481034346        1.0010694027151026     
   12.696930403316648        1.0012851708249977     
   12.715004325598949        1.0011544484789234     
   12.733078247881251        1.0008266075849221     
   12.751152170163552        1.0011221943980282     
   12.769226092445853        1.0007918189980969     
   12.787300014728155        1.0007622663283904     
   12.805373937010456        1.0006179231627677     
   12.823447859292758        1.0007595683402488     
   12.841521781575059        1.0008912251298403     
   12.859595703857361        1.0007284776134191     
   12.877669626139662        1.0008849452631947     
   12.895743548421963        1.0010768752160957     
   12.913817470704263        1.0008960307859851     
   12.931891392986564        1.0009640490688478     
   12.949965315268866        1.0009177506469316     
   12.968039237551167        1.0012302076043074     
   12.986113159833469        1.0007380726393080     
   13.004187082115770        1.0007199842134080     
   13.022261004398072        1.0010347683554341     
   13.040334926680373        1.0014322768511421     
   13.058408848962674        1.0015744231948953     
   13.076482771244976        1.0013181677533536     
   13.094556693527277        1.0009890023182932     
   13.112630615809579        1.0012953998322176     
   13.130704538091878        1.0013745430017875     
   13.148778460374180        1.0011463716605951     
   13.166852382656481        1.0009861321800655     
   13.184926304938783        1.0009444668604230     
   13.203000227221084        1.0009861214522902     
   13.221074149503385        1.0011145395378374     
   13.239148071785687        1.0014968238044952     
   13.257221994067988        1.0012367309233832     
   13.275295916350290        1.0010673280059168     
   13.293369838632591        1.0012888856925752     
   13.311443760914893        1.0012687490407495     
   13.329517683197194        1.0007028168526577     
   13.347591605479494        1.0006829947042017     
   13.365665527761795        1.0007816707465647     
   13.383739450044096        1.0008493257133533     
   13.401813372326398        1.0006079750258003     
   13.419887294608699        1.0010443988219395     
   13.437961216891001        1.0008772772994843     
   13.456035139173302        1.0008568094551782     
   13.474109061455604        1.0009536096084792     
   13.492182983737905        1.0005954849686520     
   13.510256906020206        1.0006482852260028     
   13.528330828302508        1.0008707251198203     
   13.546404750584809        1.0010804643843931     
   13.564478672867109        1.0011731848931122     
   13.582552595149410        1.0010197735092481     
   13.600626517431712        1.0007022603612246     
   13.618700439714013        1.0008428030866943     
   13.636774361996315        1.0009022629409210     
   13.654848284278616        1.0009605221565885     
   13.672922206560918        1.0008033610738309     
   13.690996128843219        1.0009679586138851     
   13.709070051125520        1.0009327776554271     
   13.727143973407822        1.0014399488974839     
   13.745217895690123        1.0012434654327420     
   13.763291817972425        1.0009662086015598     
   13.781365740254724        1.0007948943047849     
   13.799439662537026        1.0008641612740583     
   13.817513584819327        1.0008678087199461     
   13.835587507101629        1.0011761420158884     
   13.853661429383930        1.0009511258491630     
   13.871735351666231        1.0012052417492348     
   13.889809273948533        1.0011020623361055     
   13.907883196230834        1.0010837193574909     
   13.925957118513136        1.0007981851712531     
   13.944031040795437        1.0008689878863546     
   13.962104963077739        1.0010090128678124     
   13.980178885360040        1.0011487562377042     
   13.998252807642341        1.0014661856993610     
   14.016326729924641        1.0009633683205525     
   14.034400652206942        1.0009580837708183     
   14.052474574489244        1.0011549954268357     
   14.070548496771545        1.0012731923832918     
   14.088622419053847        1.0011158504256727     
   14.106696341336148        1.0010918886984697     
   14.124770263618450        1.0011187861335655     
   14.142844185900751        1.0009807990885629     
   14.160918108183052        1.0011564254045329     
   14.178992030465354        1.0014643789015469     
   14.197065952747655        1.0013300699740109     
   14.215139875029957        1.0010934913748417     
   14.233213797312256        1.0012121670820389     
   14.251287719594558        1.0012673451322800     
   14.269361641876859        1.0010902509465658     
   14.287435564159161        1.0009726927510083     
   14.305509486441462        1.0008722944164181     
   14.323583408723763        1.0009778071875197     
   14.341657331006065        1.0013148658126094     
   14.359731253288366        1.0009494150794298     
   14.377805175570668        1.0009861215593339     
   14.395879097852969        1.0012613173899352     
   14.413953020135271        1.0009533810949933     
   14.432026942417572        1.0008903950962051     
   14.450100864699872        1.0006132417099958     
   14.468174786982173        1.0008820352646339     
   14.486248709264474        1.0010528313701099     
   14.504322631546776        1.0008163527090437     
   14.522396553829077        1.0007956050470102     
   14.540470476111379        1.0008907189456069     
   14.558544398393680        1.0008807580890429     
   14.576618320675982        1.0010177457318665     
   14.594692242958283        1.0011373003177271     
   14.612766165240584        1.0009872965242781     
   14.630840087522886        1.0010407572511941     
   14.648914009805187        1.0009826393010997     
   14.666987932087487        1.0009055720177447     
   14.685061854369788        1.0008089744156359     
   14.703135776652090        1.0007313667240414     
   14.721209698934391        1.0009060261959106     
   14.739283621216693        1.0009855552015376     
   14.757357543498994        1.0011473966550124     
   14.775431465781296        1.0013564135520159     
   14.793505388063597        1.0013399475716671     
   14.811579310345898        1.0012474920788350     
   14.829653232628200        1.0011439244797637     
   14.847727154910501        1.0010157146245868     
   14.865801077192803        1.0010944964706989     
   14.883874999475102        1.0011695230858031     
   14.901948921757404        1.0008627008339028     
   14.920022844039705        1.0009894343074506     
   14.938096766322007        1.0009541480934541     
   14.956170688604308        1.0007923699093062     
   14.974244610886609        1.0010406851782723     
   14.992318533168911        1.0010285813357400     
   15.010392455451212        1.0010183797112091     
   15.028466377733514        1.0013527447521675     
   15.046540300015815        1.0012901572685147     
   15.064614222298117        1.0013032067080621     
   15.082688144580418        1.0015041128643936     
   15.100762066862719        1.0013765900145188     
   15.118835989145019        1.0012653525206534     
   15.136909911427320        1.0013101434162577     
   15.154983833709622        1.0014822549081237     
   15.173057755991923        1.0011292763358186     
   15.191131678274225        1.0008562155384970     
   15.209205600556526        1.0005029466169488     
   15.227279522838828        1.0008699440607340     
   15.245353445121129        1.0006307304878663     
   15.263427367403430        1.0006279599993555     
   15.281501289685732        1.0006697692434181     
   15.299575211968033        1.0007676020275209     
   15.317649134250335        1.0009848539160722     
   15.335723056532634        1.0009284513244161     
   15.353796978814936        1.0011539507338345     
   15.371870901097237        1.0009043980619809     
   15.389944823379539        1.0007961374744756     
   15.408018745661840        1.0013267871902904     
   15.426092667944141        1.0011412625589935     
   15.444166590226443        1.0010518920210789     
   15.462240512508744        1.0008080872106504     
   15.480314434791046        1.0007592225563202     
   15.498388357073347        1.0003819155318685     
   15.516462279355649        1.0004538074436600     
   15.534536201637950        1.0008104057992087     
   15.552610123920250        1.0007496053433989     
   15.570684046202551        1.0006825298919877     
   15.588757968484853        1.0009950102304366     
   15.606831890767154        1.0008578721995913     
   15.624905813049455        1.0010787128689740     
   15.642979735331757        1.0009715587200303     
   15.661053657614058        1.0012378006412350     
   15.679127579896360        1.0011501721356924     
   15.697201502178661        1.0011272494836825     
   15.715275424460962        1.0013411909565766     
   15.733349346743264        1.0013216040560995     
   15.751423269025565        1.0012604727598322     
   15.769497191307865        1.0013074661853369     
   15.787571113590166        1.0011726801846228     
   15.805645035872468        1.0014373000962113     
   15.823718958154769        1.0014267650916606     
   15.841792880437071        1.0014107286808365     
   15.859866802719372        1.0011897285115863     
   15.877940725001674        1.0012373432628106     
   15.896014647283975        1.0011717109722857     
   15.914088569566276        1.0012313222991858     
   15.932162491848578        1.0012775984094491     
   15.950236414130879        1.0014794749686804     
   15.968310336413181        1.0013295866072049     
   15.986384258695480        1.0013032528123702     
   16.004458180977782        1.0012787118022604     
   16.022532103260083        1.0013010194449177     
   16.040606025542385        1.0011746652006341     
   16.058679947824686        1.0014370391684206     
   16.076753870106987        1.0011801901635200     
   16.094827792389285        1.0012042783972870     
   16.112901714671587        1.0008969315438672     
   16.130975636953888        1.0012467735802191     
   16.149049559236190        1.0009862384725345     
   16.167123481518491        1.0008274640869830     
   16.185197403800792        1.0010913942800088     
   16.203271326083094        1.0009933797093982     
   16.221345248365395        1.0011841798342944     
   16.239419170647697        1.0011485958798165     
   16.257493092929998        1.0008649584839528     
   16.275567015212300        1.0009307266951928     
   16.293640937494601        1.0008785628797796     
   16.311714859776902        1.0011700244518884     
   16.329788782059204        1.0008697589722584     
   16.347862704341505        1.0007683733259014     
   16.365936626623807        1.0008942874112625     
   16.384010548906108        1.0007345015703617     
   16.402084471188410        1.0005660057745325     
   16.420158393470711        1.0004714964914716     
   16.438232315753012        1.0005630099673375     
   16.456306238035314        1.0006248338084685     
   16.474380160317615        1.0009352106938203     
   16.492454082599917        1.0010817627315924     
   16.510528004882218        1.0011136055320218     
   16.528601927164519        1.0012406472467588     
   16.546675849446817        1.0008338060735671     
   16.564749771729119        1.0010626352202499     
   16.582823694011420        1.0009806286038176     
   16.600897616293722        1.0012177306234797     
   16.618971538576023        1.0011466399955431     
   16.637045460858324        1.0010104047758093     
   16.655119383140626        1.0008657546403588     
   16.673193305422927        1.0008701359053893     
   16.691267227705229        1.0009450297506186     
   16.709341149987530        1.0009320969533273     
   16.727415072269832        1.0007836408447897     
   16.745488994552133        1.0008297867431761     
   16.763562916834434        1.0011088157805350     
   16.781636839116736        1.0010581110718422     
   16.799710761399037        1.0011547004624402     
   16.817784683681339        1.0011448020942546     
   16.835858605963640        1.0012073018165824     
   16.853932528245942        1.0010458746526445     
   16.872006450528243        1.0010296479324068     
   16.890080372810544        1.0012005033719005     
   16.908154295092846        1.0010617390539791     
   16.926228217375147        1.0011837034164588     
   16.944302139657449        1.0010004854064700     
   16.962376061939750        1.0012209550283864     
   16.980449984222048        1.0010548767836207     
   16.998523906504349        1.0011891096057963     
   17.016597828786651        1.0013773829450650     
   17.034671751068952        1.0008890521007028     
   17.052745673351254        1.0009983797350988     
   17.070819595633555        1.0008334053505290     
   17.088893517915857        1.0015089545078044     
   17.106967440198158        1.0013127707334517     
   17.125041362480459        1.0013271486062640     
   17.143115284762761        1.0010847741808617     
   17.161189207045062        1.0011510235647243     
   17.179263129327364        1.0013498505594614     
   17.197337051609665        1.0013466903442594     
   17.215410973891967        1.0012764683522923     
   17.233484896174268        1.0010364730531709     
   17.251558818456569        1.0010152785137874     
   17.269632740738871        1.0011032173173395     
   17.287706663021172        1.0011314919478420     
   17.305780585303474        1.0011875970203881     
   17.323854507585775        1.0012115915426978     
   17.341928429868076        1.0010322968106291     
   17.360002352150378        1.0010070281684276     
   17.378076274432679        1.0011030985886200     
   17.396150196714981        1.0008387526200109     
   17.414224118997282        1.0011860274260556     
   17.432298041279580        1.0012748502630249     
   17.450371963561881        1.0008109868015258     
   17.468445885844183        1.0008478016090736     
   17.486519808126484        1.0008495322971658     
   17.504593730408786        1.0008724716814157     
   17.522667652691087        1.0010395782033161     
   17.540741574973389        1.0009794809671959     
   17.558815497255690        1.0011332488469598     
   17.576889419537991        1.0008400145235159     
   17.594963341820293        1.0010351026603217     
   17.613037264102594        1.0010003503703480     
   17.631111186384896        1.0008736153093838     
   17.649185108667197        1.0009015459658062     
   17.667259030949499        1.0007666202158667     
   17.685332953231800        1.0008875725431086     
   17.703406875514101        1.0008221901028280     
   17.721480797796403        1.0010267660264343     
   17.739554720078704        1.0006598520929733     
   17.757628642361006        1.0006312851188273     
   17.775702564643307        1.0006740468315727     
   17.793776486925609        1.0008425483526295     
   17.811850409207910        1.0012716714540499     
   17.829924331490211        1.0012219956575377     
   17.847998253772513        1.0008049087516537     
   17.866072176054811        1.0009308829857393     
   17.884146098337112        1.0008613488609570     
   17.902220020619414        1.0008990425785222     
   17.920293942901715        1.0012990494369083     
   17.938367865184016        1.0009828852024036     
   17.956441787466318        1.0011000817953730     
   17.974515709748619        1.0012276270333662     
   17.992589632030921        1.0009904618674152     
   18.010663554313222        1.0007655325926368     
   18.028737476595524        1.0010166758346049     
   18.046811398877825        1.0007999708329876     
   18.064885321160126        1.0008800931331934     
