   1.2780193008453877E-002   0.0000000000000000     
   3.8340579025361629E-002   0.0000000000000000     
   6.3900965042269386E-002   0.0000000000000000     
   8.9461351059177130E-002   0.0000000000000000     
  0.11502173707608489        0.0000000000000000     
  0.14058212309299264        0.0000000000000000     
  0.16614250910990039        0.0000000000000000     
  0.19170289512680816        0.0000000000000000     
  0.21726328114371590        0.0000000000000000     
  0.24282366716062365        0.0000000000000000     
  0.26838405317753145        0.0000000000000000     
  0.29394443919443919        0.0000000000000000     
  0.31950482521134693        0.0000000000000000     
  0.34506521122825468        0.0000000000000000     
  0.37062559724516247        0.0000000000000000     
  0.39618598326207022        0.0000000000000000     
  0.42174636927897796        0.0000000000000000     
  0.44730675529588571        0.0000000000000000     
  0.47286714131279345        0.0000000000000000     
  0.49842752732970125        0.0000000000000000     
  0.52398791334660899        0.0000000000000000     
  0.54954829936351668        0.0000000000000000     
  0.57510868538042448        0.0000000000000000     
  0.60066907139733228        0.0000000000000000     
  0.62622945741423997        0.0000000000000000     
  0.65178984343114776        0.0000000000000000     
  0.67735022944805545        0.0000000000000000     
  0.70291061546496325        0.0000000000000000     
  0.72847100148187105        0.0000000000000000     
  0.75403138749877874        0.0000000000000000     
  0.77959177351568654        0.0000000000000000     
  0.80515215953259422        0.0000000000000000     
  0.83071254554950202        3.1909421977599939E-005
  0.85627293156640982        1.0432475946557137E-003
  0.88183331758331751        1.2802383816186808E-002
  0.90739370360022531        7.3350547842691780E-002
  0.93295408961713300       0.24492994781182884     
  0.95851447563404080       0.53878803733801750     
  0.98407486165094860       0.90115875176229154     
   1.0096352476678563        1.2482034849565509     
   1.0351956336847641        1.5076979306349039     
   1.0607560197016719        1.6692531792841228     
   1.0863164057185795        1.7548674836747737     
   1.1118767917354873        1.7733041414359914     
   1.1374371777523951        1.7401943103288302     
   1.1629975637693029        1.6885326488332368     
   1.1885579497862107        1.6312849645930170     
   1.2141183358031182        1.5577588645436040     
   1.2396787218200260        1.4895633983732341     
   1.2652391078369338        1.4282107726017419     
   1.2907994938538416        1.3684583088200937     
   1.3163598798707494        1.3074318720931066     
   1.3419202658876570        1.2596223052709619     
   1.3674806519045648        1.2177559905232764     
   1.3930410379214726        1.1793479382918746     
   1.4186014239383804        1.1420025660168101     
   1.4441618099552882        1.1139966078823602     
   1.4697221959721958        1.0852549799593110     
   1.4952825819891036        1.0518799135262569     
   1.5208429680060114        1.0317628702001620     
   1.5464033540229192        1.0135210377067794     
   1.5719637400398270       0.99835462537158592     
   1.5975241260567346       0.97954854343321918     
   1.6230845120736423       0.96606440863705079     
   1.6486448980905501       0.95237293714100346     
   1.6742052841074579       0.94119263777501005     
   1.6997656701243657       0.93155406839541532     
   1.7253260561412733       0.92661664116012210     
   1.7508864421581811       0.92198839300813962     
   1.7764468281750889       0.91743513733195980     
   1.8020072141919967       0.91662383225970823     
   1.8275676002089045       0.91497801792706024     
   1.8531279862258121       0.91316876370388278     
   1.8786883722427199       0.91288460592232701     
   1.9042487582596277       0.91687462324463442     
   1.9298091442765355       0.92242372902422443     
   1.9553695302934433       0.92824258262861892     
   1.9809299163103509       0.93697560611507125     
   2.0064903023272587       0.94925916728080806     
   2.0320506883441665       0.96100672969861067     
   2.0576110743610743       0.97205018126309239     
   2.0831714603779821       0.98220166661426400     
   2.1087318463948899       0.98970988419859940     
   2.1342922324117977       0.99944274427292734     
   2.1598526184287050        1.0076197724976610     
   2.1854130044456128        1.0101631027131242     
   2.2109733904625206        1.0184887118553123     
   2.2365337764794284        1.0230482515331707     
   2.2620941624963362        1.0230530258419923     
   2.2876545485132440        1.0256729290775810     
   2.3132149345301518        1.0262364520895055     
   2.3387753205470596        1.0248790208663778     
   2.3643357065639674        1.0285209613430746     
   2.3898960925808752        1.0251627877632947     
   2.4154564785977826        1.0245017983023947     
   2.4410168646146904        1.0215611827312148     
   2.4665772506315982        1.0202118421450574     
   2.4921376366485060        1.0173787373858159     
   2.5176980226654138        1.0166246275774169     
   2.5432584086823216        1.0159638458215186     
   2.5688187946992294        1.0193282284399701     
   2.5943791807161372        1.0157122691329423     
   2.6199395667330450        1.0134841794621317     
   2.6454999527499528        1.0088532951772007     
   2.6710603387668601        1.0037036925023788     
   2.6966207247837679        1.0012910452671935     
   2.7221811108006757       0.99983319939240922     
   2.7477414968175835       0.99735963179657161     
   2.7733018828344913       0.99496415753088652     
   2.7988622688513991       0.99627575442694039     
   2.8244226548683069       0.99396817096571211     
   2.8499830408852147       0.99289808163971705     
   2.8755434269021225       0.99208116037145055     
   2.9011038129190303       0.98916066387911616     
   2.9266641989359377       0.98897394069377498     
   2.9522245849528455       0.98969910958858687     
   2.9777849709697533       0.99134562491331113     
   3.0033453569866611       0.99175583363052988     
   3.0289057430035689       0.99328894141802770     
   3.0544661290204767       0.99069329277303331     
   3.0800265150373844       0.99178720442078327     
   3.1055869010542922       0.99260363185282952     
   3.1311472870712000       0.99170172478351115     
   3.1567076730881078       0.99144253527665038     
   3.1822680591050152       0.99270519333007423     
   3.2078284451219230       0.99281564407304290     
   3.2333888311388308       0.99369414759887997     
   3.2589492171557386       0.99617993188121978     
   3.2845096031726464       0.99406801480942009     
   3.3100699891895542       0.99648849712714194     
   3.3356303752064620       0.99827746397005135     
   3.3611907612233698        1.0017750098173266     
   3.3867511472402776        1.0023880120418438     
   3.4123115332571849        1.0003110209780040     
   3.4378719192740927        1.0015287501939236     
   3.4634323052910005       0.99905097410069565     
   3.4889926913079083        1.0017074124541023     
   3.5145530773248161        1.0002750357982468     
   3.5401134633417239       0.99938823599390669     
   3.5656738493586317       0.99928506578831910     
   3.5912342353755395        1.0018206608907070     
   3.6167946213924473        1.0019128343917494     
   3.6423550074093551        1.0055195167356783     
   3.6679153934262625        1.0033218957869856     
   3.6934757794431703        1.0033866950772867     
   3.7190361654600781        1.0019295878747705     
   3.7445965514769859        1.0022118333606622     
   3.7701569374938937        1.0038148713875414     
   3.7957173235108015        1.0036238963286748     
   3.8212777095277093        1.0020876498830655     
   3.8468380955446171        1.0004340038933175     
   3.8723984815615249       0.99974272632482686     
   3.8979588675784327       0.99961814491834222     
   3.9235192535953400       0.99948167458929815     
   3.9490796396122478        1.0012264254942447     
   3.9746400256291556        1.0010600264204750     
   4.0002004116460634        1.0017565436430813     
   4.0257607976629712        1.0013531672202731     
   4.0513211836798790        1.0023805876551017     
   4.0768815696967868        1.0058918622931501     
   4.1024419557136946        1.0030213862155708     
   4.1280023417306024        1.0034324758870297     
   4.1535627277475102       0.99953264859166069     
   4.1791231137644180        1.0001027616460070     
   4.2046834997813258       0.99918506478644165     
   4.2302438857982336       0.99934747175691407     
   4.2558042718151414        1.0001245559122192     
   4.2813646578320492       0.99738742101550837     
   4.3069250438489561       0.99681227852195220     
   4.3324854298658639       0.99654004933671791     
   4.3580458158827717        1.0004612071566432     
   4.3836062018996795       0.99903706828954197     
   4.4091665879165873       0.99953882699568264     
   4.4347269739334951       0.99824700050815762     
   4.4602873599504029       0.99854071906596098     
   4.4858477459673107        1.0014252082274671     
   4.5114081319842185        1.0007375067838407     
   4.5369685180011263       0.99950309417490857     
   4.5625289040180341       0.99980004239726894     
   4.5880892900349419       0.99754003940427771     
   4.6136496760518497       0.99835304653681134     
   4.6392100620687575       0.99828059671324754     
   4.6647704480856653       0.99887436158741372     
   4.6903308341025731       0.99965719793441599     
   4.7158912201194809       0.99962326270253721     
   4.7414516061363887       0.99998494873648069     
   4.7670119921532965       0.99671834194185771     
   4.7925723781702043       0.99461434301750995     
   4.8181327641871112       0.99783733401172847     
   4.8436931502040190       0.99691693981712071     
   4.8692535362209268       0.99718371647572168     
   4.8948139222378346       0.99832500777343203     
   4.9203743082547424       0.99879665155763642     
   4.9459346942716502       0.99912139468419336     
   4.9714950802885580       0.99827191143079241     
   4.9970554663054658       0.99697385897450952     
   5.0226158523223736       0.99869516185948082     
   5.0481762383392814       0.99682683462632027     
   5.0737366243561892       0.99707181968917902     
   5.0992970103730970       0.99703260216089074     
   5.1248573963900048       0.99964512254029514     
   5.1504177824069126        1.0013253816785344     
   5.1759781684238204        1.0002834812302235     
   5.2015385544407282        1.0006909590414199     
   5.2270989404576360       0.99731287316260309     
   5.2526593264745438       0.99623758074820057     
   5.2782197124914516       0.99869969832951122     
   5.3037800985083585       0.99838326352300477     
   5.3293404845252663       0.99985946994196950     
   5.3549008705421741        1.0003087832140101     
   5.3804612565590819        1.0003557555423233     
   5.4060216425759897        1.0006180306071311     
   5.4315820285928975        1.0006294317357696     
   5.4571424146098053        1.0012624740502263     
   5.4827028006267131        1.0030925023855655     
   5.5082631866436209        1.0011731067930156     
   5.5338235726605287       0.99861376188392215     
   5.5593839586774365       0.99971980652093961     
   5.5849443446943443       0.99963248638223723     
   5.6105047307112521       0.99847158108249601     
   5.6360651167281599       0.99861505662243011     
   5.6616255027450677       0.99917393194559190     
   5.6871858887619755        1.0005737418856298     
   5.7127462747788833       0.99806614866613141     
   5.7383066607957911        1.0004317310237485     
   5.7638670468126989        1.0029464926062075     
   5.7894274328296067        1.0034684130505556     
   5.8149878188465136        1.0018382410842126     
   5.8405482048634214        1.0010714982715569     
   5.8661085908803292        1.0004036200881032     
   5.8916689768972370       0.99967584921761532     
   5.9172293629141448       0.99804453374506374     
   5.9427897489310526       0.99753612066308306     
   5.9683501349479604       0.99885479407577726     
   5.9939105209648682       0.99910526372712216     
   6.0194709069817760       0.99988908835234158     
   6.0450312929986838       0.99719905252145125     
   6.0705916790155916       0.99673721528210013     
   6.0961520650324994       0.99738848795777668     
   6.1217124510494072       0.99699293572792946     
   6.1472728370663150       0.99838846296122585     
   6.1728332230832228       0.99590633899710745     
   6.1983936091001306       0.99660033061420528     
   6.2239539951170384       0.99653734194616228     
   6.2495143811339462       0.99810446769472239     
   6.2750747671508540       0.99578306664861149     
   6.3006351531677618       0.99537749298222500     
   6.3261955391846687       0.99668015899634554     
   6.3517559252015765       0.99819477577180360     
   6.3773163112184843       0.99849601186797954     
   6.4028766972353921       0.99940300080123989     
   6.4284370832522999       0.99755694913430037     
   6.4539974692692077       0.99946549347545799     
   6.4795578552861155       0.99838363121576013     
   6.5051182413030233       0.99826582949345355     
   6.5306786273199311       0.99756243473974582     
   6.5562390133368389        1.0013515615303337     
   6.5817993993537467        1.0048386030421357     
   6.6073597853706545        1.0015202895726705     
   6.6329201713875623       0.99860800453685539     
   6.6584805574044701       0.99788813375239027     
   6.6840409434213779        1.0009266034540993     
   6.7096013294382857       0.99846863651328943     
   6.7351617154551935       0.99884020081392200     
   6.7607221014721013       0.99850399257796707     
   6.7862824874890091       0.99900855526500532     
   6.8118428735059160        1.0003506505154640     
   6.8374032595228238        1.0000745958287771     
   6.8629636455397316       0.99834060766119137     
   6.8885240315566394       0.99946513914778068     
   6.9140844175735472       0.99957382059335409     
   6.9396448035904550        1.0006324317952486     
   6.9652051896073628       0.99974388311022233     
   6.9907655756242706        1.0001923732659537     
   7.0163259616411784        1.0006005715047237     
   7.0418863476580862        1.0001584693793719     
   7.0674467336749940        1.0007172394321677     
   7.0930071196919018       0.99903268831844783     
   7.1185675057088096       0.99960749996070830     
   7.1441278917257174        1.0006616633076055     
   7.1696882777426252       0.99987414424949372     
   7.1952486637595330       0.99851161623488827     
   7.2208090497764408       0.99919687110949995     
   7.2463694357933486        1.0012629597908353     
   7.2719298218102564        1.0021083311482344     
   7.2974902078271642        1.0020930717878298     
   7.3230505938440711        1.0012160582707152     
   7.3486109798609789        1.0005781677395862     
   7.3741713658778867        1.0006276826219038     
   7.3997317518947945        1.0023322049199206     
   7.4252921379117023        1.0014182504804092     
   7.4508525239286101        1.0016632467177526     
   7.4764129099455179       0.99975055448884309     
   7.5019732959624257        1.0035018806175280     
   7.5275336819793335        1.0046546341552560     
   7.5530940679962413        1.0025168026171616     
   7.5786544540131491        1.0020072118896985     
   7.6042148400300569        1.0002632027412475     
   7.6297752260469647        1.0009927147041195     
   7.6553356120638725       0.99941297813773367     
   7.6808959980807803       0.99978223973666702     
   7.7064563840976881       0.99999529922624564     
   7.7320167701145959       0.99994468625509403     
   7.7575771561315037       0.99985340294247815     
   7.7831375421484115       0.99962989425802018     
   7.8086979281653193       0.99851336660434042     
   7.8342583141822262       0.99917439479609427     
   7.8598187001991340       0.99966924167181748     
   7.8853790862160418        1.0005088069411583     
   7.9109394722329496       0.99982941446403484     
   7.9364998582498574        1.0015678500236027     
   7.9620602442667652        1.0006843390202451     
   7.9876206302836730        1.0017279402411121     
   8.0131810163005799        1.0017321278973359     
   8.0387414023174877        1.0010734962390484     
   8.0643017883343955       0.99911376233242777     
   8.0898621743513033       0.99885650255886560     
   8.1154225603682111        1.0004084441350238     
   8.1409829463851189        1.0012525403878152     
   8.1665433324020267        1.0020134518467159     
   8.1921037184189345       0.99939699820401162     
   8.2176641044358423       0.99950284429835234     
   8.2432244904527501       0.99939097570533220     
   8.2687848764696579       0.99992703721079279     
   8.2943452624865657        1.0005901858365351     
   8.3199056485034735        1.0004830170528025     
   8.3454660345203813       0.99985591204869761     
   8.3710264205372891       0.99834345994548002     
   8.3965868065541969       0.99937555807023282     
   8.4221471925711047       0.99981220514924329     
   8.4477075785880125       0.99959730451491469     
   8.4732679646049203       0.99893290162053183     
   8.4988283506218281       0.99919477339787521     
   8.5243887366387359        1.0006964325730681     
   8.5499491226556437       0.99945556325058049     
   8.5755095086725497       0.99965511419506947     
   8.6010698946894575       0.99996226984233916     
   8.6266302807063653       0.99913498628408492     
   8.6521906667232731       0.99956379822070285     
   8.6777510527401809       0.99923986014227162     
   8.7033114387570887       0.99816919507030022     
   8.7288718247739965       0.99737993153026738     
   8.7544322107909043       0.99768653247696082     
   8.7799925968078121       0.99933453985109344     
   8.8055529828247199       0.99985404269813649     
   8.8311133688416277        1.0005203186259268     
   8.8566737548585355       0.99989787656052054     
   8.8822341408754433        1.0003871002691862     
   8.9077945268923511        1.0004569084329009     
   8.9333549129092589        1.0011645740368518     
   8.9589152989261667        1.0007095390852623     
   8.9844756849430745       0.99998801919245395     
   9.0100360709599823       0.99957420778500061     
   9.0355964569768901        1.0000977017193133     
   9.0611568429937979        1.0013858686092150     
   9.0867172290107057        1.0011653177290307     
   9.1122776150276135        1.0036458411103506     
   9.1378380010445213        1.0070926868637795     
   9.1633983870614291        1.0025753245725946     
   9.1889587730783369        1.0015369668152905     
   9.2145191590952447        1.0013023708037665     
   9.2400795451121525        1.0025854984627469     
   9.2656399311290603        1.0021896691370689     
   9.2912003171459681        1.0039879579629085     
   9.3167607031628759        1.0042155317906349     
   9.3423210891797837        1.0034164373188197     
   9.3678814751966915        1.0016935877328501     
   9.3934418612135993        1.0011396418138934     
   9.4190022472305071        1.0000469566020431     
   9.4445626332474149       0.99940111009570243     
   9.4701230192643227        1.0005977403121991     
   9.4956834052812304        1.0005116373884293     
   9.5212437912981382        1.0002063357278579     
   9.5468041773150460       0.99936373284139857     
   9.5723645633319538       0.99958816246542892     
   9.5979249493488599       0.99975892250941012     
   9.6234853353657677       0.99805160730737474     
   9.6490457213826755       0.99701925119610868     
   9.6746061073995833       0.99867472268321500     
   9.7001664934164911       0.99864523705620101     
   9.7257268794333989       0.99954857562831212     
   9.7512872654503067       0.99962432942140989     
   9.7768476514672145        1.0006518809527198     
   9.8024080374841223        1.0005356103998810     
   9.8279684235010301        1.0024749072612411     
   9.8535288095179379        1.0018732415282541     
   9.8790891955348457        1.0003648165953118     
   9.9046495815517535       0.99981773354371639     
   9.9302099675686613       0.99995362626941287     
   9.9557703535855691       0.99894206868207347     
   9.9813307396024769       0.99793409849920556     
   10.006891125619385       0.99839666583383702     
   10.032451511636292       0.99778864218220020     
   10.058011897653200       0.99783994011802957     
   10.083572283670108       0.99803556123744341     
   10.109132669687016       0.99822311334538050     
   10.134693055703924       0.99745871401898134     
   10.160253441720831       0.99805194304035216     
   10.185813827737739       0.99796921423222851     
   10.211374213754647       0.99683634476753524     
   10.236934599771555       0.99809811650687874     
   10.262494985788463       0.99940087102388508     
   10.288055371805370       0.99988966547486424     
   10.313615757822278       0.99995350421201845     
   10.339176143839186        1.0010912585889620     
   10.364736529856094       0.99887924671556227     
   10.390296915873002       0.99924129241216053     
   10.415857301889909       0.99806340960007556     
   10.441417687906817       0.99768311209730676     
   10.466978073923725       0.99860130879896503     
   10.492538459940633       0.99986669632065572     
   10.518098845957541       0.99902031897705423     
   10.543659231974448       0.99863007608681853     
   10.569219617991356        1.0002047289273959     
   10.594780004008262        1.0004299908068004     
   10.620340390025170        1.0006706414882898     
   10.645900776042078        1.0012032014496275     
   10.671461162058986       0.99881107146990555     
   10.697021548075893       0.99911680744442954     
   10.722581934092801       0.99929006320130032     
   10.748142320109709       0.99927407375892219     
   10.773702706126617       0.99945302341747955     
   10.799263092143525       0.99801773651048109     
   10.824823478160432       0.99986985169102527     
   10.850383864177340       0.99912145528595542     
   10.875944250194248       0.99800196899298466     
   10.901504636211156        1.0000827894717108     
   10.927065022228064        1.0000103830220175     
   10.952625408244971        1.0027764844728777     
   10.978185794261879        1.0026112191039909     
   11.003746180278787        1.0022725538893991     
   11.029306566295695        1.0013516786539345     
   11.054866952312603        1.0020418395332784     
   11.080427338329510        1.0015135347179975     
   11.105987724346418        1.0026634204152431     
   11.131548110363326       0.99995651049281253     
   11.157108496380234       0.99877494127389266     
   11.182668882397142       0.99962903328005348     
   11.208229268414049       0.99806526562391129     
   11.233789654430957       0.99720800763152895     
   11.259350040447865       0.99781664390713254     
   11.284910426464773       0.99702584440115460     
   11.310470812481681       0.99810649213085290     
   11.336031198498588       0.99894773053987873     
   11.361591584515496       0.99851201944841406     
   11.387151970532404       0.99907388493389004     
   11.412712356549312       0.99853671801230992     
   11.438272742566220       0.99933100600190294     
   11.463833128583127        1.0004200357432989     
   11.489393514600035        1.0004759308590983     
   11.514953900616943        1.0014581374865321     
   11.540514286633851        1.0031429830719276     
   11.566074672650759        1.0016021843982035     
   11.591635058667665        1.0021276578830702     
   11.617195444684572        1.0009066479418438     
   11.642755830701480       0.99960789808417716     
   11.668316216718388        1.0011281798047102     
   11.693876602735296        1.0036058810761337     
   11.719436988752204        1.0016022366331112     
   11.744997374769111        1.0006484318430373     
   11.770557760786019       0.99990640597269420     
   11.796118146802927       0.99919433681023961     
   11.821678532819835       0.99878514019730125     
   11.847238918836743       0.99975150110067512     
   11.872799304853650       0.99828236805539639     
   11.898359690870558       0.99761800238559739     
   11.923920076887466       0.99938539738257914     
   11.949480462904374        1.0002357274857270     
   11.975040848921282        1.0005305852849673     
   12.000601234938189       0.99940566200555836     
   12.026161620955097       0.99977971907512297     
   12.051722006972005        1.0001110591451066     
   12.077282392988913        1.0012965406588183     
   12.102842779005821        1.0014007541963510     
   12.128403165022728        1.0008536636923973     
   12.153963551039636        1.0014021998155747     
   12.179523937056544        1.0006175629119902     
   12.205084323073452        1.0000490533022397     
   12.230644709090360        1.0012384382646977     
   12.256205095107267        1.0016299846909293     
   12.281765481124175       0.99972715461507555     
   12.307325867141083       0.99808228484374673     
   12.332886253157991       0.99837025613590014     
   12.358446639174899        1.0004171361910126     
   12.384007025191806       0.99935938141830982     
   12.409567411208714       0.99943852204077188     
   12.435127797225622       0.99978507474805955     
   12.460688183242530        1.0001874299307303     
   12.486248569259438       0.99961200996972122     
   12.511808955276345        1.0001848934739250     
   12.537369341293253       0.99976215052252593     
   12.562929727310161        1.0003018026479100     
   12.588490113327069       0.99888749191189752     
   12.614050499343975       0.99948262742062777     
   12.639610885360883       0.99946109147096018     
   12.665171271377790       0.99929564755834055     
   12.690731657394698       0.99970025885586400     
   12.716292043411606       0.99995607539695963     
   12.741852429428514        1.0005803363724601     
   12.767412815445422        1.0013065300920456     
   12.792973201462329        1.0012540500172564     
   12.818533587479237        1.0011409827190376     
   12.844093973496145        1.0027545222908523     
   12.869654359513053        1.0019468666596196     
   12.895214745529961        1.0039910798351273     
   12.920775131546868        1.0044259739175228     
   12.946335517563776        1.0029576421471971     
   12.971895903580684        1.0020813657295000     
   12.997456289597592        1.0021717642435488     
   13.023016675614500        1.0025357780067328     
   13.048577061631407        1.0020368268962654     
   13.074137447648315        1.0027139406067285     
   13.099697833665223        1.0023859579738328     
   13.125258219682131        1.0030690446153321     
   13.150818605699039        1.0029035041112280     
   13.176378991715946        1.0039645652327021     
   13.201939377732854        1.0018296333511341     
   13.227499763749762        1.0017309734552793     
   13.253060149766670        1.0028097579217559     
   13.278620535783578        1.0030519494907109     
   13.304180921800485        1.0032730869753199     
   13.329741307817393        1.0003859860795055     
   13.355301693834301        1.0005284149300195     
   13.380862079851209        1.0002810321209243     
   13.406422465868117       0.99937400066441218     
   13.431982851885024       0.99827524552249869     
   13.457543237901932       0.99796973298214497     
   13.483103623918840       0.99856501276166143     
   13.508664009935748       0.99802561761059061     
   13.534224395952656       0.99858407277526562     
   13.559784781969563       0.99890016956281802     
   13.585345167986471       0.99932570923607600     
   13.610905554003377       0.99996329395609940     
   13.636465940020285       0.99909082062687637     
   13.662026326037193       0.99883977116397193     
   13.687586712054101       0.99969546530008746     
   13.713147098071008       0.99999783681392118     
   13.738707484087916        1.0010457636987238     
   13.764267870104824        1.0007552025421889     
   13.789828256121732        1.0009457054431457     
   13.815388642138640        1.0011028855661817     
   13.840949028155547        1.0015548019921106     
   13.866509414172455        1.0006925310824242     
   13.892069800189363        1.0010321060892917     
   13.917630186206271        1.0015420385155722     
   13.943190572223179        1.0016881297538200     
   13.968750958240086        1.0017706849467458     
   13.994311344256994        1.0014752417479094     
   14.019871730273902        1.0006242498469256     
   14.045432116290810        1.0001154981380265     
   14.070992502307718       0.99956903402744579     
   14.096552888324625       0.99941680900034657     
   14.122113274341533        1.0005111040910541     
   14.147673660358441        1.0001089085395383     
   14.173234046375349        1.0000908177536152     
   14.198794432392257        1.0003255687192787     
   14.224354818409164       0.99972424044474761     
   14.249915204426072        1.0006790725612009     
   14.275475590442980        1.0002558520730340     
   14.301035976459888       0.99916742572370709     
   14.326596362476796       0.99912919052851279     
   14.352156748493703       0.99928021807015166     
   14.377717134510611        1.0003058918870467     
   14.403277520527519        1.0002222228092330     
   14.428837906544427        1.0002378711240263     
   14.454398292561335        1.0002600660448286     
   14.479958678578242        1.0000632383477199     
   14.505519064595150        1.0008407493402296     
   14.531079450612058        1.0009015341687089     
   14.556639836628966        1.0002102170120613     
   14.582200222645874        1.0012406008225858     
   14.607760608662781        1.0010483159850074     
   14.633320994679687       0.99969610565089573     
   14.658881380696595        1.0010306715986581     
   14.684441766713503        1.0030927586405745     
   14.710002152730411        1.0044820172904974     
   14.735562538747319        1.0032249760924050     
   14.761122924764226        1.0012778646680944     
   14.786683310781134        1.0008974611789754     
   14.812243696798042       0.99957848803194871     
   14.837804082814950       0.99939687111535080     
   14.863364468831858        1.0002736226845965     
   14.888924854848765       0.99930558771855804     
   14.914485240865673        1.0003479788925531     
   14.940045626882581        1.0005291249744575     
   14.965606012899489        1.0010353818089133     
   14.991166398916397        1.0013577864631553     
   15.016726784933304        1.0001784952925756     
   15.042287170950212        1.0006318395264981     
   15.067847556967120        1.0014576544351108     
   15.093407942984028        1.0000894191008651     
   15.118968329000936       0.99965767040833664     
   15.144528715017843       0.99945999474241032     
   15.170089101034751       0.99987980213459993     
   15.195649487051659        1.0003276778786705     
   15.221209873068567       0.99914871849890141     
   15.246770259085475       0.99941359461857859     
   15.272330645102382       0.99927334915739363     
   15.297891031119290       0.99907361889412361     
   15.323451417136198        1.0004186356489755     
   15.349011803153106       0.99955691781936229     
   15.374572189170014       0.99977908641041346     
   15.400132575186921       0.99957588387243057     
   15.425692961203829       0.99884408662207003     
   15.451253347220737        1.0003893719672499     
   15.476813733237645       0.99988781126168802     
   15.502374119254553        1.0003574195501959     
   15.527934505271460       0.99977493959040753     
   15.553494891288368        1.0001504768797995     
   15.579055277305276        1.0009212283174220     
   15.604615663322184        1.0020607905422103     
   15.630176049339090        1.0011096242277433     
   15.655736435355998       0.99988456393126413     
   15.681296821372905       0.99994211071065564     
   15.706857207389813        1.0011441979889246     
   15.732417593406721        1.0001329692829726     
   15.757977979423629        1.0004300466084897     
   15.783538365440537        1.0003780131521021     
   15.809098751457444       0.99942272695298107     
   15.834659137474352       0.99970712436629405     
   15.860219523491260       0.99966569982492348     
   15.885779909508168        1.0002196104415795     
   15.911340295525076       0.99966021707848374     
   15.936900681541983        1.0000912727939597     
   15.962461067558891        1.0011886827005128     
   15.988021453575799       0.99952323492957695     
   16.013581839592707       0.99965912297366721     
   16.039142225609616       0.99955923638661170     
   16.064702611626522       0.99978076732131915     
   16.090262997643432       0.99998627334010093     
   16.115823383660338       0.99994160895478101     
   16.141383769677244       0.99947191760967591     
   16.166944155694154        1.0004718223387303     
   16.192504541711060        1.0002795980420593     
   16.218064927727969        1.0007406140840256     
   16.243625313744875        1.0002908988048440     
   16.269185699761785        1.0006947260716730     
   16.294746085778691        1.0007688446261755     
   16.320306471795600        1.0027698527046212     
   16.345866857812506        1.0009493061757366     
   16.371427243829416       0.99988539940508803     
   16.396987629846322       0.99984715461961537     
   16.422548015863232        1.0010962698659760     
   16.448108401880138        1.0003658583935717     
   16.473668787897047        1.0004115231916115     
   16.499229173913953        1.0009907569204470     
   16.524789559930863        1.0015858439376031     
   16.550349945947769        1.0023390958069158     
   16.575910331964678        1.0009135658545434     
   16.601470717981584        1.0022569507432724     
   16.627031103998494        1.0014009302871434     
   16.652591490015400        1.0003008090293262     
   16.678151876032310        1.0001325628410775     
   16.703712262049216        1.0000083133362985     
   16.729272648066125        1.0006063423803842     
   16.754833034083031        1.0017031182255491     
   16.780393420099941        1.0000689290792839     
   16.805953806116847       0.99988985455156520     
   16.831514192133756        1.0027950897007207     
   16.857074578150662        1.0019455321524069     
   16.882634964167572        1.0009327436865409     
   16.908195350184478        1.0010260751438895     
   16.933755736201388        1.0012061592996317     
   16.959316122218294        1.0009250819862792     
   16.984876508235203        1.0007746972714835     
   17.010436894252109        1.0005608737355871     
   17.035997280269019        1.0003620067853325     
   17.061557666285925        1.0003253144869095     
   17.087118052302834       0.99972591372192321     
   17.112678438319740        1.0006303698838275     
   17.138238824336646       0.99998590134801568     
   17.163799210353556       0.99986365645435316     
   17.189359596370462        1.0006924742311534     
   17.214919982387372        1.0012487496240829     
   17.240480368404278        1.0009927958295399     
   17.266040754421187        1.0016495338171834     
   17.291601140438093        1.0014593555279867     
   17.317161526455003        1.0019639157624078     
   17.342721912471909        1.0006248956432406     
   17.368282298488818        1.0007474949949924     
   17.393842684505724        1.0002641114837685     
   17.419403070522634        1.0000440355902973     
   17.444963456539540        1.0004918154264582     
   17.470523842556450       0.99964754071807305     
   17.496084228573356       0.99891511992959203     
   17.521644614590265       0.99846501519131747     
   17.547205000607171       0.99903998431443464     
   17.572765386624081       0.99810438286403069     
   17.598325772640987       0.99799421541085653     
   17.623886158657896       0.99847005234454822     
   17.649446544674802       0.99788477626063277     
   17.675006930691712       0.99778995161908746     
   17.700567316708618       0.99991208041819024     
   17.726127702725528       0.99986724384278469     
   17.751688088742434       0.99938173149870280     
   17.777248474759343       0.99986623028549482     
   17.802808860776249       0.99880901528736998     
   17.828369246793159       0.99899454136647714     
   17.853929632810065       0.99950022934990512     
   17.879490018826974       0.99924732407444017     
   17.905050404843880       0.99939856387960824     
   17.930610790860790        1.0016864622502140     
   17.956171176877696        1.0018540238380862     
   17.981731562894606        1.0026604427918582     
   18.007291948911512        1.0023502337936709     
   18.032852334928421        1.0020144449318171     
   18.058412720945327        1.0018268348612089     
   18.083973106962237        1.0026851664332301     
   18.109533492979143        1.0016562235518112     
   18.135093878996049        1.0013148282623976     
   18.160654265012958        1.0006313845285437     
   18.186214651029864        1.0014352645830695     
   18.211775037046774        1.0013599388422159     
   18.237335423063680        1.0017146175499143     
   18.262895809080590        1.0027767529136338     
   18.288456195097496        1.0018165947925679     
   18.314016581114405        1.0014749820104103     
   18.339576967131311        1.0025804186610479     
   18.365137353148221        1.0014419574048716     
   18.390697739165127        1.0011714748160516     
   18.416258125182036        1.0012545292754043     
   18.441818511198942        1.0012867583881542     
   18.467378897215852        1.0007751794009245     
   18.492939283232758        1.0010420542239060     
   18.518499669249668        1.0009387455292806     
   18.544060055266574        1.0014114986686204     
   18.569620441283483        1.0007670978519811     
   18.595180827300389        1.0011767777212051     
   18.620741213317299        1.0018716087846571     
   18.646301599334205        1.0011541668771615     
   18.671861985351114        1.0000904484391446     
   18.697422371368020        1.0014805785590355     
   18.722982757384930        1.0015462768742671     
   18.748543143401836        1.0015955368212717     
   18.774103529418745        1.0009333366721556     
   18.799663915435652        1.0017408899219378     
   18.825224301452561        1.0004538326613817     
   18.850784687469467        1.0003979996655061     
   18.876345073486377        1.0000336584910181     
   18.901905459503283        1.0002716410311827     
   18.927465845520192        1.0005860072672168     
   18.953026231537098        1.0008024632756232     
   18.978586617554008        1.0004550436163762     
   19.004147003570914        1.0011690478697444     
   19.029707389587823        1.0005036392301636     
   19.055267775604730        1.0010711287353318     
   19.080828161621639        1.0006518597057747     
   19.106388547638545        1.0014103377175332     
   19.131948933655455       0.99994165576116278     
   19.157509319672361        1.0009602931606891     
   19.183069705689267        1.0000187292173111     
   19.208630091706176       0.99955866273210614     
   19.234190477723082        1.0005180709087409     
   19.259750863739992        1.0001447204292324     
   19.285311249756898        1.0005721780505112     
   19.310871635773807       0.99989185322944907     
   19.336432021790714        1.0004901467925442     
   19.361992407807623        1.0012937243250788     
   19.387552793824529        1.0023631632457906     
   19.413113179841439        1.0020561473549168     
   19.438673565858345        1.0009677489358053     
   19.464233951875254        1.0007005506164894     
   19.489794337892160        1.0005944058372409     
   19.515354723909070        1.0001921597136627     
   19.540915109925976        1.0004024831566520     
   19.566475495942885       0.99999584876243741     
   19.592035881959792       0.99990754828999096     
   19.617596267976701        1.0008976110152890     
   19.643156653993607        1.0013184609497785     
   19.668717040010517        1.0019937412394513     
   19.694277426027423        1.0016330389779631     
   19.719837812044332        1.0013980142554177     
   19.745398198061238        1.0022649584229006     
   19.770958584078148        1.0011953868972721     
   19.796518970095054        1.0000577441894096     
   19.822079356111963       0.99974278458235644     
   19.847639742128869       0.99979631370046740     
   19.873200128145779       0.99992039834407920     
   19.898760514162685        1.0013094127538884     
   19.924320900179595       0.99980041878839765     
   19.949881286196501        1.0000250030006315     
   19.975441672213410        1.0001001222406924     
   20.001002058230316       0.99998327691513256     
   20.026562444247226       0.99930670626264140     
   20.052122830264132       0.99996820223636951     
   20.077683216281041        1.0010680531997302     
   20.103243602297947        1.0014753627674147     
   20.128803988314857        1.0005210201450321     
   20.154364374331763        1.0027875893136875     
   20.179924760348669        1.0023285578038170     
   20.205485146365579        1.0015515026204880     
   20.231045532382485        1.0011684352194417     
   20.256605918399394        1.0001179076550539     
   20.282166304416300        1.0009440479681375     
   20.307726690433210        1.0011055413145873     
   20.333287076450116        1.0010726450301424     
   20.358847462467025        1.0012118277393878     
   20.384407848483932        1.0011318067793158     
   20.409968234500841        1.0036610560393708     
   20.435528620517747        1.0020020279594217     
   20.461089006534657        1.0015163431518530     
   20.486649392551563        1.0010929420909203     
   20.512209778568472        1.0015680860056060     
   20.537770164585378        1.0015099025213903     
   20.563330550602288        1.0017259198055601     
   20.588890936619194        1.0017652749858974     
   20.614451322636103        1.0024245803164116     
   20.640011708653009        1.0019133009076875     
   20.665572094669919        1.0018930179386294     
   20.691132480686825        1.0018658671034579     
   20.716692866703735        1.0008288530131912     
   20.742253252720641        1.0009341980920350     
   20.767813638737550        1.0023788413944283     
   20.793374024754456        1.0014374445672405     
   20.818934410771366        1.0032457625255780     
   20.844494796788272        1.0012534221800999     
   20.870055182805181       0.99977350356629890     
   20.895615568822087        1.0005201212723711     
   20.921175954838997       0.99986878482093744     
   20.946736340855903        1.0004614806624572     
   20.972296726872813        1.0001553400581311     
   20.997857112889719        1.0005969029756476     
   21.023417498906628        1.0010922395338764     
   21.048977884923534        1.0009229593503988     
   21.074538270940444        1.0004645442000828     
   21.100098656957350       0.99888839987456368     
   21.125659042974259       0.99862465508263842     
   21.151219428991165       0.99878263642676091     
   21.176779815008071       0.99987790545636646     
   21.202340201024981        1.0000847539122879     
   21.227900587041887       0.99966312642948252     
   21.253460973058797        1.0000306259181835     
   21.279021359075703        1.0004709887449639     
   21.304581745092612       0.99987361196355151     
   21.330142131109518       0.99985416823345152     
   21.355702517126428        1.0012707618723982     
   21.381262903143334        1.0020692973423060     
   21.406823289160243        1.0012515853406405     
   21.432383675177149        1.0012237885901569     
   21.457944061194059       0.99996789690848997     
   21.483504447210965        1.0002358449330397     
   21.509064833227875        1.0004398112755186     
   21.534625219244781       0.99966913759347520     
   21.560185605261690       0.99883144102987687     
   21.585745991278596       0.99923074011782831     
   21.611306377295506       0.99954249956431307     
   21.636866763312412       0.99997627851909898     
   21.662427149329321        1.0001795965912397     
   21.687987535346227       0.99914737908205642     
   21.713547921363137       0.99974501922361814     
   21.739108307380043        1.0001556690817053     
   21.764668693396953        1.0002552727720062     
   21.790229079413859        1.0012188360250500     
   21.815789465430768        1.0010881643088232     
   21.841349851447674        1.0004299859756809     
   21.866910237464584        1.0014812463999367     
   21.892470623481490        1.0024893689261287     
   21.918031009498399        1.0035097738257130     
   21.943591395515305        1.0027018094961195     
   21.969151781532215        1.0044019142663283     
   21.994712167549121        1.0042531801493881     
   22.020272553566031        1.0023067055809323     
   22.045832939582937        1.0033889808551635     
   22.071393325599846        1.0028747934099767     
   22.096953711616752        1.0032726535743610     
   22.122514097633662        1.0025469855035936     
   22.148074483650568        1.0021271077619023     
   22.173634869667474        1.0020288187604931     
   22.199195255684383        1.0034167854144762     
   22.224755641701289        1.0025480643805456     
   22.250316027718199        1.0022746235727136     
   22.275876413735105        1.0015124958645383     
   22.301436799752015        1.0014075109092324     
   22.326997185768921       0.99959705521197995     
   22.352557571785830       0.99970997594534206     
   22.378117957802736       0.99941527877629988     
   22.403678343819646        1.0003317642737266     
   22.429238729836552       0.99938016882789493     
   22.454799115853461       0.99958029624188083     
   22.480359501870367       0.99863301622613376     
   22.505919887887277       0.99894743124227070     
   22.531480273904183       0.99944889712824947     
   22.557040659921093        1.0003428966119725     
   22.582601045937999        1.0014317193306952     
   22.608161431954908       0.99933492129020829     
   22.633721817971814       0.99958141793604482     
   22.659282203988724       0.99910299839335837     
   22.684842590005630       0.99884054671190747     
   22.710402976022539       0.99868641826280358     
   22.735963362039445       0.99920989994497433     
   22.761523748056355       0.99928023341813510     
   22.787084134073261        1.0003168547610335     
   22.812644520090171        1.0007228771819938     
   22.838204906107077        1.0016094355548422     
   22.863765292123986        1.0021487513815417     
   22.889325678140892        1.0018686826779655     
   22.914886064157802        1.0005868860632379     
   22.940446450174708        1.0004367482885685     
   22.966006836191617        1.0008212277616850     
   22.991567222208523        1.0005727034757892     
   23.017127608225433        1.0008441230002307     
   23.042687994242339        1.0003881382481183     
   23.068248380259249        1.0004515197318502     
   23.093808766276155        1.0014804226657059     
   23.119369152293064        1.0011816365009949     
   23.144929538309970        1.0011056957010673     
   23.170489924326876        1.0011657178955227     
   23.196050310343786        1.0016705992033239     
   23.221610696360692        1.0012730376388170     
   23.247171082377601        1.0010566236396676     
   23.272731468394507        1.0003703934046173     
   23.298291854411417       0.99945197569175226     
   23.323852240428323       0.99939612871947392     
   23.349412626445233       0.99969562557147285     
   23.374973012462139        1.0009386478584623     
   23.400533398479048        1.0003175775011419     
   23.426093784495954        1.0007259795027981     
   23.451654170512864       0.99971540871924569     
   23.477214556529770       0.99935693450465257     
   23.502774942546679        1.0000247921703125     
   23.528335328563585       0.99934646188104326     
   23.553895714580495       0.99964622604988562     
   23.579456100597401       0.99950443685776491     
   23.605016486614311        1.0004078716892117     
   23.630576872631217        1.0005657452074039     
   23.656137258648126        1.0002275523655417     
   23.681697644665032        1.0011745169889368     
   23.707258030681942        1.0018555633419115     
   23.732818416698848        1.0038775636757451     
   23.758378802715757        1.0034310472204353     
   23.783939188732663        1.0032272288046593     
   23.809499574749573        1.0034644994779227     
   23.835059960766479        1.0023062121280988     
   23.860620346783389        1.0008726730601509     
   23.886180732800295       0.99984847947982292     
   23.911741118817204        1.0001921083874936     
   23.937301504834110        1.0008921317119150     
   23.962861890851020        1.0008936492579241     
   23.988422276867926        1.0007244388122478     
   24.013982662884835        1.0013738640158860     
   24.039543048901741        1.0002510285810038     
   24.065103434918651       0.99960697432885426     
   24.090663820935557       0.99905638396385454     
   24.116224206952467       0.99987068689591607     
   24.141784592969373        1.0003342129339798     
   24.167344978986282        1.0000154838757955     
   24.192905365003188        1.0000760935241819     
   24.218465751020094       0.99996758159074184     
   24.244026137037004       0.99993900473572794     
   24.269586523053910        1.0003544726461819     
   24.295146909070819        1.0003943950123941     
   24.320707295087725       0.99992066448004124     
   24.346267681104635        1.0015378282936560     
   24.371828067121541        1.0012548802458439     
   24.397388453138451        1.0004389490543479     
   24.422948839155357       0.99972566369267635     
   24.448509225172266        1.0001237855627734     
   24.474069611189172        1.0014361764163673     
   24.499629997206082        1.0016765302973247     
   24.525190383222988        1.0010040547271970     
   24.550750769239897        1.0012940244330202     
   24.576311155256803        1.0013082448101016     
   24.601871541273713        1.0006114191231419     
   24.627431927290619        1.0000541346542184     
   24.652992313307529       0.99920887730090646     
   24.678552699324435       0.99969469326244675     
   24.704113085341344       0.99960480416419673     
   24.729673471358250       0.99959827975898141     
   24.755233857375160       0.99987370677342646     
   24.780794243392066        1.0001074898345514     
   24.806354629408975        1.0011999288774660     
   24.831915015425881        1.0023821356686151     
   24.857475401442791        1.0003083805850579     
   24.883035787459697        1.0005451242259695     
   24.908596173476607        1.0003246302945126     
   24.934156559493513       0.99980543146197154     
   24.959716945510422        1.0003133072904111     
   24.985277331527328        1.0001953640330035     
   25.010837717544238        1.0003841683932309     
   25.036398103561144        1.0003401892435788     
   25.061958489578053        1.0001696953866734     
   25.087518875594959       0.99994397160712933     
   25.113079261611869       0.99897540453119293     
   25.138639647628775       0.99929081313349832     
   25.164200033645685       0.99998690587228101     
   25.189760419662591        1.0004779630322314     
   25.215320805679497        1.0011770127528281     
   25.240881191696406        1.0002235481650503     
   25.266441577713312        1.0006633571033656     
   25.292001963730222        1.0003142401342653     
   25.317562349747128        1.0006123522880839     
   25.343122735764037        1.0014891084228972     
   25.368683121780943        1.0022326502665015     
   25.394243507797853        1.0010634220928873     
   25.419803893814759        1.0021226967475783     
   25.445364279831669        1.0004363061131647     
   25.470924665848575       0.99954110899151882     
   25.496485051865484       0.99994010232020347     
   25.522045437882390       0.99959932250606220     
   25.547605823899300       0.99974553599583049     
