   1.2780192754534262E-002   0.0000000000000000     
   3.8340578263602786E-002   0.0000000000000000     
   6.3900963772671307E-002   0.0000000000000000     
   8.9461349281739835E-002   0.0000000000000000     
  0.11502173479080836        0.0000000000000000     
  0.14058212029987688        0.0000000000000000     
  0.16614250580894541        0.0000000000000000     
  0.19170289131801393        0.0000000000000000     
  0.21726327682708246        0.0000000000000000     
  0.24282366233615099        0.0000000000000000     
  0.26838404784521946        0.0000000000000000     
  0.29394443335428799        0.0000000000000000     
  0.31950481886335652        0.0000000000000000     
  0.34506520437242505        0.0000000000000000     
  0.37062558988149358        0.0000000000000000     
  0.39618597539056211        0.0000000000000000     
  0.42174636089963063        0.0000000000000000     
  0.44730674640869916        0.0000000000000000     
  0.47286713191776769        0.0000000000000000     
  0.49842751742683622        0.0000000000000000     
  0.52398790293590469        0.0000000000000000     
  0.54954828844497328        0.0000000000000000     
  0.57510867395404175        0.0000000000000000     
  0.60066905946311033        0.0000000000000000     
  0.62622944497217881        0.0000000000000000     
  0.65178983048124739        0.0000000000000000     
  0.67735021599031586        0.0000000000000000     
  0.70291060149938445        0.0000000000000000     
  0.72847098700845292        0.0000000000000000     
  0.75403137251752150        0.0000000000000000     
  0.77959175802658998        0.0000000000000000     
  0.80515214353565856        0.0000000000000000     
  0.83071252904472703        3.1909421977600075E-007
  0.85627291455379551        5.8818113645277852E-005
  0.88183330006286409        2.1558745416692194E-003
  0.90739368557193256        2.4542008342874705E-002
  0.93295407108100115       0.12859980069456178     
  0.95851445659006962       0.38530786585062010     
  0.98407484209913820       0.78171923669046195     
   1.0096352276082068        1.2147976726548904     
   1.0351956131172753        1.5827464880709867     
   1.0607559986263440        1.8325375552746981     
   1.0863163841354124        1.9612258094551482     
   1.1118767696444809        1.9954618468498708     
   1.1374371551535494        1.9664370957563608     
   1.1629975406626181        1.8981980644259042     
   1.1885579261716865        1.8113020887688622     
   1.2141183116807550        1.7202841311680697     
   1.2396786971898235        1.6267471188313334     
   1.2652390826988920        1.5415080117262729     
   1.2907994682079607        1.4613243311949782     
   1.3163598537170291        1.3876196763924178     
   1.3419202392260976        1.3230626882865377     
   1.3674806247351661        1.2651837695996060     
   1.3930410102442348        1.2127181238406100     
   1.4186013957533032        1.1687944928843323     
   1.4441617812623717        1.1285935870852197     
   1.4697221667714402        1.0933351809081071     
   1.4952825522805089        1.0633421324497372     
   1.5208429377895774        1.0365634818488401     
   1.5464033232986458        1.0108692592547470     
   1.5719637088077143       0.98983120367944732     
   1.5975240943167830       0.97112001423958660     
   1.6230844798258515       0.95328362986279991     
   1.6486448653349199       0.93835097242058874     
   1.6742052508439884       0.92633154305989585     
   1.6997656363530569       0.91667207779815074     
   1.7253260218621256       0.90738424161900055     
   1.7508864073711941       0.90137973940700167     
   1.7764467928802625       0.89511679230049246     
   1.8020071783893310       0.89231861790113121     
   1.8275675638983997       0.89230535831217994     
   1.8531279494074682       0.89301182391210654     
   1.8786883349165366       0.89386457166432243     
   1.9042487204256051       0.89832857807903710     
   1.9298091059346738       0.90515681173580909     
   1.9553694914437423       0.91410052493854033     
   1.9809298769528108       0.92772439561523745     
   2.0064902624618792       0.94066256575530405     
   2.0320506479709479       0.95641654931272080     
   2.0576110334800162       0.97221327606648300     
   2.0831714189890849       0.98784643357393631     
   2.1087318044981536        1.0027638450087115     
   2.1342921900072218        1.0161939965962612     
   2.1598525755162905        1.0278011318844888     
   2.1854129610253588        1.0366115536776619     
   2.2109733465344275        1.0431760448451155     
   2.2365337320434961        1.0476810033380979     
   2.2620941175525644        1.0512604861442199     
   2.2876545030616331        1.0514724543724030     
   2.3132148885707018        1.0517211058765767     
   2.3387752740797700        1.0509502740747481     
   2.3643356595888387        1.0492477350127858     
   2.3898960450979070        1.0466879709127568     
   2.4154564306069757        1.0433845617484154     
   2.4410168161160444        1.0389390957064768     
   2.4665772016251126        1.0350078939150988     
   2.4921375871341813        1.0315271623611946     
   2.5176979726432496        1.0269846612306479     
   2.5432583581523183        1.0248047761048775     
   2.5688187436613870        1.0204449470818315     
   2.5943791291704552        1.0171688477921115     
   2.6199395146795239        1.0142073870542918     
   2.6454999001885926        1.0109947411106652     
   2.6710602856976609        1.0070905493904738     
   2.6966206712067295        1.0045705020843037     
   2.7221810567157978        1.0018205496531694     
   2.7477414422248665       0.99944889006936100     
   2.7733018277339352       0.99781448503003101     
   2.7988622132430034       0.99510534888392588     
   2.8244225987520721       0.99525796857228965     
   2.8499829842611408       0.99297965099397478     
   2.8755433697702091       0.99150815224452260     
   2.9011037552792778       0.99035615669915356     
   2.9266641407883460       0.98992169232924032     
   2.9522245262974147       0.98967504629287772     
   2.9777849118064834       0.98991991741735585     
   3.0033452973155517       0.98979937191973677     
   3.0289056828246204       0.99092970416701642     
   3.0544660683336886       0.99199607837040260     
   3.0800264538427573       0.99285283347016728     
   3.1055868393518260       0.99355806498764410     
   3.1311472248608943       0.99539102051915884     
   3.1567076103699629       0.99722821731415456     
   3.1822679958790316       0.99811179635816860     
   3.2078283813880999       0.99917457529669318     
   3.2333887668971686       0.99974949014075820     
   3.2589491524062368        1.0009394912093954     
   3.2845095379153055        1.0010439731790068     
   3.3100699234243742        1.0022320267598674     
   3.3356303089334425        1.0036282766961424     
   3.3611906944425112        1.0045272702600623     
   3.3867510799515794        1.0037069127412075     
   3.4123114654606481        1.0040386748729735     
   3.4378718509697168        1.0039375734794287     
   3.4634322364787851        1.0047235567894939     
   3.4889926219878538        1.0039599137464592     
   3.5145530074969225        1.0042197713705259     
   3.5401133930059907        1.0038889850861348     
   3.5656737785150594        1.0039227514421607     
   3.5912341640241277        1.0047316518500276     
   3.6167945495331963        1.0045634474691534     
   3.6423549350422650        1.0044094663190839     
   3.6679153205513333        1.0044525400010731     
   3.6934757060604020        1.0027465191996821     
   3.7190360915694702        1.0030320748522503     
   3.7445964770785389        1.0032837176744087     
   3.7701568625876076        1.0023846478274878     
   3.7957172480966759        1.0022591024165084     
   3.8212776336057446        1.0023732392097671     
   3.8468380191148133        1.0020266603903549     
   3.8723984046238815        1.0005276717775604     
   3.8979587901329502       0.99973273112956118     
   3.9235191756420185       0.99984184049666658     
   3.9490795611510872       0.99984153592706981     
   3.9746399466601559       0.99956313081086634     
   4.0002003321692241       0.99955288201970860     
   4.0257607176782928       0.99946407878930665     
   4.0513211031873615        1.0001801310278391     
   4.0768814886964302        1.0008565805124592     
   4.1024418742054980       0.99994840450250733     
   4.1280022597145667        1.0000851281262026     
   4.1535626452236354        1.0004302606318902     
   4.1791230307327041        1.0005045812862183     
   4.2046834162417728       0.99992607139692036     
   4.2302438017508406       0.99938162255066920     
   4.2558041872599093        1.0005064915702273     
   4.2813645727689780        1.0006974567962310     
   4.3069249582780467        1.0011324639169015     
   4.3324853437871154        1.0008291792357684     
   4.3580457292961832        1.0009409901137121     
   4.3836061148052519        1.0010872951667888     
   4.4091665003143206        1.0004389316704665     
   4.4347268858233893        1.0002253570833717     
   4.4602872713324579        1.0009604178490055     
   4.4858476568415266        1.0006762231838005     
   4.5114080423505944        1.0011159000994241     
   4.5369684278596631        1.0013528519069517     
   4.5625288133687318        1.0005455609037959     
   4.5880891988778005        1.0013914177527761     
   4.6136495843868692        1.0016179063360398     
   4.6392099698959370        1.0016310025113804     
   4.6647703554050057        1.0009476216409809     
   4.6903307409140744        1.0009417347569993     
   4.7158911264231431        1.0003707863119313     
   4.7414515119322118        1.0002030380244544     
   4.7670118974412796        1.0006647717854456     
   4.7925722829503483        1.0005273886577901     
   4.8181326684594170        1.0003453595629328     
   4.8436930539684857        1.0015358075999308     
   4.8692534394775544        1.0016556879630467     
   4.8948138249866222        1.0028324927310703     
   4.9203742104956909        1.0017455007005167     
   4.9459345960047596        1.0020089665039575     
   4.9714949815138283        1.0012335200385907     
   4.9970553670228970        1.0003177950172202     
   5.0226157525319648        1.0006651464554179     
   5.0481761380410335        1.0000212303121458     
   5.0737365235501022       0.99993472177632325     
   5.0992969090591709        1.0009745593960078     
   5.1248572945682396        1.0009911749552531     
   5.1504176800773083        1.0007556955626018     
   5.1759780655863761        1.0007267779507567     
   5.2015384510954448        1.0000730569972687     
   5.2270988366045135        1.0001253493309983     
   5.2526592221135822        1.0006781999461856     
   5.2782196076226509        1.0005562549459373     
   5.3037799931317187        1.0001178212566220     
   5.3293403786407874        1.0000508652567097     
   5.3549007641498561        1.0003305143680876     
   5.3804611496589247        1.0013099950584348     
   5.4060215351679934        1.0008013664551276     
   5.4315819206770612       0.99982701864047308     
   5.4571423061861299       0.99990667484401075     
   5.4827026916951986        1.0001183025192002     
   5.5082630772042673        1.0000840774598920     
   5.5338234627133360       0.99985128369895138     
   5.5593838482224038        1.0001900340328873     
   5.5849442337314725        1.0009361396104954     
   5.6105046192405412        1.0009958562267300     
   5.6360650047496099        1.0002573680032023     
   5.6616253902586786        1.0005788036731476     
   5.6871857757677473        1.0009264342170043     
   5.7127461612768151        1.0012958247618000     
   5.7383065467858838        1.0012182769551601     
   5.7638669322949525        1.0016116104033095     
   5.7894273178040212        1.0010507671661266     
   5.8149877033130899        1.0012055228312706     
   5.8405480888221577        1.0013918737558689     
   5.8661084743312264        1.0013682857117217     
   5.8916688598402951        1.0019036079356092     
   5.9172292453493638        1.0016056907106539     
   5.9427896308584325        1.0014074849643710     
   5.9683500163675003        1.0013875651563446     
   5.9939104018765690        1.0013727683443550     
   6.0194707873856377        1.0016384766822024     
   6.0450311728947064        1.0011409185394471     
   6.0705915584037751        1.0006011775726493     
   6.0961519439128429        1.0006418876646102     
   6.1217123294219116        1.0007435285509487     
   6.1472727149309803        1.0006568347762475     
   6.1728331004400490        1.0006138871333359     
   6.1983934859491177        1.0005677869509801     
   6.2239538714581855        1.0002636744476583     
   6.2495142569672542        1.0001535550448946     
   6.2750746424763229        1.0000784225359958     
   6.3006350279853915        1.0003125763535246     
   6.3261954134944602        1.0003335299588481     
   6.3517557990035289        1.0005293416342775     
   6.3773161845125967        1.0006424896219228     
   6.4028765700216654        1.0006403061535725     
   6.4284369555307341        1.0002287605618754     
   6.4539973410398028        1.0002413758098696     
   6.4795577265488715       0.99975360906599275     
   6.5051181120579393        1.0005000438420568     
   6.5306784975670080       0.99979220707363958     
   6.5562388830760767       0.99936635696204157     
   6.5817992685851454       0.99959794518261602     
   6.6073596540942141        1.0000784404298813     
   6.6329200396032819       0.99987808868118633     
   6.6584804251123506       0.99955486820624284     
   6.6840408106214193       0.99999507712838898     
   6.7096011961304880       0.99963938408867103     
   6.7351615816395567       0.99963407029773343     
   6.7607219671486245       0.99924055734323902     
   6.7862823526576932       0.99999057523797619     
   6.8118427381667619       0.99950773589416342     
   6.8374031236758306        1.0003058884408824     
   6.8629635091848993        1.0004384352672360     
   6.8885238946939680        1.0000775602850607     
   6.9140842802030358        1.0001830575730539     
   6.9396446657121045        1.0001114208647710     
   6.9652050512211732        1.0002643521298855     
   6.9907654367302419        1.0001213529263182     
   7.0163258222393106        1.0005565580078171     
   7.0418862077483784        1.0003116751431447     
   7.0674465932574471        1.0003057175231855     
   7.0930069787665158        1.0007447840425701     
   7.1185673642755845        1.0008203157919151     
   7.1441277497846531        1.0014178424004989     
   7.1696881352937210        1.0011759178432318     
   7.1952485208027896        1.0006424259818660     
   7.2208089063118583        1.0008205156865253     
   7.2463692918209270        1.0009841068976539     
   7.2719296773299957        1.0007655164972213     
   7.2974900628390635        1.0009913221543700     
   7.3230504483481322        1.0006020413575176     
   7.3486108338572009        1.0008897896051512     
   7.3741712193662696        1.0007257086980215     
   7.3997316048753383        1.0005504026367467     
   7.4252919903844061        1.0010396981879357     
   7.4508523758934748        1.0006388913291615     
   7.4764127614025435        1.0008867780956348     
   7.5019731469116122        1.0011390178181705     
   7.5275335324206809        1.0016975273439312     
   7.5530939179297496        1.0009495667673818     
   7.5786543034388174        1.0009466513996605     
   7.6042146889478861        1.0005896575797857     
   7.6297750744569548        1.0002299485673147     
   7.6553354599660235        1.0000835501125249     
   7.6808958454750922        1.0007068935519321     
   7.7064562309841600        1.0009722646542398     
   7.7320166164932287        1.0010649126635844     
   7.7575770020022974        1.0006416681750050     
   7.7831373875113661        1.0000648448298557     
   7.8086977730204348        1.0005288879027507     
   7.8342581585295026        1.0006562516952699     
   7.8598185440385713        1.0007257237195601     
   7.8853789295476400        1.0010040727176575     
   7.9109393150567087        1.0009335191269226     
   7.9364997005657774        1.0008991241130558     
   7.9620600860748452        1.0007371406624870     
   7.9876204715839139        1.0007515144813441     
   8.0131808570929817        1.0006823359049797     
   8.0387412426020504        1.0005367660641731     
   8.0643016281111191        1.0009948606851844     
   8.0898620136201878        1.0002278742409019     
   8.1154223991292564        1.0002722059784890     
   8.1409827846383251        1.0004310681357025     
   8.1665431701473921        1.0004052194758479     
   8.1921035556564608       0.99999195460377865     
   8.2176639411655295        1.0005037406365356     
   8.2432243266745981        1.0001917438866679     
   8.2687847121836668       0.99992851185025022     
   8.2943450976927355        1.0005453798946986     
   8.3199054832018042        1.0004183085682852     
   8.3454658687108729        1.0006747258970008     
   8.3710262542199416        1.0003571856197977     
   8.3965866397290103        1.0005425856827725     
   8.4221470252380790        1.0001936655837598     
   8.4477074107471459        1.0002248725719500     
   8.4732677962562146        1.0003721416867066     
   8.4988281817652833       0.99992629569711600     
   8.5243885672743520        1.0002400967426335     
   8.5499489527834207        1.0004369687651236     
   8.5755093382924894        1.0002419241853204     
   8.6010697238015581        1.0001437315656689     
   8.6266301093106268        1.0002280588977128     
   8.6521904948196955        1.0004793181867289     
   8.6777508803287642        1.0007285474648884     
   8.7033112658378311        1.0002883227436086     
   8.7288716513468998        1.0001765821288269     
   8.7544320368559685       0.99998289286500652     
   8.7799924223650372        1.0002989266531865     
   8.8055528078741059        1.0001266274302425     
   8.8311131933831746        1.0006161900455630     
   8.8566735788922433        1.0004704273651206     
   8.8822339644013120        1.0007176749939370     
   8.9077943499103807        1.0006223910615233     
   8.9333547354194494        1.0005000865729532     
   8.9589151209285180        1.0003584193678190     
   8.9844755064375850        1.0003536589552779     
   9.0100358919466537        1.0009400623042604     
   9.0355962774557224        1.0007867646998299     
   9.0611566629647911        1.0000670080927592     
   9.0867170484738597       0.99999757201152528     
   9.1122774339829284        1.0006083572751379     
   9.1378378194919971        1.0007957685564337     
   9.1633982050010658        1.0003314068448061     
   9.1889585905101345        1.0002849702434822     
   9.2145189760192032       0.99990871684104510     
   9.2400793615282701        1.0001177062989686     
   9.2656397470373388        1.0004121976984794     
   9.2912001325464075        1.0007658371435608     
   9.3167605180554762        1.0011383911103149     
   9.3423209035645449        1.0006182014526699     
   9.3678812890736136        1.0006134363858612     
   9.3934416745826823        1.0004863105084669     
   9.4190020600917510        1.0007220984902438     
   9.4445624456008197        1.0009225655847609     
   9.4701228311098884        1.0006787174681306     
   9.4956832166189553        1.0005224127235139     
   9.5212436021280240        1.0004640546372388     
   9.5468039876370927        1.0001632518156749     
   9.5723643731461614       0.99998924984078486     
   9.5979247586552301        1.0000909185880162     
   9.6234851441642988        1.0000492557771004     
   9.6490455296733675        1.0003205239184536     
   9.6746059151824362        1.0006002771515188     
   9.7001663006915049        1.0010110095894600     
   9.7257266862005736        1.0005191566755356     
   9.7512870717096423        1.0008430539628017     
   9.7768474572187092        1.0008840730943931     
   9.8024078427277779        1.0010080591383381     
   9.8279682282368466        1.0010357051911751     
   9.8535286137459153        1.0005751861079892     
   9.8790889992549840        1.0006846538546723     
   9.9046493847640527        1.0006498942127737     
   9.9302097702731214        1.0001534297639698     
   9.9557701557821900        1.0006430538760407     
   9.9813305412912587        1.0002975774965073     
   10.006890926800327        1.0005386438567760     
   10.032451312309394        1.0003779799910812     
   10.058011697818463        1.0009546139317920     
   10.083572083327532        1.0004367735512514     
   10.109132468836600        1.0006925919837497     
   10.134692854345669        1.0005186968102893     
   10.160253239854738        1.0002259781179530     
   10.185813625363807        1.0001447421705745     
   10.211374010872875       0.99993894698852881     
   10.236934396381944        1.0001506592018810     
   10.262494781891013       0.99994385970971245     
   10.288055167400081       0.99948986420090158     
   10.313615552909148        1.0001791121289449     
   10.339175938418217        1.0001477297188228     
   10.364736323927286        1.0005183070291561     
   10.390296709436354        1.0005398704776640     
   10.415857094945423        1.0003938212466399     
   10.441417480454492        1.0003882929071257     
   10.466977865963560        1.0003956819615039     
   10.492538251472629        1.0002431692001748     
   10.518098636981698        1.0002073010095085     
   10.543659022490766        1.0003792693756430     
   10.569219407999833       0.99977673946433643     
   10.594779793508902        1.0003936875844492     
   10.620340179017971        1.0002809030337751     
   10.645900564527039        1.0008369326162077     
   10.671460950036108        1.0005192955622606     
   10.697021335545177        1.0002103379982927     
   10.722581721054246        1.0003356482449579     
   10.748142106563314        1.0007321673974572     
   10.773702492072383        1.0009745558812357     
   10.799262877581452        1.0007173717926174     
   10.824823263090520        1.0007726905472945     
   10.850383648599587        1.0008067143867945     
   10.875944034108656        1.0015409751160589     
   10.901504419617725        1.0012553073546737     
   10.927064805126793        1.0012427696839528     
   10.952625190635862        1.0012082909032054     
   10.978185576144931        1.0006816184668845     
   11.003745961653999        1.0006227311496383     
   11.029306347163068        1.0009509399443774     
   11.054866732672137        1.0008387823901810     
   11.080427118181206        1.0009686436132121     
   11.105987503690272        1.0007617290244706     
   11.131547889199341        1.0007773446536496     
   11.157108274708410        1.0010142699433315     
   11.182668660217479        1.0009541659325243     
   11.208229045726547        1.0006905196263860     
   11.233789431235616        1.0006807183747972     
   11.259349816744685        1.0007148452284005     
   11.284910202253753        1.0005861535167571     
   11.310470587762822        1.0003160194929090     
   11.336030973271891        1.0002917647469567     
   11.361591358780959        1.0003272527823965     
   11.387151744290026       0.99996221494940696     
   11.412712129799095        1.0002033242531581     
   11.438272515308164        1.0004632164690701     
   11.463832900817232        1.0008163600133555     
   11.489393286326301        1.0006370379457279     
   11.514953671835370        1.0005570610959615     
   11.540514057344438        1.0009137601092355     
   11.566074442853507        1.0006270765363707     
   11.591634828362576        1.0006719831228787     
   11.617195213871645        1.0004447757330401     
   11.642755599380711        1.0009972118999135     
   11.668315984889780        1.0008437106280330     
   11.693876370398849        1.0006360920968447     
   11.719436755907918        1.0002304951232164     
   11.744997141416986        1.0006226352107346     
   11.770557526926055        1.0004209930409904     
   11.796117912435124        1.0006650690348322     
   11.821678297944192        1.0006273780677430     
   11.847238683453261        1.0005490834711179     
   11.872799068962330        1.0005281473350007     
   11.898359454471397        1.0003547614314487     
   11.923919839980465        1.0003484257898874     
   11.949480225489534        1.0007571837516107     
   11.975040610998603        1.0004398511670805     
   12.000600996507671        1.0006536194495110     
   12.026161382016740        1.0009331327762196     
   12.051721767525809        1.0004536726052935     
   12.077282153034878        1.0009279631983348     
   12.102842538543946        1.0006789324084941     
   12.128402924053015        1.0004414857546544     
   12.153963309562084        1.0007580908529135     
   12.179523695071151        1.0006234174370969     
   12.205084080580219        1.0005817852787824     
   12.230644466089288        1.0011715985287177     
   12.256204851598357        1.0009948607537520     
   12.281765237107425        1.0005430513074156     
   12.307325622616494        1.0004328379059217     
   12.332886008125563        1.0003623712700231     
   12.358446393634631        1.0003869146355602     
   12.384006779143700        1.0001771039890825     
   12.409567164652769        1.0004824563621342     
   12.435127550161836        1.0008558113080519     
   12.460687935670904        1.0009858887603791     
   12.486248321179973        1.0008442068333443     
   12.511808706689042        1.0007068749040497     
   12.537369092198110        1.0007483582108518     
   12.562929477707179        1.0003398034259787     
   12.588489863216248        1.0007673537094535     
   12.614050248725317        1.0004795883308266     
   12.639610634234385        1.0008338435157846     
   12.665171019743454        1.0007417497191520     
   12.690731405252523        1.0007796745867956     
   12.716291790761590        1.0003563686729917     
   12.741852176270658        1.0006193430003840     
   12.767412561779727        1.0004559779012208     
   12.792972947288796        1.0006662743203225     
   12.818533332797864        1.0006246465951070     
   12.844093718306933        1.0006209313347860     
   12.869654103816002        1.0008219644721197     
   12.895214489325070        1.0009067574840029     
   12.920774874834139        1.0007130664849402     
   12.946335260343208        1.0007416587905573     
   12.971895645852275        1.0007812548423274     
   12.997456031361343        1.0007956508107287     
   13.023016416870412        1.0007809852620180     
   13.048576802379481        1.0004227164445232     
   13.074137187888550        1.0006602651804142     
   13.099697573397618        1.0007367047116351     
   13.125257958906687        1.0008009915669804     
   13.150818344415756        1.0003584129556902     
   13.176378729924824        1.0007774732115449     
   13.201939115433893        1.0010282187966917     
   13.227499500942962        1.0005390101002052     
   13.253059886452029        1.0003841064378232     
   13.278620271961097        1.0004021760409829     
   13.304180657470166        1.0005694286255160     
   13.329741042979235        1.0006619046792014     
   13.355301428488303        1.0005567578252428     
   13.380861813997372        1.0003189683702063     
   13.406422199506441        1.0006302919464392     
   13.431982585015509        1.0003044418721949     
   13.457542970524578        1.0008785919501986     
   13.483103356033647        1.0010040313587705     
   13.508663741542714        1.0008512769266584     
   13.534224127051782        1.0009336759064935     
   13.559784512560851        1.0008811717415771     
   13.585344898069920        1.0005678547799881     
   13.610905283578989        1.0003406850418888     
   13.636465669088057        1.0007823011055932     
   13.662026054597126        1.0007164257610122     
   13.687586440106195        1.0007714667999987     
   13.713146825615263        1.0005395416293983     
   13.738707211124332        1.0005289913518711     
   13.764267596633401        1.0005702849234441     
   13.789827982142468        1.0006124826540070     
   13.815388367651536        1.0006494396917840     
   13.840948753160605        1.0003355954241773     
   13.866509138669674        1.0007115708610557     
   13.892069524178742        1.0005630933616501     
   13.917629909687811        1.0009265851728657     
   13.943190295196880        1.0009818669057891     
   13.968750680705948        1.0009666769917220     
   13.994311066215017        1.0006043418278472     
   14.019871451724086        1.0004706861172374     
   14.045431837233153        1.0008173181460218     
   14.070992222742222        1.0009195430727591     
   14.096552608251290        1.0006454244467975     
   14.122112993760359        1.0005877054740522     
   14.147673379269428        1.0007872201226602     
   14.173233764778496        1.0007795016306031     
   14.198794150287565        1.0004246257899192     
   14.224354535796634        1.0010018228864965     
   14.249914921305702        1.0009039695949258     
   14.275475306814771        1.0005286247818150     
   14.301035692323840        1.0003084285197468     
   14.326596077832907        1.0006883828064306     
   14.352156463341975        1.0003167940803155     
   14.377716848851044        1.0002459362104288     
   14.403277234360113        1.0002327314001420     
   14.428837619869181        1.0001046245567173     
   14.454398005378250        1.0000333441000537     
   14.479958390887319        1.0001326195136555     
   14.505518776396388        1.0005352426302816     
   14.531079161905456        1.0007925931007611     
   14.556639547414525        1.0004763553188341     
   14.582199932923592        1.0004013942110408     
   14.607760318432661        1.0005397864426311     
   14.633320703941729        1.0007733942119275     
   14.658881089450798        1.0002856909200646     
   14.684441474959867        1.0004438517129159     
   14.710001860468935        1.0006988434288493     
   14.735562245978004        1.0011666938367620     
   14.761122631487073        1.0008881470237203     
   14.786683016996141        1.0003479737618617     
   14.812243402505210        1.0002459442118257     
   14.837803788014277        1.0002485077525782     
   14.863364173523346        1.0000389786843809     
   14.888924559032414        1.0002363746016021     
   14.914484944541483        1.0003686133786551     
   14.940045330050552        1.0004194755748546     
   14.965605715559620        1.0004099775754407     
   14.991166101068689        1.0000763456975241     
   15.016726486577758        1.0004633636020956     
   15.042286872086827        1.0004120928656468     
   15.067847257595895        1.0007433610768199     
   15.093407643104964        1.0007311294651773     
   15.118968028614031        1.0004715710605530     
   15.144528414123100        1.0001818383767191     
   15.170088799632168        1.0005870272940705     
   15.195649185141237        1.0005710590107504     
   15.221209570650306        1.0006515357282781     
   15.246769956159374        1.0004718092136029     
   15.272330341668443        1.0008019960521048     
   15.297890727177512        1.0009426939594945     
   15.323451112686580        1.0007608209529717     
   15.349011498195649        1.0002508215444219     
   15.374571883704716        1.0004635435118447     
   15.400132269213785        1.0005173760020452     
   15.425692654722853        1.0005032562767173     
   15.451253040231922        1.0002304767702757     
   15.476813425740991        1.0006213893742115     
   15.502373811250060        1.0003547179033416     
   15.527934196759128        1.0004084059607723     
   15.553494582268197        1.0001106648285956     
   15.579054967777266        1.0000315548911229     
   15.604615353286334       0.99994196833550542     
   15.630175738795403        1.0001383867406886     
   15.655736124304470        1.0003057526722623     
   15.681296509813539        1.0006136363042368     
   15.706856895322607        1.0008170316460547     
   15.732417280831676        1.0009833385296498     
   15.757977666340745        1.0009875505347601     
   15.783538051849813        1.0008786887773169     
   15.809098437358882        1.0007094144189543     
   15.834658822867951        1.0007840725088724     
   15.860219208377019        1.0005476405077791     
   15.885779593886088        1.0006233531955451     
   15.911339979395155        1.0004795997747677     
   15.936900364904224        1.0004268731666051     
   15.962460750413292        1.0002968641747823     
   15.988021135922361        1.0007449219672198     
   16.013581521431430        1.0006610368041398     
   16.039141906940497        1.0001678024579823     
   16.064702292449567        1.0005620493371095     
   16.090262677958634        1.0004297116580709     
   16.115823063467705        1.0003994598156791     
   16.141383448976772        1.0002901492149554     
   16.166943834485842        1.0002109104725867     
   16.192504219994909       0.99989777800821977     
   16.218064605503979        1.0004812111025239     
   16.243624991013046        1.0004929085432399     
   16.269185376522117        1.0002480994425365     
   16.294745762031184        1.0003471409674562     
   16.320306147540251        1.0004282171295844     
   16.345866533049321        1.0005853067419594     
   16.371426918558388        1.0003606156407046     
   16.396987304067459        1.0006218024711506     
   16.422547689576525        1.0005902671382219     
   16.448108075085596        1.0006525758310316     
   16.473668460594663        1.0006236490578084     
   16.499228846103733        1.0005427582754036     
   16.524789231612800        1.0006442482265856     
   16.550349617121871        1.0003925372886866     
   16.575910002630938        1.0003219080933241     
   16.601470388140005        1.0003404485054872     
   16.627030773649075        1.0004752639540448     
   16.652591159158142        1.0006628315846686     
   16.678151544667212        1.0005125465953812     
   16.703711930176279        1.0004587940517469     
   16.729272315685350        1.0001870832905218     
   16.754832701194417        1.0004206965676998     
   16.780393086703487        1.0005205105872230     
   16.805953472212554        1.0007272123820814     
   16.831513857721625        1.0008070442761314     
   16.857074243230691        1.0006876041931201     
   16.882634628739758        1.0004275614957994     
   16.908195014248829        1.0002819030444716     
   16.933755399757896        1.0005837220731906     
   16.959315785266966        1.0007750644197175     
   16.984876170776033        1.0004952305200621     
   17.010436556285104        1.0005085456399649     
   17.035996941794171        1.0004551784673836     
   17.061557327303241        1.0003384893734144     
   17.087117712812308        1.0001627494128131     
   17.112678098321375        1.0003701686845610     
   17.138238483830445        1.0004985520299743     
   17.163798869339512        1.0007495016873522     
   17.189359254848583        1.0005477027257905     
   17.214919640357650        1.0005875743191550     
   17.240480025866720        1.0003822933669770     
   17.266040411375787        1.0003335701233855     
   17.291600796884858        1.0004849672486809     
   17.317161182393924        1.0005760207521541     
   17.342721567902995        1.0002310282654356     
   17.368281953412062        1.0002192907489280     
   17.393842338921129        1.0000301985398292     
   17.419402724430199        1.0002553424515106     
   17.444963109939266        1.0006426862125379     
   17.470523495448337        1.0005276046770688     
   17.496083880957404        1.0002927002559323     
   17.521644266466474        1.0006606394435615     
   17.547204651975541        1.0004016776451587     
   17.572765037484611        1.0002999704008135     
   17.598325422993678        1.0002185616619357     
   17.623885808502749        1.0001804505834622     
   17.649446194011816        1.0004195338904651     
   17.675006579520883        1.0003419647463851     
   17.700566965029953        1.0004886537222046     
   17.726127350539020       0.99986579330993708     
   17.751687736048090        1.0001606958540090     
   17.777248121557157        1.0003695044960563     
   17.802808507066228        1.0000542718899086     
   17.828368892575295        1.0003508919492450     
   17.853929278084365        1.0000808620546580     
   17.879489663593432        1.0002271086925147     
   17.905050049102503        1.0001167308596206     
   17.930610434611570        1.0002757257803450     
   17.956170820120636        1.0006699049332743     
   17.981731205629707        1.0004252807663470     
   18.007291591138774        1.0004071039938813     
   18.032851976647844        1.0004163199912057     
   18.058412362156911        1.0005149183835198     
   18.083972747665982        1.0002856895271135     
   18.109533133175049        1.0006173523062318     
   18.135093518684119        1.0006998736599135     
   18.160653904193186        1.0006139129410734     
   18.186214289702253        1.0005460052769344     
   18.211774675211323        1.0007364388134243     
   18.237335060720390        1.0009429227274549     
   18.262895446229461        1.0012736818096870     
   18.288455831738528        1.0010863216926140     
   18.314016217247598        1.0007397359312487     
   18.339576602756665        1.0007187184711623     
   18.365136988265736        1.0005889732560405     
   18.390697373774803        1.0008310695816198     
   18.416257759283873        1.0004714762674503     
   18.441818144792940        1.0003889968623452     
   18.467378530302007        1.0005516776387300     
   18.492938915811077        1.0005537706034715     
   18.518499301320144        1.0007370312964541     
   18.544059686829215        1.0005794093606679     
   18.569620072338282        1.0004097167180379     
   18.595180457847352        1.0008025536698644     
   18.620740843356419        1.0010145177682024     
   18.646301228865489        1.0003648953074054     
   18.671861614374556        1.0004445807767419     
   18.697421999883627        1.0003800797397064     
   18.722982385392694        1.0004586066536529     
   18.748542770901761        1.0005685330537337     
   18.774103156410831        1.0005100003007585     
   18.799663541919898        1.0005552618337088     
   18.825223927428969        1.0006125804109824     
   18.850784312938035        1.0003104932137024     
   18.876344698447106        1.0002983641056165     
   18.901905083956173        1.0000188629614548     
   18.927465469465243        1.0000916934773549     
   18.953025854974310        1.0003137251851322     
   18.978586240483377        1.0002366821772701     
   19.004146625992448       0.99998911920349742     
   19.029707011501515        1.0003405936560679     
   19.055267397010585        1.0000428502872025     
   19.080827782519652        1.0001625608856639     
   19.106388168028722        1.0001751378664385     
   19.131948553537789        1.0001811554768314     
   19.157508939046860       0.99989000133571726     
   19.183069324555927        1.0000965257060590     
   19.208629710064997        1.0000088541476069     
   19.234190095574064        1.0001514835958356     
   19.259750481083131        1.0002726079719624     
   19.285310866592202        1.0006921301987124     
   19.310871252101268        1.0006865087066528     
   19.336431637610339        1.0004443189151635     
   19.361992023119406        1.0003454236941167     
   19.387552408628476        1.0008770213569915     
   19.413112794137543        1.0008244195086813     
   19.438673179646614        1.0010414951555098     
   19.464233565155681        1.0006258662267431     
   19.489793950664751        1.0008402663642366     
   19.515354336173818        1.0006465900044974     
   19.540914721682885        1.0007200163399399     
   19.566475107191955        1.0007658850160763     
   19.592035492701022        1.0003202601329064     
   19.617595878210093        1.0003973513121076     
   19.643156263719160        1.0005380171098792     
   19.668716649228230        1.0005129947758771     
   19.694277034737297        1.0006204656352595     
   19.719837420246368        1.0005429772011745     
   19.745397805755434        1.0008358882473121     
   19.770958191264505        1.0006738421431491     
   19.796518576773572        1.0006051947164343     
   19.822078962282639        1.0005837295216071     
   19.847639347791709        1.0004548210243449     
   19.873199733300776        1.0005305075182700     
   19.898760118809847        1.0001945073872331     
   19.924320504318914        1.0002301551935102     
   19.949880889827984        1.0001487721055053     
   19.975441275337051        1.0000762891893396     
   20.001001660846121        1.0000018975410345     
   20.026562046355188        1.0001567879257387     
   20.052122431864255        1.0003099218429941     
   20.077682817373326        1.0001744289232144     
   20.103243202882393        1.0000644652589279     
   20.128803588391463        1.0002301834911569     
   20.154363973900530        1.0000915193541475     
   20.179924359409600        1.0002599754660442     
   20.205484744918667        1.0003580942751171     
   20.231045130427738        1.0006133775769352     
   20.256605515936805        1.0009920577139635     
   20.282165901445875        1.0007709046697733     
   20.307726286954942        1.0004034888478157     
   20.333286672464009        1.0003717618968910     
   20.358847057973080        1.0004552519389731     
   20.384407443482147        1.0002427472643922     
   20.409967828991217        1.0006710482909753     
   20.435528214500284        1.0004536297436015     
   20.461088600009354        1.0003956358197998     
   20.486648985518421        1.0003624611721729     
   20.512209371027492        1.0003954952670042     
   20.537769756536559        1.0006959521405996     
   20.563330142045629        1.0002560199174533     
   20.588890527554696        1.0002504004316670     
   20.614450913063763        1.0005880585594840     
   20.640011298572833        1.0003675670149850     
   20.665571684081900        1.0005226542942016     
   20.691132069590971        1.0008172681140017     
   20.716692455100038        1.0005545225353474     
   20.742252840609108        1.0003756445990144     
   20.767813226118175        1.0002516189239039     
   20.793373611627246        1.0003775565437421     
   20.818933997136313        1.0004859961474566     
   20.844494382645383        1.0006824626471933     
   20.870054768154450        1.0004340569347983     
   20.895615153663517        1.0001149145494868     
   20.921175539172587        1.0004546423932612     
   20.946735924681654        1.0002156496188734     
   20.972296310190725        1.0002315172403700     
   20.997856695699792        1.0005582989840978     
   21.023417081208862        1.0005225205667478     
   21.048977466717929        1.0007021236761906     
   21.074537852226999        1.0004189112110613     
   21.100098237736066        1.0002377789784993     
   21.125658623245133        1.0005994033470693     
   21.151219008754204        1.0004925823359698     
   21.176779394263271        1.0006703741217020     
   21.202339779772341        1.0009874866549444     
   21.227900165281408        1.0009278480128225     
   21.253460550790479        1.0008832944106134     
   21.279020936299545        1.0008165495783894     
   21.304581321808616        1.0006073898907695     
   21.330141707317683        1.0007145707139655     
   21.355702092826753        1.0004638688344134     
   21.381262478335820        1.0006962919434044     
   21.406822863844887        1.0003306051258327     
   21.432383249353958        1.0002879025587523     
   21.457943634863025        1.0003085257119586     
   21.483504020372095        1.0001506594945866     
   21.509064405881162       0.99990478146586237     
   21.534624791390232        1.0002965412165428     
   21.560185176899299       0.99999966917948813     
   21.585745562408370       0.99971030340116773     
   21.611305947917437       0.99978635189543907     
   21.636866333426507       0.99993391419080568     
   21.662426718935574       0.99989318552624207     
   21.687987104444641       0.99995370403865635     
   21.713547489953712        1.0002783676514351     
   21.739107875462778        1.0003541424973421     
   21.764668260971849        1.0005399364818657     
   21.790228646480916        1.0003405071947622     
   21.815789031989986        1.0003657243400714     
   21.841349417499053        1.0004492343215829     
   21.866909803008124        1.0004882181011512     
   21.892470188517191        1.0000508035840125     
   21.918030574026258        1.0004592926241038     
   21.943590959535328        1.0007433375933488     
   21.969151345044395        1.0008280822083249     
   21.994711730553465        1.0010274954328404     
   22.020272116062532        1.0005867451410759     
   22.045832501571603        1.0004655404288474     
   22.071392887080670        1.0007208150424971     
   22.096953272589740        1.0006929207597051     
   22.122513658098807        1.0004101105048373     
   22.148074043607878        1.0007718973024717     
   22.173634429116944        1.0009977039518421     
   22.199194814626011        1.0008489339254063     
   22.224755200135082        1.0008102945080291     
   22.250315585644149        1.0008852303390370     
   22.275875971153219        1.0004996792773979     
   22.301436356662286        1.0006401011967359     
   22.326996742171357        1.0005625563283431     
   22.352557127680424        1.0005920607404157     
   22.378117513189494        1.0008620758416238     
   22.403677898698561        1.0006128520601760     
   22.429238284207631        1.0000629359117572     
   22.454798669716698        1.0004504554640428     
   22.480359055225765        1.0005465293864602     
   22.505919440734836        1.0002873125823382     
   22.531479826243903        1.0000632720530480     
   22.557040211752973        1.0003517336235368     
   22.582600597262040        1.0002165969843775     
   22.608160982771111        1.0002300842958574     
   22.633721368280177        1.0001879933455389     
   22.659281753789248        1.0000722394370110     
   22.684842139298315        1.0002327260293813     
   22.710402524807385        1.0000152275118044     
   22.735962910316452        1.0002240115090812     
   22.761523295825519        1.0005627476203716     
   22.787083681334590        1.0006112903173086     
   22.812644066843657        1.0003543823504171     
   22.838204452352727        1.0000485585906258     
   22.863764837861794        1.0000072216038116     
   22.889325223370864        1.0006743135477849     
   22.914885608879931        1.0001390952539029     
   22.940445994389002        1.0001464534330833     
   22.966006379898069        1.0003170810907822     
   22.991566765407136        1.0007099361618910     
   23.017127150916206        1.0007242482846781     
   23.042687536425273        1.0007478696388876     
   23.068247921934343        1.0006819932664044     
   23.093808307443410        1.0007953342626499     
   23.119368692952481        1.0005070626770562     
   23.144929078461548        1.0004439381626300     
   23.170489463970618        1.0004903672115657     
   23.196049849479685        1.0001876488135615     
   23.221610234988756        1.0005185606935130     
   23.247170620497823       0.99990640914209150     
   23.272731006006889        1.0000813389004102     
   23.298291391515960        1.0004143843380418     
   23.323851777025027        1.0002760638141888     
   23.349412162534097        1.0005096721276392     
   23.374972548043164        1.0006753070229366     
   23.400532933552235        1.0007587030401661     
   23.426093319061302        1.0009023186631607     
   23.451653704570372        1.0008269860411712     
   23.477214090079439        1.0008093212886970     
   23.502774475588510        1.0004366596942589     
   23.528334861097576        1.0003387686408178     
   23.553895246606643        1.0005603323005998     
   23.579455632115714        1.0005567369552688     
   23.605016017624781        1.0005599208623206     
   23.630576403133851        1.0009366288159527     
   23.656136788642918        1.0010479641190209     
   23.681697174151989        1.0009289702844617     
   23.707257559661056        1.0006720334197114     
   23.732817945170126        1.0005673829960227     
   23.758378330679193        1.0005599356137451     
   23.783938716188260        1.0005237720417566     
   23.809499101697330        1.0003605451391837     
   23.835059487206397        1.0002116477276768     
   23.860619872715468        1.0004434973165319     
   23.886180258224535        1.0002853414908208     
   23.911740643733605        1.0004652571327515     
   23.937301029242672        1.0002114839786826     
   23.962861414751742        1.0002857186086205     
   23.988421800260809        1.0003529992002229     
   24.013982185769880       0.99997130481740459     
   24.039542571278947        1.0002746807402163     
   24.065102956788014        1.0003785375432772     
   24.090663342297084        1.0002483659234449     
   24.116223727806151        1.0003297175436483     
   24.141784113315222        1.0003201695787391     
   24.167344498824288        1.0002472119206081     
   24.192904884333359        1.0002001567837147     
   24.218465269842426        1.0002433126740593     
   24.244025655351496        1.0004830082353378     
   24.269586040860563        1.0005249015578921     
   24.295146426369634        1.0007785476925641     
   24.320706811878701        1.0006312141992364     
   24.346267197387768        1.0004192665379468     
   24.371827582896838        1.0004536441977723     
   24.397387968405905        1.0002261922729470     
   24.422948353914975        1.0002405233016076     
   24.448508739424042        1.0000975366020279     
   24.474069124933113        1.0001814196285848     
   24.499629510442180        1.0002982896212360     
   24.525189895951250        1.0004713461328678     
   24.550750281460317        1.0006714236049197     
   24.576310666969388        1.0007615117939994     
   24.601871052478455        1.0008326434159185     
   24.627431437987521        1.0005732116962291     
   24.652991823496592        1.0003917342644533     
   24.678552209005659        1.0005602887999305     
   24.704112594514729        1.0005256113662897     
   24.729672980023796        1.0004882830099171     
   24.755233365532867        1.0003032418583404     
   24.780793751041934        1.0005681267789661     
   24.806354136551004        1.0004194492397191     
   24.831914522060071        1.0007904171703341     
   24.857474907569138        1.0004218542629186     
   24.883035293078208        1.0004294341336366     
   24.908595678587275        1.0004669554848855     
   24.934156064096346        1.0005230998766466     
   24.959716449605413        1.0003895492418646     
   24.985276835114483        1.0004289801746571     
   25.010837220623550        1.0001354974686454     
   25.036397606132621        1.0001386752984889     
   25.061957991641687        1.0004141148874801     
   25.087518377150758        1.0002539684717526     
   25.113078762659825        1.0007275492681289     
   25.138639148168892        1.0001625203035533     
   25.164199533677962        1.0002753328525018     
   25.189759919187029        1.0006687582247553     
   25.215320304696100        1.0006176751958413     
   25.240880690205167        1.0004331227860044     
   25.266441075714237        1.0003970482015745     
   25.292001461223304        1.0004175160506903     
   25.317561846732374        1.0004151179118381     
   25.343122232241441        1.0004099423919954     
   25.368682617750512        1.0003923117289824     
   25.394243003259579        1.0003179315976072     
   25.419803388768646        1.0004203082292278     
   25.445363774277716        1.0005831503562335     
   25.470924159786783        1.0005174612529264     
   25.496484545295854        1.0003860416906785     
   25.522044930804920        1.0004285831901616     
   25.547605316313991        1.0003092089912304     
